====================
0
1
0.0
0.0
1.2680264254048775e-08
0.0
0.0
1.607539941891466e-07
====================
50
1
0.005098213304006505
0.048544938917606695
0.008685244061638064
0.33427067690261836
0.5691801634114276
0.053681508245772745
====================
100
1
0.10239473533250054
0.09918275444133196
0.011441562812975814
0.5899677883441355
0.8315767951413713
0.10273451634836818
====================
150
1
0.13955566494161986
0.04660476352348342
0.03128729368272709
2.102153570048004
1.4052493667368025
0.864858635589965
====================
200
1
0.12528389612900875
0.01999201929942505
0.051233797878083555
3.0560493159108866
1.9187653056012812
1.9286459930245679
====================
250
1
0.13622961733869787
0.019479374116665005
0.044140495816837655
3.95932466166172
1.9470138452397707
1.6564432045925224
====================
300
1
0.18931791241667506
0.0016805181767285404
0.08503138780713204
3.2830714095710314
1.6263953635778012
2.4200706469938975
====================
350
1
0.1845992533812819
0.013803684378969727
0.11788606317707684
6.150617039039947
1.6265446007966173
4.3082371548234555
====================
400
1
0.16799300490046315
0.0629625707632574
0.1590274784568363
8.023687954817875
1.548283659360139
5.63587191044331
====================
450
1
0.1353026755716682
0.0007333452529325601
0.13810112507226635
8.874399979623893
1.544190534831233
5.598455270086131
====================
500
1
0.14068799528211207
0.07724657368395027
0.15249894493337512
7.086968787267521
1.548661879083986
4.738224300094067
====================
550
1
0.06941828918457582
0.10533680497504605
0.1405306484802895
6.93026853284528
2.2799545195780397
5.35804587416748
====================
600
1
0.03319731747050747
0.062446503258985445
0.11292554373246073
7.6103695610554185
1.6186173014859264
4.607794856131054
====================
650
1
0.0319652046028418
0.12502869413750983
0.07422634845865828
6.537289766618483
2.3892981161949356
3.8651155721936186
====================
700
1
0.01688685993789063
0.16248876128540735
0.04074827029986361
4.69119861148276
4.062967421292428
1.3726282154345388
====================
750
1
0.041502506784234505
0.12821004369513633
0.021530836736300518
6.721114544757023
5.758763364574509
1.08186052366494
====================
800
1
0.054349486809641565
0.033837069289093434
0.035592344549543437
7.848458595188886
6.799249356061251
2.1454271688387303
====================
850
1
0.0844083411097507
0.029528648990262196
0.040668550738365505
7.77771559535561
7.209439090733128
0.6847051342956066
====================
900
1
0.13562186952310995
0.05152624505133341
0.039076836375928625
8.650071830479618
7.750882478633771
0.7015887657619965
====================
950
1
0.1272886912747926
0.0435234747272657
0.023864292109975427
9.510466304872322
8.174620525394463
1.5846211476747405
====================
1000
1
0.09690808132760471
0.00022200761364658123
0.0400888866087076
11.268518870661474
8.6524986660665
2.747342608586885
====================
0
1
0.0
0.0
5.289021104404922e-09
0.0
0.0
1.4945216732173514e-05
====================
50
1
0.0018313954218658335
0.04100389003364047
0.005439420681880858
0.2596424892314202
0.4203519900722704
0.03192110345951955
====================
100
1
0.0662031112860797
0.02357156931323523
0.0021258927485390267
0.5718666671351362
0.751488304247314
0.10654647465261227
====================
150
1
0.03461541606836782
0.003631892128949099
0.0035164940422409696
1.224469637055817
1.1067390549759837
0.32998733730873775
====================
200
1
0.010951423672585607
0.021970261346382643
0.007924389620561016
1.0290526482889228
1.1062198303544974
0.2887769977523359
====================
250
1
0.03812456136668385
0.01108738209700233
0.007215926387661664
1.3175372220562238
1.1651496873102765
0.3986065723807259
====================
300
1
0.05877745727576622
0.09910192047249211
0.008192732808387948
2.069615635780602
1.028305474048077
1.4642538401450593
====================
350
1
0.11311869081911996
0.12590107965619635
0.002144598229549155
3.0701255230184
2.2885680533474484
1.4994987320123174
====================
400
1
0.253799241227904
0.14977810454233886
0.0006447117790505698
1.7501830668078204
3.0785832436743084
0.6714485699269566
====================
450
1
0.16624605354078525
0.1689710186112432
0.003146337784816877
2.197837298967644
4.459593077020581
1.2164053304547011
====================
500
1
0.1988243682818771
0.23289593797155872
0.012185347486402875
3.778745464923201
5.803690421112045
0.8767218789176986
====================
550
1
0.11329542035898266
0.16154107066026557
0.002603686838497099
5.379935326905802
7.800924525412482
1.3391632198930818
====================
600
1
0.18774987078236605
0.15586472942763574
0.007869695979028351
5.389409670697669
8.991035666381933
0.4628167232059458
====================
650
1
0.12073976434611611
0.19616611774885917
0.0038368736175111717
7.051890883064392
10.993979271057032
0.931811655887165
====================
700
1
0.26002674621433686
0.32074560981297795
0.0035001050941381173
9.633559349289062
13.413422845158136
1.1479783632319518
====================
750
1
0.20207634655966544
0.2524114723550842
0.0116824839109273
12.229064365868151
16.630543236591226
0.6272698187749235
====================
800
1
0.24078986753310172
0.22107476854186875
0.006282294367091094
13.300508644607902
18.75348011563352
2.1348988328511718
====================
850
1
0.20848172262468934
0.2384182827443797
0.011703625875379542
15.242141935429594
21.00812392159666
2.77179814148371
====================
900
1
0.11415835162553867
0.24873050796241403
0.007542857688219495
17.29784969654958
23.4408757966637
3.2613481744563826
====================
950
1
0.03851792912168239
0.1723425901592821
0.012863547211099835
17.90056394407389
25.589586094102703
2.2222051520725667
====================
1000
1
0.1423596016425398
0.17090684800021377
0.007204901843743158
17.92624873805412
26.822379709755335
0.5763025374148198
====================
0
1
0.0
0.0
2.356251311734407e-08
0.0
0.0
2.0304295895615338e-07
====================
50
1
0.05863174485847411
0.015554336842480199
0.005307719514136666
0.7423009664363175
0.5173660006989669
0.09020091517747007
====================
100
1
0.0815063287958262
0.020323305650232104
0.0029372530780915618
0.7842427414749426
0.3784336266673077
0.19299127420894666
====================
150
1
0.10440977430388809
0.04312626274601872
0.0038217865181402466
0.8075337620060735
0.2399239641985157
0.05777070229910462
====================
200
1
0.22138512971694801
0.012745772067902728
0.008726149025761742
0.9222460908428847
0.14820282523156408
0.1561835627514092
