====================
0
2
0.0
0.0
1.1294885921568223e-08
0.0
0.0
8.981293923800553e-08
====================
50
2
0.0102587426317986
0.02363940326054026
0.005904186658863386
0.3516206792070252
0.20332308347427805
0.051283081255118906
====================
100
2
0.08228638055773496
0.004988277793589013
0.00861287920991094
0.6612573308425621
0.3390583869232645
0.20974330984504516
====================
150
2
0.05885207248400448
0.011392137626413223
0.03578425505057625
1.7366179500409715
0.17198267816429466
0.9177640928242414
====================
200
2
0.032783614980475134
0.03398837999618623
0.01826095759546189
2.4414945620957993
0.44363744625249735
1.4726556009964704
====================
250
2
0.00423860067383397
0.0245503163909353
0.019808300663627598
2.1955526586017244
0.5352370563197104
0.41244247223206104
====================
300
2
0.033487845972963726
0.006338129860008035
0.003781333239172291
2.715450326253933
0.40414610790355054
0.5085663628128234
====================
350
2
0.07487084423570978
0.0466199436332726
0.036530806174269737
2.7418483667012037
0.7226485050472446
0.8250968360464914
====================
400
2
0.02403462020184538
0.04097219738000911
0.025237195526069917
3.8614274780932676
0.571819625576034
1.5763715310722552
====================
450
2
0.046673332949429325
0.004374193018145789
0.03932882579095409
3.0122606037906436
0.6180111218234863
0.7477769706230079
====================
500
2
0.03542622875379209
0.06069859083308238
0.03408725324490858
5.920332702132785
1.2767773007236405
1.7030495691524241
====================
550
2
0.04514058433573531
0.03746849053714829
0.05399018016078605
4.150029041104403
1.7170635216158379
1.9005401196249374
====================
600
2
0.05164795632475688
0.0175265462457535
0.06814804412232438
3.2194152593195033
1.8516447828696265
2.0563245861537522
====================
650
2
0.03184011504894446
0.04443697527795276
0.08147187054150873
3.911210877164008
1.8752425190267434
3.0903619386259904
====================
700
2
0.04847414737674116
0.0615998880706643
0.10695698472358206
6.334144805276249
1.4085120772761286
4.465185150073679
====================
750
2
0.11602640418113896
0.10390970125471499
0.052482778969338506
5.655857525536724
1.0009822619228184
2.507825770486794
====================
800
2
0.04377918592784733
0.11164280204272421
0.04091131373399656
6.543673592051235
2.5287404038131887
0.7778148443636118
====================
850
2
0.013223928317760425
0.08687107804637151
0.051200628501234524
6.890999882593072
3.6379088522582514
1.5678062265417767
====================
900
2
0.00290578997856894
0.029782971484585197
0.05921779320554377
8.912880470354343
3.700242363894695
1.9760567238606455
====================
950
2
0.03137299830283902
0.0026814852189800398
0.019520537079567246
7.7107048026845835
3.5367118211050035
0.8562145292502946
====================
1000
2
0.008304136060993061
0.04580293907253756
0.04195309424061967
7.9623556341893895
3.5458013052046544
0.4309964935845442
====================
0
2
0.0
0.0
4.96525597075342e-07
0.0
0.0
3.3163986419617904e-05
====================
50
2
0.04490062905968206
0.03773857313713447
0.0024343344589625726
0.22422722882766993
0.44025828018920166
0.04479464016527437
====================
100
2
0.05679711466636306
0.017481683989278185
0.008800896052488127
0.9426172762169769
0.9982390660460513
0.012321673904058169
====================
150
2
0.024473261877745456
0.004894967119070559
0.004724680689181415
1.5642771118778642
1.0185704941833587
0.3145621010217252
====================
200
2
0.025700698744229346
0.0341789965504848
0.014136111839228208
2.567870690317427
1.6011626756810489
0.23582307515022188
====================
250
2
0.006971349013341621
0.00440628582827407
0.006179799948724751
2.3154401009557724
1.7165046015250043
1.0235969754210763
====================
300
2
0.13212175192001085
0.029187282679500548
0.008036464549066924
2.8077535995330134
1.7163818346261241
0.7931456712500554
====================
350
2
0.1508445180213951
0.12355012800847298
0.002112894492227957
4.438519917932309
2.6329472459033076
1.8834689269912215
====================
400
2
0.027553301144261057
0.13724251819106323
0.00935217200367558
5.862756033852442
4.311072143716305
4.3460252692860575
====================
450
2
0.008502409580801285
0.10643499852729588
0.006519988991604775
5.353101301293227
5.338193494052261
6.22729440681075
====================
500
2
0.07688819234743915
0.10561133901997444
0.011546936822407261
5.017211470375409
6.1159527828065325
6.191613923825225
====================
550
2
0.02905577511644375
0.13130778542247246
0.010742289957436979
5.561413450724501
7.5628843457040755
6.955409814050576
====================
600
2
0.054627687637965786
0.12134122962327348
0.011779939153949703
5.5006652647706575
8.716187002253891
7.381694103402131
====================
650
2
0.07244910292402817
0.07799092548321429
0.00396537445339229
4.502564501005123
9.915063521240334
7.051283106071343
====================
700
2
0.0062002342118789855
0.10451199220489515
0.019668968055210456
4.037041125469105
11.0657447323419
8.810448966730137
====================
750
2
0.0723751749365833
0.1736020473125064
0.0026385966333635213
3.804354347072154
12.538303743282823
11.545129688487757
====================
800
2
0.16292210706510168
0.1503601787714916
0.014739660713516033
2.8870714867516662
13.76685685879312
10.734035188512577
====================
850
2
0.22354415898800872
0.07927155027241217
0.006929765071012284
2.3275899721048834
14.778182604815257
9.790106963771018
====================
900
2
0.15803202362084479
0.018443655318927554
0.01118861825189299
4.985648771133236
15.481871166265673
8.244907622036523
====================
950
2
0.20372388048967194
0.00479885378298972
0.0031356484612017343
6.8139397710579805
15.517948280668676
8.502353788497366
====================
1000
2
0.2708206766765553
0.0024739403950352137
0.0176098803599328
7.745116766447894
15.801048610501702
8.56599511673179
====================
0
2
0.0
0.0
2.245482972300587e-08
0.0
0.0
6.230580163625802e-08
====================
50
2
0.04644583106151412
0.0022884081959981817
0.004876246051637612
0.33324316505477136
0.15949294045772644
0.029738432108546303
====================
100
2
0.007345059416006716
0.06098830267892197
0.0015669905965065567
0.710450728219854
0.7253120658788791
0.08826293520522577
====================
150
2
0.01873078186855892
0.10755731658195922
0.005992169365288014
0.7079589129181809
1.7593554265390703
0.17443343609487894
====================
200
2
0.09639136566180628
0.10409097360267783
0.013019629205803795
0.41383495132088594
2.329195318547536
0.2395381811855931
