====================
0
4
0.0
0.0
1.0994817384708837e-08
0.0
0.0
5.973344512565825e-08
====================
50
4
0.03677326912026957
0.07242292341278844
0.016317017653697974
0.7167073258330888
0.6496259255798565
0.12841498049278363
====================
100
4
0.010761664550158478
0.12397377554306166
0.02618769266956722
1.2459377528411477
1.6404958459177377
0.7984708034236621
====================
150
4
0.02863676352502531
0.11686937037452427
0.010535822884834234
0.6288553212471031
2.860667705991243
0.3434414259007604
====================
200
4
0.06185143322336177
0.03841283089459438
0.0368902084731092
1.6134623175142757
2.977613568740018
0.4575203481058533
====================
250
4
0.16186595608531262
0.051622472193988855
0.04380542800449283
2.407278476389475
3.079113607548133
0.7311203614067782
====================
300
4
0.25310758878291173
0.09730712087131055
0.03789429654069787
2.0517449102962235
4.529720743468597
1.1037185675835994
====================
350
4
0.334116869095775
0.03498099561344481
0.10853473265083768
5.8063412250333855
5.5865523902725345
4.3081113952613
====================
400
4
0.2778383317816359
0.00010452148661766608
0.1811132605072152
9.289325883043166
5.8753825315010175
7.866711666527833
====================
450
4
0.2507494921817146
0.01834267379874044
0.14641075547184945
11.184019508836435
6.290046307313327
7.1941695107806725
====================
500
4
0.2827288476907559
0.07591093241079605
0.16950751588934088
10.424645475533264
6.663521188814974
7.626707816485913
====================
550
4
0.3465451093127503
0.01144951915058301
0.204372812527996
11.394600272150788
7.268854435529234
8.900401760551699
====================
600
4
0.33224162444823424
0.028531514790858047
0.22887576693693362
14.888525634703507
7.174887860867559
10.483870745455722
====================
650
4
0.27988080793216596
0.0354695631321329
0.2500894235895381
17.425333691052476
7.716051036519287
12.009407606344466
====================
700
4
0.38509472962587177
0.005078307884709421
0.2200245924544837
16.81914173479901
8.169482640111015
9.896212541049934
====================
750
4
0.4201239839217388
0.04582941860937684
0.2798306617294293
19.066566507486826
7.997243938869341
13.269886218880808
====================
800
4
0.3810279587440005
0.0843410718800805
0.31390383844158193
23.665442601660864
7.181559223385195
16.797477886775976
====================
850
4
0.28567770288664773
0.021095436361250997
0.3297243838824153
26.731858396640558
7.391795773608774
18.675343894408886
====================
900
4
0.32050304383608275
0.042537801343170756
0.3317446125133494
26.714269690900505
7.582299144901786
19.066332775606845
====================
950
4
0.41407064849791597
0.06150985208513404
0.36176862165946955
27.77404258415754
7.660911062513442
21.65095747060892
====================
1000
4
0.3930857583087046
0.11804949447813202
0.38180938000183307
32.1482953975852
7.802837694820609
24.494242623374845
====================
0
4
0.0
0.0
1.9782773163667437e-07
0.0
0.0
3.6275727276524535e-06
====================
50
4
0.012480632863087315
0.037984612849955246
0.002190953427134268
0.14557322804749603
0.2814022205544723
0.01757873985217774
====================
100
4
0.05194465109532631
0.07473493023326361
0.01222186506800682
0.6347483932607022
0.5589978710431244
0.05519402489059183
====================
150
4
0.07960720491969964
0.027465625288187967
0.01180226223921288
1.394498091907321
1.1961498603486311
0.658853504642538
====================
200
4
0.023610545228581914
0.023129584988328233
0.006439670620929275
2.521847890778321
1.1608421941729115
0.7478017366540218
====================
250
4
0.11598109009916735
0.035211513176963694
0.006436356616550842
3.2234126393585445
0.5832368312082298
0.6251313907602284
====================
300
4
0.10249054561488258
0.015541773736608366
0.0031023314510392197
3.8022569001964523
0.764159885301522
0.5102109831234068
====================
350
4
0.15773325019321383
0.09725557906296856
0.009442624026298807
4.823803124201279
0.8832706695098799
2.5931120214299326
====================
400
4
0.015159395096911034
0.12545190405199422
0.009755462160029905
6.105170655585447
2.2378562715492816
5.219295756493385
====================
450
4
0.004122482325024324
0.11633791602885446
0.004418687968911206
5.665984541565637
3.5575788727703253
6.327991744172112
====================
500
4
0.062881688998083
0.07807245964473442
0.0158938888187512
5.125307234457839
3.925913779194423
6.15930665066285
====================
550
4
0.006310773207020004
0.12263847305066466
0.005872397965673848
5.529822825038839
5.014927082243081
7.111354476262974
====================
600
4
0.02983398402950422
0.2220413336110747
0.012736848172500093
5.572046851679539
6.63424338665689
8.14610351866704
====================
650
4
0.08889217122286164
0.1512762844864728
0.0013108935950665312
4.571990333018772
8.60258574806856
7.806968094621996
====================
700
4
0.12166781751927358
0.12356838891394117
0.007427876266762112
4.094451439109554
9.80710228449618
9.76766520370873
====================
750
4
0.18400519526796266
0.15553195020175448
0.004961101959790826
4.160791580199341
11.18373216975279
10.282431566719692
====================
800
4
0.2208673539106803
0.22527296417820653
0.0032967719162915535
3.0821748467180856
13.345650665977551
10.430366082761761
====================
850
4
0.1951600605900965
0.1958616942070237
0.012620914027883456
2.981049451696025
15.902005182682622
9.427483024918468
====================
900
4
0.08832705498460358
0.18132680926374212
0.020842698234599055
5.181621335542575
17.487472334532498
8.774510844002265
====================
950
4
0.09323347172684548
0.21951375174131083
0.004277374423500957
6.451774949143396
18.878783396757484
9.12332880753186
====================
1000
4
0.2655910213338484
0.18126068980616283
0.008753898542412875
8.382340322787385
20.684079536600624
8.71018125586857
====================
0
4
0.0
0.0
2.3307134749898168e-08
0.0
0.0
1.6887578619206517e-07
====================
50
4
0.04071424440281013
0.04707111146547294
0.0051909893311621325
1.0754094168911108
0.8351602073771908
0.04925488091287643
====================
100
4
0.006244972425606399
0.04994623028228018
0.001153223733751485
2.2071138072524885
1.7638835390856524
0.37571776148166514
====================
150
4
0.11928778116873406
0.05758698851246713
0.0024358435479081564
1.1058852965879316
1.802193839442908
0.6470932750948444
====================
200
4
0.217570399264428
0.021948483644027128
0.002665588902386773
1.9276065374234475
1.7539016812061194
0.4553385574920789
