====================
0
0
0.0
0.0
9.756102629721984e-09
0.0
0.0
1.5526996294717366e-07
====================
50
0
0.030738925180395338
0.040258015149321036
0.008631843858094124
0.5642711449685646
0.27234315586854824
0.059908944184840794
====================
100
0
0.037612924636186484
0.11556493797536671
0.04258934446186258
1.7650933601447114
1.131037536336157
0.7303201406866677
====================
150
0
0.07559239862809553
0.1291372877840513
0.0621735193319346
1.3496068360337317
2.521699787846438
1.1434431299453498
====================
200
0
0.13743355362505794
0.10828350696054177
0.05497962642956579
1.0802105661224304
3.3552921715654507
1.544792061704927
====================
250
0
0.1296621506663551
0.1212631191271345
0.12395349069294226
3.4862280246716177
3.9833921834419224
4.026420930258639
====================
300
0
0.09655091848962405
0.16621043757428877
0.12583798444509853
5.175380014617634
5.338080107495197
4.775591277152592
====================
350
0
0.011678423176040953
0.06636738355949312
0.10060086620480635
4.575640062806909
6.652819277282542
4.224267480285593
====================
400
0
0.04277852178013927
0.04829660629594017
0.0976107177601829
2.0607874054512068
6.922323662886776
2.4132354593381677
====================
450
0
0.09853477893843188
0.1047518842285251
0.13712296600917884
2.860094875127419
7.826786273363441
4.349102916830307
====================
500
0
0.10332520850725802
0.1945405040888537
0.1383956756284861
5.148768412109915
9.678592967645876
4.723830602925787
====================
550
0
0.07408805435189048
0.17458260147144955
0.12912548185171469
5.3088471979645
11.60191586649464
5.022706719208663
====================
600
0
0.08516726535223935
0.10555858814589315
0.1375813406896132
2.665420934522986
12.31046135100868
4.236453065240048
====================
650
0
0.09874010710291126
0.11306660850647732
0.18635766900371675
2.259190239239892
13.474929082562234
6.076055152215733
====================
700
0
0.002140930555688758
0.0895062725400706
0.22583588718831393
4.68258242500772
14.253699707581411
8.588234703756692
====================
750
0
0.04515032310430933
0.12744676959734713
0.11956879945685794
5.218566408264351
15.415361822356932
6.522591344044385
====================
800
0
0.15349491510028207
0.15422108362173376
0.10934097522325668
3.1032415408264895
16.300115184744392
5.406792295241108
====================
850
0
0.18399594073765746
0.18112668078209238
0.19351989161550276
1.608245019028262
17.619680353305686
8.01812193545974
====================
900
0
0.07896749320601337
0.16307182884810567
0.1461208536242995
4.689635940507236
19.04666395984883
8.064987666066335
====================
950
0
0.03659751994591476
0.1409931437229328
0.0886179721161855
5.866809100894844
20.411108175266666
5.754206860183027
====================
1000
0
0.052112521311388105
0.08500479380694086
0.07288231830596038
4.738904077959182
21.056052317418555
4.422676686443099
====================
0
0
0.0
0.0
5.026772242561132e-07
0.0
0.0
2.878407240288229e-05
====================
50
0
0.06868142762421314
0.06924504199071313
0.006768168056588975
0.4058002127436947
0.5421772118204865
0.008200523914940963
====================
100
0
0.001589127325924533
0.10939531008834891
0.019603784018960013
0.6101086759615711
0.4612375667982046
0.1552798206538941
====================
150
0
0.02413806532644136
0.0779143754285967
0.0010952684248717315
0.8456455043026626
1.78335966083156
0.42998125717044317
====================
200
0
0.01383266039731576
0.010983615981120964
0.0023091722946334617
1.0601231641519446
2.097533592300104
0.1126488578212142
====================
250
0
0.01009380754004785
0.07930752238494332
0.003373724371035891
1.7084247331168285
2.748824614527977
0.963814356686685
====================
300
0
0.06189260417683373
0.1505065011809834
0.001408708885963783
2.248030465299018
3.8968214656871103
1.808367402744317
====================
350
0
0.10545942877853998
0.09365353421409739
0.0027514296565618324
2.8798631066056246
5.328509836317257
0.5135217209292033
====================
400
0
0.004301776087896305
0.09527576593767316
0.00274382348499011
4.280046611501336
5.5676542731907706
2.589802868608551
====================
450
0
0.07446773721657252
0.11851540416669315
0.005932422456641051
4.096630812132711
6.4549969930502265
3.442919130679533
====================
500
0
0.052362505595116016
0.10542727955743691
0.007885190232105987
4.0240756158839615
7.294603412345321
2.6117703579587714
====================
550
0
0.04044520606034974
0.05872586281289216
0.007787340107363816
3.681585921184323
8.040423977074434
3.232133597049966
====================
600
0
0.02492094706890674
9.089306621460486e-05
0.007028513361751497
4.419107539650852
8.686546524888826
5.380219093353039
====================
650
0
0.17762390707713904
0.010843255621442394
0.00856453403214763
3.370920062398037
8.41462406852938
5.848092673679747
====================
700
0
0.10728794414367648
0.03118700902592275
0.007927917762784897
4.749555090466426
8.83747961361728
5.783957698343431
====================
750
0
0.10682574990221494
0.011971530032621969
0.01175181973017958
5.435361209669936
8.829968812484593
6.748380172570943
====================
800
0
0.15629498205160575
0.041970379875758246
0.0003803288790262503
6.557237227479651
9.460157674763416
5.9949796755629325
====================
850
0
0.15133008606436404
0.014812440036278574
0.00281481323436239
7.251165529149085
8.927807816035267
5.3288239163020314
====================
900
0
0.05081746283829913
0.02676204027443685
0.0068073631726197625
9.110663098694378
8.69280042963835
4.23035691314489
====================
950
0
0.08290549740098618
0.04068678583481056
0.0089566823055649
10.034853770056346
8.546636154533537
6.155087479688996
====================
1000
0
0.18899709933090275
0.007852358805876154
0.006854085269807578
10.800624544003457
8.233219794748889
6.625030156513158
====================
0
0
0.0
0.0
2.0474899646353115e-08
0.0
0.0
2.1616951720816825e-07
====================
50
0
0.02726994155991025
0.007108583265075463
0.004175262770744315
0.3006631031543714
0.26997132909245397
0.02935003973810155
====================
100
0
0.036699538910506035
0.06963633996095542
0.003061957432306084
0.5697840326159859
0.3157751447129795
0.1838242339976986
====================
150
0
0.009648705372443889
0.10391652306860077
0.004115531337928413
0.8251618007705771
1.0408391743503547
0.38775979212849154
====================
200
0
0.06966822048483312
0.10048692297820505
0.014506591153494064
1.3268722921398477
1.9082239372066438
0.8221641014831393
