====================
0
3
0.0
0.0
1.2020131232817193e-08
0.0
0.0
1.5208001774218306e-07
====================
50
3
0.0037493583793317686
0.048188034372439015
0.007966923081102806
0.6320911053943122
0.5162329362599665
0.06499455537475493
====================
100
3
0.05110243759537392
0.07238085941221639
0.024898847309704042
0.7856158410855028
1.1166451997134381
0.5262461067378083
====================
150
3
0.04731532610766531
0.0912566176426386
0.018020228196010457
0.28071934289613576
2.0350275916679976
0.14657895834820142
====================
200
3
0.09826487553014523
0.10070173542113013
0.024746952722322406
0.10960161497331444
3.166400770313486
0.19841546200074334
====================
250
3
0.18402925540536264
0.14438604647463293
0.09624274474917627
2.402489428318937
4.350162274434668
2.5635865983467214
====================
300
3
0.18111988071038532
0.20560884014395775
0.1156265803024068
5.017183731176484
5.705170272004747
4.535616969520689
====================
350
3
0.12343093361842583
0.13929907968051558
0.12469225291785335
5.5903490500569575
7.338789362347821
5.195529581372923
====================
400
3
0.12271968804852325
0.049382403742220624
0.1513527182902109
4.171070629526452
8.303635265437096
4.446139252664339
====================
450
3
0.13665119938909132
0.05884707763110897
0.18553688461170093
4.76121084574127
9.306765124785843
5.905857293985174
====================
500
3
0.09943467908821768
0.09570726304391286
0.1708753311121778
6.283163641052825
10.311496999899118
6.026950356270104
====================
550
3
0.040177912062394405
0.04056215468185975
0.17465849876027484
6.06070438669196
10.805423334097075
6.443722671568523
====================
600
3
0.08416968884358307
0.02253077019772281
0.17837082138022803
4.058948183609889
11.03616154008036
5.701394138070567
====================
650
3
0.13687901967224025
0.042495067425530664
0.1896593501988384
3.7790221292273074
11.355825295708302
6.727632324846448
====================
700
3
0.07552637698799858
0.06598347228286272
0.24673860917258628
6.331682536538342
12.225175985354914
9.752790801612948
====================
750
3
0.10223538136237642
0.06393358412182559
0.21402939670714416
6.48441229636881
12.987883757741006
10.28748191917271
====================
800
3
0.15801426996110213
0.04694022155881078
0.16623470961712628
3.846086579032927
13.00709172600266
8.95342488493685
====================
850
3
0.19705397856448847
0.0889121210798085
0.17862681564169702
3.2012726501207966
13.510906882492305
10.763690364106031
====================
900
3
0.16151031993388765
0.14477944916332275
0.19371543745447628
6.667555812449537
14.766835291454932
12.197450635528305
====================
950
3
0.156395406338121
0.10775677118247073
0.1632826782484491
8.097596941294915
15.792341256075831
10.787346727969494
====================
1000
3
0.19489626609705746
0.08125906058083775
0.16018214186835328
6.034742491212243
16.75691948087871
10.405055741580556
====================
0
3
0.0
0.0
4.075461522783174e-07
0.0
0.0
2.470401132515656e-05
====================
50
3
0.02163047377259475
0.034767412638040174
0.005123140130414372
0.2152610258560235
0.01613719892642286
0.008570452569515837
====================
100
3
0.06438676736640936
0.022530321956580224
0.0012345886453055677
0.5477902757446818
0.20923771305727068
0.05038840373112128
====================
150
3
0.12959802567245626
0.0750884873793225
0.00456709147431944
1.4085397573001432
0.12369258079621354
0.5213502836725441
====================
200
3
0.09074800862629022
0.14941405376405448
0.0053336108799032465
3.041952335981486
1.5219510155762253
1.4326084594408435
====================
250
3
0.05242874609234738
0.08589682116380382
0.008988389733531887
3.5879442912990367
2.8688658056938743
1.08277979871001
====================
300
3
0.06099197769249454
0.019635191949869846
0.010913491139408205
3.479956211038371
3.059177212391595
0.15017326199181957
====================
350
3
0.017000467185969814
0.017257632497716058
0.005520317340174108
4.0262475795652914
2.988872801431115
1.0405234169446762
====================
400
3
0.09112045083788911
0.012422663668794182
0.0005234325525779321
3.737533147846238
3.225815780167923
3.237236189374753
====================
450
3
0.19218564821698636
0.05433803651719171
0.002876095080065477
1.6842424976771793
2.9649291559157813
3.8043538291404615
====================
500
3
0.008844411040626277
0.017154480660837468
0.011327388652177639
1.5030598242903916
2.5105999032215145
3.2211246946855154
====================
550
3
0.022434055055234436
0.02525280620945347
0.001585272461908982
1.2823111820738673
1.976137662357007
2.8587203014727045
====================
600
3
0.10650511286311452
0.006831689882920086
0.001133410042403922
2.2007562814563344
1.7833052589710177
3.648126836208831
====================
650
3
0.06954789777756898
0.008648456455800257
0.007132004191087393
2.674347626826106
1.7509169706138867
3.3271167339402097
====================
700
3
0.03174145181452337
0.045733892080665584
0.007407783891355546
3.438646455014422
1.6372879123787742
4.233792014233597
====================
750
3
0.07316517358880792
0.017647189200926894
0.002005433919537003
3.6990757117801136
1.4325608362349764
6.599801237441494
====================
800
3
0.0020596559503811875
0.052495262712803026
0.0030209446114927083
4.638154190803381
1.5785304262042625
6.857344236786888
====================
850
3
0.06211748208047463
0.011514803911585325
0.012298188197832793
5.619140609898082
1.6165771281717247
6.812025009189506
====================
900
3
0.039429850143970935
0.02525565428436094
0.007455120804795712
6.3515003336060865
1.5982877316008137
6.533576818551051
====================
950
3
0.0508414771174821
0.037499029735398315
0.006072627667767172
6.719666891473634
1.8177175604567262
8.296414906183044
====================
1000
3
0.0834033695237689
0.08665665785708161
0.005062448753605002
7.7757409938193085
2.3591319289198034
9.008411857444269
====================
0
3
0.0
0.0
2.0802761319087937e-08
0.0
0.0
1.8205898781385288e-07
====================
50
3
0.026207373095864073
0.024450112066797702
0.0024571873695087287
0.26799285596970907
0.2969829806244438
0.03016625301578558
====================
100
3
0.00020869166420567353
0.08397487477532417
0.00354391112141883
0.6241051545949652
1.1393481975587374
0.06311213688789528
====================
150
3
0.009222439576755725
0.13629986534601368
0.004525761175730558
0.4133761430949951
1.6176020842789156
0.16150432086220304
====================
200
3
0.017421885055632025
0.1994397386430693
0.0040517996110400745
0.821417696862285
1.9456826317337597
0.3979451636969972
