====================
0
1
0.0
0.0
-5.192684107147016e-07
-3.3606479874466276e-07
0.0
0.0
6.276969166663093e-09
1.3200001675489614e-09
0.0
0.0
-8.809450581691195e-08
-0.12461060179028473
====================
50
1
-0.4176827267051628
-0.03717854875596144
-0.6352739861232379
-0.05654666414574723
-0.07134795103431202
-0.006070794459220784
-0.3289725363633327
-0.027991338532341155
-0.07768085031030525
-0.06032567011231953
-0.034120455074265754
-0.026497383958467208
====================
100
1
0.4221860127229995
0.020811773511551016
-1.2123779103714085
-0.05976449650313746
-0.4872731262745198
-0.02651851581574081
0.0718792318033934
0.003911831871326539
0.0714598636792582
-0.8306847300704367
0.144783649307047
-1.683036608956565
====================
150
1
-0.4435259605895929
-0.014517116937166046
-3.318729529149234
-0.10862585043148412
0.616224662193261
0.02546512929815081
-0.7191420399615289
-0.02971813066711198
0.062082276702389194
0.05408201439024726
0.10996676172596609
0.09579584232425088
====================
200
1
-1.07388079671653
-0.026145300786083507
-9.628471864747262
-0.23442014587081825
0.4984430533743911
0.016330191711204072
0.3442999454754627
0.011280093237748964
0.12068731651690899
-0.8923098150721517
0.7699552135924028
-5.692715805460948
====================
250
1
-1.2267466384272225
-0.02423120355381915
-21.129538781964047
-0.4173593301062558
1.7588366942260123
0.04860029667917793
-1.3432366720985343
-0.03711640824224904
0.039104918118834764
0.033397154315402675
0.9692879213188277
0.8278104095747782
====================
300
1
-0.8088243541741349
-0.013457955487052026
-25.77154143006053
-0.4288103537048056
2.199468591167431
0.05242390756316186
-3.077051489252362
-0.07334092584338062
0.14256805332961708
-0.9073056082081217
0.4826528018438339
-3.071610951422745
====================
350
1
-1.2374000382635018
-0.017695100261007405
-33.73918424079143
-0.48247796137393656
3.839033329582257
0.08126087075586265
-4.0538165761344445
-0.08580719065991543
0.012189296767993074
0.010176222965539399
0.9280907664190805
0.7748157052126565
====================
400
1
0.8290388831697868
0.010662357360120264
-44.0291081622933
-0.566263048699026
0.32803034958907773
0.005758902191804729
-10.368856824413768
-0.18203569385402416
-0.2551487197074662
-1.0605419702254453
1.198472497332855
4.981527577483677
====================
450
1
0.6083735844910194
0.006962806100305531
-51.588855458953994
-0.590431942895587
0.9439053740482493
0.014918185457412402
-15.302503802258975
-0.24185219828316035
0.08249607747539334
0.07316630962332536
-0.9886645479374783
-0.8768530412803562
====================
500
1
-0.0974130138915541
-0.000994296063264341
-67.679070606857
-0.6908012675257318
2.164727575654183
0.031714109677638526
-23.938921620271373
-0.3507146092506568
0.23391114294875606
-0.9413812292546269
-3.7277351599162154
15.002363132167671
