====================
0
2
0.0
0.0
-1.2510255693598538e-06
-8.09650000608614e-07
0.0
-0.0
8.310915511344774e-09
-1.7477233480329826e-09
0.0
0.0
-9.62615968240619e-08
-0.1386017532440776
====================
50
2
1.4595725540340379
0.15490927340385366
0.2366182080761714
0.02511307477377159
-0.17718163763054706
-0.07839046190676884
0.11852336873462122
0.05243828731974315
-0.19844988428600296
-0.14184754957646808
-0.005297271032620676
-0.0037863711441460776
====================
100
2
3.1068466684801983
0.17528871383955696
-1.22157023926475
-0.06892115992648726
-2.3242036511226587
-0.22093142735365726
-0.09479044178139162
-0.009010478747045643
-0.16077575811097766
-1.1753793741782304
0.2759575233695907
2.0174358679996613
====================
150
2
3.654795250226961
0.1371848885647164
-3.3221622170297422
-0.124699312091104
-3.9806975407905245
-0.20934450069981106
-0.97978178835724
-0.05152662998798981
-0.20476902391130647
-0.14570620670876705
-0.02942518358524482
-0.020937892851274988
====================
200
2
6.094829946353002
0.1784687768036733
-8.789275380134384
-0.25736751310376477
-7.2458883911074885
-0.2551997856811811
-1.0221843632450103
-0.036001276357902914
-0.2904294343780361
-1.090037138186622
0.6871556333775213
2.5790263362930492
====================
250
2
6.617819903630739
0.15357117047259197
-20.623237058065097
-0.47857673675936757
-9.002831278257258
-0.24339550440244442
-1.0496922070765038
-0.028378890630299348
-0.20444569594473982
-0.14550961543215218
0.6799207895457817
0.48391829504629624
====================
300
2
8.422192564660925
0.16437455930041223
-25.483384878216743
-0.49735506837206905
-11.744538895579396
-0.25619073241383006
-5.295750045084965
-0.11551939967958694
-0.2463977501269055
-1.1078624061812772
0.8945904720687449
4.0222897831756725
====================
350
2
9.550499839173938
0.16031142516288466
-32.93175148250332
-0.552781121634643
-13.197028071864146
-0.24378455673322344
-3.0836057620350203
-0.056962481230180086
-0.32085802729156754
-0.2108903870266871
0.5551046502850236
0.3648536878665745
====================
400
2
11.443015245359447
0.16919657625030876
-43.04952770437622
-0.6365308916045642
-16.101687392126827
-0.25496962634288717
-13.047294370359857
-0.20660342542874935
-0.1971929437525728
-1.1385046866830413
-0.13540346607041562
-0.7817596196937197
====================
450
2
11.149917063281947
0.14407486615787377
-53.274889995384
-0.6883972860154276
-18.663006935441913
-0.257238930683752
-16.769262834158084
-0.2311367752653877
-0.26914370160240964
-0.18312456224476487
0.35259272198361935
0.23990302384754858
====================
500
2
13.022771249558588
0.15237331408815283
-63.18554806405867
-0.7393043444054372
-20.823023966831926
-0.25763408249957964
-22.72063275120975
-0.2811123582238478
-0.25487294405993965
-1.1039030284314924
-1.6003185039462795
-6.931282759247267
