====================
0
0
0.0
0.0
1.3768525466417714e-06
2.753675425303954e-07
0.0
-0.0
7.919682912308898e-09
-0.008498527508428604
0.0
0.0
-7.080301601391734e-08
-0.10048374941479599
====================
50
0
0.0760555573167121
0.005333977794858117
-0.17453457379324533
-0.012240572206597064
0.044676834625105855
0.006573810658787728
-0.33506222032013877
-0.049301514169042174
-0.05487907577810902
-0.04370273873957282
0.011573131137050385
0.009216218008596282
====================
100
0
0.742638954946564
0.03154823878040729
-2.1551451255122522
-0.09155328113778195
-1.2678868034949105
-0.08913596478621826
0.448744016776331
0.03154795110032214
-0.08180149542947432
-1.408384012210938
0.18041683439661343
3.1062535441906367
====================
150
0
1.7630012192018718
0.05512350744906796
-3.5476579821139183
-0.11092411569195264
-1.1262550580355963
-0.053826890716169494
-0.7586107682163572
-0.0362561380972734
-0.08265472627385817
-0.06439736279191005
0.4451952472974281
0.34685735644997323
====================
200
0
2.12252800657285
0.05105802230957127
-9.966471025104639
-0.23974633002328904
-3.937653332407301
-0.13191252330950745
-0.5092487633847114
-0.017059980577125888
-0.20030601778548085
-1.13432343736669
0.8936626251338313
5.060768877516097
====================
250
0
1.8826648674996846
0.03671767019381929
-21.059177075047586
-0.4107177712524912
-4.8239701212292445
-0.12837253300368773
-1.60222798173983
-0.04263750796468788
-0.1235614619171368
-0.09329492847617284
1.5267778013698163
1.1527916841363486
====================
300
0
2.7266990682640753
0.04516067590998311
-26.295279198093475
-0.4355128864967257
-5.599984216462147
-0.12592906738713475
-2.54693352230926
-0.05727390484755008
-0.013583315609741187
1.3400574899542863
0.6338810789455182
-62.535327307868606
====================
350
0
1.9027661745962092
0.026926578820963738
-34.75863804259043
-0.4918792542450867
-4.880399786764507
-0.09646800900078988
-4.076885597958473
-0.08058541384778277
-0.013137922364762078
-0.010822063188882729
1.4180690598608052
1.1681019681753215
====================
400
0
1.3484184179487073
0.016612887824964
-45.4299372599516
-0.5597093910530058
-6.163973541077631
-0.10629395887152059
-10.420081878335125
-0.17968794759297319
-0.0178456387463747
3.038049542917109
4.169567138152782
-709.828979408238
====================
450
0
1.1659094579401597
0.01283859750991378
-55.902559343002416
-0.6155799271470656
-5.87638823716604
-0.09104555442274273
-17.916431519591477
-0.2775874185203564
-0.001010810975437204
-0.0008410338815873072
3.4715647950551425
2.8884763677048695
====================
500
0
1.8227520708766178
0.018208642969395537
-68.27016799098807
-0.6819946246505749
-5.016853044969793
-0.07187541705040396
-23.587938434837817
-0.33793952048548176
0.08883688457153811
-0.7892643330726367
4.329235915260568
-38.462756926383264
