====================
0
3
0.0
-0.0
2.42790974791518e-06
-6.002195233739556e-07
0.0
0.0
9.107862020130142e-09
3.0990411165608242e-09
0.0
0.0
-6.170865867578103e-08
-0.08926716454477301
====================
50
3
-0.15665226472427385
-0.028845309635202356
0.009512909742707798
0.0017516684329021378
0.25922939931536426
0.027167998763882737
-0.4658123789186579
-0.04881849885887274
-0.04716359372186196
-0.037722178377909844
-0.16512873488023572
-0.1320725394507728
====================
100
3
1.0103215313872962
0.07116152835643347
-1.9299695782095974
-0.1359365118926368
-1.2667722218676207
-0.07362511197161309
-0.04655184572440518
-0.002705604681551626
-0.034750387972151256
-2.6130127970849535
0.07116029851822168
5.350811358466331
====================
150
3
0.9386716722387902
0.03957799844856437
-2.6137128094747695
-0.11020415825659387
-1.6863605950231246
-0.06886522942347834
-0.8373338308934208
-0.03419386490569932
-0.17058790108822586
-0.12418020710220468
-0.23260877612492825
-0.169328573765878
====================
200
3
1.6486521686855653
0.050048925855647346
-9.45294232557557
-0.2869675111322253
-3.666295081411313
-0.11244316844941397
-1.8522121572466972
-0.056806285085261435
-0.1497170100146098
-1.1672421538189768
0.06628389026839204
0.5167706116548061
====================
250
3
2.539260631595745
0.06118998378727819
-18.99097846701472
-0.45763623081530985
-5.512689106796962
-0.13343167448412085
-1.4788607762654635
-0.035795029591400344
-0.2463068932374537
-0.16993345104206853
0.3112055473997153
0.21470869920837451
====================
300
3
5.230706497882153
0.10731786137397337
-25.871793300713517
-0.5308088932281401
-6.882909296856113
-0.14097705407693906
-4.41236188319791
-0.09037483322622669
-0.046338657312018874
-1.861944193249018
-0.012925505954265405
-0.519362712525292
====================
350
3
5.081104395054915
0.08709813425503304
-33.97080824678106
-0.5823131719768854
-8.101708407993982
-0.14237441130048928
-5.076759174817617
-0.08921582491364738
-0.22490887313308794
-0.15749552068777378
0.5882066739283789
0.41189978452986475
====================
400
3
6.746025910710131
0.10128170865418488
-43.334322027911185
-0.6506014409742334
-9.712630371247009
-0.1502267026965852
-11.240704713885485
-0.1738616564830904
-0.12229516677388756
-1.212719320426637
-0.27268441379360464
-2.704028832129815
====================
450
3
7.255494646718773
0.09604219475583115
-52.11959661718434
-0.6899158076240531
-10.09477060845623
-0.14040437145287346
-17.370250126410845
-0.24159628242913384
-0.12314692470248212
-0.0928519716751517
-1.619060945607709
-1.2207613095098366
====================
500
3
9.21262355625268
0.11030239371167348
-63.48214669490089
-0.7600693435097214
-12.26667488332292
-0.1529363185170877
-23.988711290916747
-0.2990822880444904
-0.2495439738697493
-1.0940469716191028
-2.1184171358977744
-9.287532839260951
