====================
0
4
0.0
-0.0
-1.3399012273040967e-06
3.312457915509333e-07
0.0
-0.0
8.158663522550569e-09
-2.776065076508085e-09
0.0
0.0
-9.51660054691043e-08
-0.13624046216525595
====================
50
4
-1.6254104306370882
-0.23596397435148947
-1.3549727230691744
-0.19670400955157197
-1.2751947731836366
-0.24459977544286107
-0.9878013020287346
-0.1894737821542184
-0.04645352875146025
-0.03712716587863641
-0.03083148492970289
-0.024641522098227578
====================
100
4
-1.823357666752992
-0.10719237500863134
-2.467757958257158
-0.14507567073392547
-2.36022290255449
-0.18953780337761097
-0.7760223212896786
-0.06231850643854373
-0.08704436978220592
-1.2950073607856336
0.060207034971823795
0.8957334478344242
====================
150
4
-0.6099485730187482
-0.02417230427788525
-3.892654509795573
-0.15426616836526094
-3.3557539775822818
-0.16509736120796917
-0.539499047161744
-0.026542431195981108
-0.17569781567913578
-0.12727623481820935
0.03356819145982093
0.02431693872885258
====================
200
4
0.7710568215459119
0.02282842554510567
-8.989773926146075
-0.2661572779148782
-6.104531791258907
-0.2088534312518631
-1.4058804273321037
-0.04809917635265407
-0.28429929188233144
-1.0749763756140696
0.5414246974376691
2.047204391773094
====================
250
4
2.188166427765786
0.05235387396552244
-20.76679647276306
-0.4968645124095038
-8.063608335969217
-0.21183385526338974
-0.9033127033189388
-0.023730345582248014
-0.1834069987667235
-0.13212295024358975
0.8616360718743175
0.6207064104305463
====================
300
4
2.8050052229419933
0.05488960621013268
-26.55803280741731
-0.5196995537091971
-8.937887133572836
-0.19820526196420302
0.4594427027378103
0.010188533362838202
0.09439533277319426
-0.8264028519577276
-4.0723887627321504
35.65254328716286
====================
350
4
2.758577138436472
0.045531800532387735
-31.827342865924457
-0.5253274257425878
-7.683738773342057
-0.15149982000074597
-3.7806819820798836
-0.07454348158637845
-0.13772147535560175
-0.1025882396263104
-6.647877453744653
-4.951980389915006
====================
400
4
3.9912148802112313
0.05761249299868491
-42.32736801803445
-0.6109881995285378
-9.470195741095225
-0.16144664579558582
-11.891442441622516
-0.2027237396519957
-0.044472137142330656
-1.804647560915695
-5.64290768529892
-228.98516341041847
====================
450
4
4.524420908940073
0.05787160607849985
-51.41618239705315
-0.6576614142735963
-9.592379592404676
-0.14609522555652554
-14.959201877739197
-0.22783376652487564
-0.11755860284756925
-0.08890426280775904
-6.755414468885679
-5.10881491247298
====================
500
4
6.012465399743888
0.06941510845442024
-64.50458004932725
-0.7447182016418114
-11.528879689648562
-0.1563259065945623
-23.774332311336543
-0.3223681877422188
-0.17432979180492947
-1.1283425469857267
-6.140943987025871
-39.74701230051904
