====================
0
0
0.0
0.0
-9.682444179759386e-09
-1.936467956781513e-09
0.0
-0.0
-2.3587854228005876e-10
0.00025304018668290595
0.0
0.0
-1.1409619379764537e-08
-0.016569624777415266
====================
50
0
0.3152099727857962
0.02246963245138789
0.09712352421315096
0.00692341638865594
0.5314034767230078
0.08438276726766794
0.3377710732352339
0.053635437310877374
-0.13983973697328445
-0.10440325097141985
-0.12315324682160012
-0.09194524828316217
====================
100
0
0.7963768173180235
0.03388465689097341
-0.5915713799945941
-0.025170488142966203
-1.1404868673992663
-0.08104560960211195
-0.3643883489216879
-0.025894270871885946
-0.12243845938755935
-1.2565253102426996
-0.03734495647696689
-0.3832528051883414
====================
150
0
0.7261578220631364
0.021974921607085186
-1.6488343420981977
-0.04989687408135839
-1.3989549363483071
-0.06611432156257949
-0.49171213111592493
-0.023238213832447188
0.022112873365028873
0.018780040390955408
0.13853724279245982
0.11765703047025043
====================
200
0
1.1242073206355983
0.02638843526333924
-1.5486443092005189
-0.03635121329415632
-1.8829249792749678
-0.06786210160181148
-0.23518354649738527
-0.008476200540727561
0.05896955837398807
-0.7023034684365219
0.16177172601308648
-1.9266354947651916
====================
250
0
1.021328797338704
0.019574236897934024
-2.6582915113649435
-0.05094738141410537
-1.4756087549074124
-0.043186824937367474
-0.22275443231583125
-0.006519381672447512
-0.08763622705681251
-0.06808199740108277
-0.032090702502046486
-0.024930319317910562
====================
300
0
1.4130203770018426
0.022886262480002938
-2.387908950955044
-0.03867623703053953
-2.173810620799273
-0.05305993171181575
-1.1143800626690634
-0.02720058935239205
0.07393867429932083
-0.7473456898487484
0.09484654665111845
-0.9586749898950072
====================
350
0
2.4485843473056264
0.03489131931429454
-0.6857359550422473
-0.009771455167145754
-0.8346139968653432
-0.01796461394207563
-2.0304894781533775
-0.043705185541427286
-0.1224627673807741
-0.09263149733259486
-0.1810784386026294
-0.13696870698875985
====================
400
0
3.940285316303843
0.050104564798970935
0.6384717007883012
0.008118789411540619
-2.8553294595324417
-0.05231243895866067
-5.479027568357509
-0.10038116416501205
-0.17616603726464736
-1.1653530316518743
-0.36121688013528735
-2.3894797935263723
====================
450
0
5.379766073030154
0.06206910932942812
2.848455365763982
0.03286408463073145
-4.240770388846826
-0.06753176643025749
-8.372631046136604
-0.1333292096411217
-0.2528455802070284
-0.17408509391808205
-0.4030885871248806
-0.27752794606686687
====================
500
0
8.2455707358681
0.08794010667624248
5.674727579967822
0.06052172308342301
-6.36224657859303
-0.08958275388382192
-11.518168414025268
-0.16218001510627075
-0.3365731586576675
-1.0802253704822085
-0.5194643981706568
-1.6672114443236272
