====================
0
3
0.0
-0.0
-1.9085004510088766e-07
4.7181295532890684e-08
0.0
0.0
-2.3952662075998887e-10
-8.15013275954741e-11
0.0
0.0
-1.2226006056937199e-08
-0.01735119515665773
====================
50
3
-0.15775621386423389
-0.028913511646217215
-0.47392702273623044
-0.08686120283752409
-0.7701905447801121
-0.07308656036857959
-0.5914047102177644
-0.05612083444614768
-0.25925800318209014
-0.17771545755538445
-0.21207043789470825
-0.14536945607020849
====================
100
3
2.039610643992109
0.15434927752713948
0.49439266214606903
0.03741358697148481
-2.577002481361296
-0.13969304876192978
-1.5260912346325597
-0.08272570119609106
-0.25910703242577504
-1.1067714482949407
-0.17965173518622538
-0.7673794465525228
====================
150
3
4.9397304628428245
0.24965560060977454
0.0895396558129562
0.004525363624296063
-4.496819424056007
-0.16534594158189211
-0.7507073071686534
-0.027603155664242603
-0.39088403902801616
-0.24576734367109832
-0.2528141907406505
-0.15895627832538514
====================
200
3
7.531263334353923
0.2773933087457129
-2.0605112589199948
-0.07589324797771721
-8.527190708474805
-0.22843012093857476
-1.138677047192445
-0.03050337965839549
-0.3752707792946813
-1.0713621519623782
-0.06958775877256085
-0.198666389983608
====================
250
3
10.195599323194912
0.30024291636776973
-1.857094828855118
-0.054688258111367266
-10.644269049179904
-0.23001892923563097
-0.9079780390611347
-0.01962108768101848
-0.45969676292568074
-0.2770465222047218
-0.17829994361125467
-0.10745644361820796
====================
300
3
13.350999566096696
0.32756827249629444
-3.318145582860936
-0.08141107421118274
-15.331711132571357
-0.2686672446070055
-0.9169965844246875
-0.016069109541727758
-0.464813300252735
-1.0568335013306946
-0.03949721668872308
-0.08980375945194298
====================
350
3
16.581162320979296
0.3527922188400533
-1.63173556392546
-0.03471792863574654
-18.981180786182307
-0.28101834795490327
-3.1698803700861617
-0.0469304072729111
-0.4606545553022552
-0.27746359548414123
-0.11267486002733174
-0.06786684604332785
====================
400
3
19.751099498423066
0.36722088203742964
0.34620523206717735
0.006436795617167149
-23.08583607639475
-0.2969175728376309
-5.7331971354309275
-0.07373728949727737
-0.290596892801627
-1.094112521432526
-0.0509686544310797
-0.1918996534201741
====================
450
3
20.625205542888473
0.33062074484305487
1.027915319372255
0.016477417779898012
-25.115471844183247
-0.2899824768882761
-8.625301853163847
-0.09958747384110031
-0.22190839471098123
-0.15610992554594835
-0.16177330799459777
-0.11380560478232646
====================
500
3
22.493859007374695
0.319197190092201
4.525693021892948
0.06422146130348276
-27.35365445013811
-0.2880811065201583
-11.141650956698584
-0.117340779526112
-0.19375409063691096
-1.1481196419782405
-0.13284171489857394
-0.7871739979670439
