====================
0
1
0.0
0.0
-1.7809124863710224e-07
-1.1525869204884259e-07
0.0
0.0
-2.6992896806632416e-10
-5.676406457223365e-11
0.0
0.0
-1.279921056404697e-08
-0.018528072565359054
====================
50
1
0.4506695194712531
0.04317628020468503
0.14169498306154438
0.013575052289848902
0.016541729715120468
0.0014299957784156979
-0.16106224200792063
-0.013923472943882317
-0.09243368911911909
-0.07154236511003075
-0.05415363723463429
-0.04191414757971617
====================
100
1
0.955038176558201
0.04801839354071775
-0.4223822310130423
-0.021236969046079395
-1.3517870109201624
-0.07100191124514617
-0.6018447573019188
-0.03161158355281102
-0.00860217216246155
0.5247085602966889
0.04035599335314471
-2.4616032755163952
====================
150
1
0.375676277080899
0.012547464422768785
-1.8677892134687006
-0.062383547045700316
-1.2434438665101055
-0.04827145267388218
-0.9395030708349879
-0.03647223589438126
-0.09813062962887686
-0.0756182887171478
-0.16047406242636963
-0.12365939187452156
====================
200
1
0.8119920399922123
0.020577818643332503
-2.9921182044247416
-0.07582742531645575
-2.9180499078844306
-0.08701052727891696
-0.9023667805348836
-0.026906808263002666
-0.12316215670509938
-1.2546341428679781
-0.05813009199845425
-0.5921623987467711
====================
250
1
1.7216535890273619
0.035851380251272866
-3.1386670280430096
-0.06535899313407936
-3.763856707155135
-0.09133012283922243
-0.6089795397333546
-0.014776911157295021
-0.13269410945896642
-0.099599733006026
-0.04877046667216933
-0.036606941174200866
====================
300
1
3.578323976730559
0.06376113391919289
-2.236162091456457
-0.03984553425166668
-4.413240692538125
-0.09201214138402086
-0.8318927196047738
-0.01734422295662063
-0.006248499769867914
0.3332913069872048
0.056665627227847015
-3.0225112675995356
====================
350
1
4.568192375045086
0.07071182644597343
-1.15092142439822
-0.017815308405044177
-4.781914984338428
-0.08668958006761966
-2.306500267231357
-0.04181369602910279
-0.22076702284454952
-0.1554317893326012
-0.25624815780672794
-0.18041240565683436
====================
400
1
7.5882350321662955
0.10607221714131695
1.3620896685922332
0.0190399836695113
-8.202962210266477
-0.12681370298751296
-4.889193157582994
-0.07558448680384314
-0.3033587750507426
-1.089797909815424
-0.27247875518439724
-0.9788633205661998
====================
450
1
10.286628700972045
0.13135437819093151
2.818851188237076
0.03599512102625622
-11.662356809863311
-0.15555296675075928
-8.467329851146872
-0.11293757344906669
-0.5384549712148836
-0.30980681777302993
-0.64226776666988
-0.3695368110377776
====================
500
1
15.423481734157676
0.18553300697733602
5.954230837224856
0.07162496578324244
-15.751594917868147
-0.18495273545050706
-9.588937064415333
-0.11259178193533687
-0.5292027028558434
-1.0495756614025298
-0.34385139666398357
-0.6819656345861371
