====================
0
4
0.0
-0.0
7.396254009250924e-08
-1.8284765988425956e-08
0.0
-0.0
-2.215618799539243e-10
7.538859710716433e-11
0.0
0.0
-9.85050490797763e-09
-0.014080058349078151
====================
50
4
-0.5056008761367989
-0.0871126937337203
-0.24764097300043986
-0.0426673948861413
0.5754990446335393
0.1736301937316537
0.05610796653368899
0.016927981358052475
0.05501383672982518
0.04806524512849336
-0.023565563759919472
-0.020589085692647138
====================
100
4
-0.294982729136132
-0.018971355971066365
-0.42948652304373347
-0.027621758525659512
0.9704144779962967
0.10755696925437297
-0.35883967913545334
-0.03977239541573318
0.09555419780834606
-0.7926484392307663
0.010456077807017489
-0.08673605078901056
====================
150
4
0.3241679229016299
0.013284622272667425
0.20986487305486534
0.008600405437650933
2.8165368659682564
0.20110630461916132
-0.34810193922493404
-0.024855167164383695
0.0559405714135659
0.04891453265766065
0.060752563565642737
0.05312214694052243
====================
200
4
0.020319841105838066
0.0005862439115898502
-0.7975515420784092
-0.02301000944285089
3.934544073720236
0.20719094432097646
0.5384541824175635
0.028354703477292124
0.2416613017122936
-0.9062605432340206
0.24648281531805932
-0.9243418310058359
====================
250
4
-1.0520511173940506
-0.023272642950905035
-2.0090744639252094
-0.044443156694257364
5.967319828014837
0.25087347283673483
0.494290988828606
0.020780601766503433
0.09192012626046475
0.08298590287659782
0.06110280737140905
0.055163888957712785
====================
300
4
-1.5950395882033348
-0.028634225877813058
-1.6471259028246124
-0.02956928185325031
7.022463410033289
0.24355000017829753
-0.5330545497456178
-0.018487164418699638
0.10818926239961081
-0.8123194867198297
0.0013106711623220302
-0.009840937096912345
====================
350
4
-1.6534897132465218
-0.02534687973257548
-0.1820502799129855
-0.002790707745726492
8.582866845260128
0.2516794991026441
-2.558241007024389
-0.07501652150030856
0.04460003629614562
0.0386154313776091
-0.17296408543362163
-0.14975509722690847
====================
400
4
-2.126462276311841
-0.02810442448100803
0.9625390834943488
0.012721414004580513
8.752222509481264
0.21861019377721524
-5.568386209786986
-0.13908535655134466
0.10894395932821944
-0.8133769869998255
-0.10547067168477273
0.7874453772453172
====================
450
4
-2.9216176666892437
-0.033999933064878016
1.1693498440471473
0.013608151703190454
9.923587282878103
0.21717774637130524
-7.972604885525811
-0.17448048899965748
-0.039477166924098084
-0.031860658973298595
-0.2897433483051155
-0.23384185668338367
====================
500
4
-3.1421580014988706
-0.032694671037594075
2.7178664590731785
0.028279847722845374
9.740639837657092
0.18739541656297495
-11.813952493133378
-0.22728286699885095
0.10982977141034984
-0.8146031064409276
-0.3317689690043148
2.4607174293558676
