====================
0
2
0.0
0.0
4.253831908940242e-08
2.7530332607898227e-08
0.0
-0.0
-2.0613910578504147e-10
4.334951157017333e-11
0.0
0.0
-1.0070772472885344e-08
-0.014515884621556082
====================
50
2
-0.23586615580965997
-0.02125183048273057
-0.3594679656560995
-0.03238850543805984
-0.5278544118237143
-0.20019668383780867
-0.6100424638562574
-0.23136773233043625
-0.185102440971455
-0.1333157933322154
-0.1774993332166943
-0.12783982912128125
====================
100
2
0.8641486738580078
0.04335696804384142
-0.5755966599093512
-0.028879435616575685
-1.1520995945567414
-0.1225489636875495
-0.6775247860996174
-0.07206838783853725
-0.013021024993277027
1.5866802780629046
0.09181059941925754
-11.187603701773359
====================
150
2
0.11930005323248594
0.003960547672408957
-2.080007728797149
-0.06905252383103676
-2.105660592930654
-0.12228452410443448
-0.46706844309110096
-0.027124619456406096
-0.0459308239262608
-0.0367658556575357
0.06823588001536773
0.05462019404088166
====================
200
2
0.3188229872712398
0.00799957392769238
-1.6829305015919758
-0.042226337184401226
-2.7897735738682137
-0.1160293903208201
-0.3374292650815498
-0.014034010598762702
0.03933431550138655
-0.6494905453099792
0.12340424896708699
-2.0376582618394985
====================
250
2
-0.05270928718753254
-0.001061130458870196
-2.987553393300047
-0.06014469313258976
-1.9388489890666598
-0.06450485350456081
-0.661147724942456
-0.021996162353426343
-0.09141445257876102
-0.0706032337370585
-0.07498388411063361
-0.057913213359936364
====================
300
2
-0.2595096418503928
-0.004338757113439421
-3.400711939383001
-0.056856704870574856
-3.1484746239089674
-0.08416749573621674
-0.877936845272373
-0.023469697078068792
0.06556794563127487
-0.7554308643063538
0.16360304730199077
-1.8849270056670089
====================
350
2
-0.48638701006720453
-0.006999875502550065
-2.3889040328092364
-0.03438009336411746
-1.9046578268880694
-0.04426545065531032
-2.8125091168074974
-0.06536448792540465
0.06951038971760326
0.06130539099189107
-0.08825229994629002
-0.07783500820699336
====================
400
2
-0.9208829750360934
-0.011532372192264086
-0.8612863815860123
-0.01078603404106692
-1.8548675679086628
-0.037763104952553674
-6.909407291134762
-0.14066808715041906
0.036504613040015656
-0.6323105443130426
-0.3156939605035508
5.468257389374994
====================
450
2
-1.1984854247150878
-0.013379560893927119
0.3720252076510917
0.004153186861681656
-1.007508760053554
-0.018273219176192963
-9.420914170136797
-0.17086742696099347
0.09883082141363309
0.08947871256759288
-0.24824272758487476
-0.22475215070405355
====================
500
2
-0.719066346034964
-0.007261181795252087
2.434473420096481
0.024583481310874913
-0.2017244111303853
-0.003335928765554923
-12.138663070287024
-0.20073780403987132
0.09918732834618278
-0.8237136883593621
-0.33531433372547165
2.784660210110397
