====================
0
1
0.0
1.1918684640344792e-08
0.0
1.1918684640344792e-08
0.0
6.958367978913504e-08
0.0
6.958367978913504e-08
====================
50
1
0.05291839518476815
0.053683464961912564
0.005255174897613846
0.0007650697771444115
0.3793753114149325
0.3707336692456782
0.13067489388247175
0.01755599902635351
====================
100
1
0.09216172585551918
0.08649702782616497
0.037617045406605154
0.005664698029354209
0.6222580884008543
0.6128547029030297
0.2799805964208261
0.16796493619079353
====================
150
1
0.13138236525433578
0.1407264484096692
0.01649522456095187
0.009344083155333416
1.9742811546436498
1.5018541715116362
0.5258267680369161
0.5510869754439714
====================
200
1
0.11408953310919101
0.0961453470612918
0.022611627984170882
0.01794418604789922
3.6832591239536674
2.2126223739597255
0.5811354843832995
1.4885766384226102
====================
250
1
0.07491723777369241
0.06799930366175833
0.00226911358714299
0.006917934111934088
4.007652222742089
2.4419800837805017
1.098283286092811
2.1633742951830714
====================
300
1
0.08577161042845294
0.08471879039381802
0.0191278830303927
0.001052820034634916
2.9357045479637933
2.536802019273418
1.2935120276179781
2.169030647013624
====================
350
1
0.03951341964479793
0.05961081129829038
0.05033917388904863
0.020097391653492447
4.320471576210451
3.0858825902349794
1.2022042910929893
1.6550539553461359
====================
400
1
0.14516342905651652
0.15443212935823164
0.04786770911135567
0.00926870030171513
4.54154507669462
2.942966294133157
1.8638719863242796
2.390014701688539
====================
450
1
0.20333263927709488
0.20271727263307038
0.039957299052236994
0.0006153666440245065
2.2055578835829976
2.1530602194607233
1.96782719528847
2.3574900857376146
====================
500
1
0.09520518760022645
0.09114552969078815
0.04415187120022912
0.004059657909438297
2.4092513158272326
2.686097984424764
2.4322240017047294
0.30994443747622746
====================
550
1
0.013885045186968203
0.017155026690815145
0.004239155407371409
0.0032699815038469415
3.3746055034582234
3.50725299498385
2.6624343757077202
0.7250147744199043
====================
600
1
0.06738139745393534
0.08161431741257141
0.055405008912490374
0.014232919958636075
5.081299715791245
4.9609554212745
2.9540770475835125
1.6983060626268667
====================
650
1
0.12325236691450381
0.11909590373020851
0.04804270146562706
0.0041564631842953
5.180940323167442
6.420891096736479
3.2495365497613897
1.7500466714016956
====================
700
1
0.08319203566777955
0.07138668383064184
0.008073043596785068
0.011805351837137712
6.224354631470265
7.224344551037731
3.1008238592158097
1.2504440816790918
====================
750
1
0.04626961077204539
0.04473996000939329
0.05401907035449016
0.0015296507626521016
6.2313991257004515
6.9489914041703305
3.1643273266166294
1.1483585296407148
====================
800
1
0.001023146407038683
0.010589766833613259
0.14284107137504098
0.009566620426574576
8.3354196703729
8.514143702918046
3.716094767972319
2.4468513313209987
====================
850
1
0.15589674036253232
0.1555048653489005
0.1009423037350834
0.0003918750136318039
8.006591995775459
10.600078285574169
4.020013312622476
3.9177839836966153
====================
900
1
0.11042624774673993
0.09656800951640787
0.06554861407487511
0.013858238230332054
9.145627554190018
11.189188731304567
3.8148249187785437
2.151828537859783
====================
950
1
0.20456340051268596
0.1947034720946741
0.08242004098227595
0.009859928418011865
10.843666606004176
15.143529391915362
3.1073184637541336
4.344583112731629
====================
1000
1
0.4219780729218004
0.5563261829620221
0.09858185765038772
0.13434811004022168
13.625448050670208
24.024826131847995
3.734823356432485
10.650188250725797
