====================
0
2
0.0
1.0814095504631056e-08
0.0
1.0814095504631056e-08
0.0
4.483447492894795e-08
0.0
4.483447492894795e-08
====================
50
2
0.07856425954414081
0.07786113993310284
0.04782717376689738
0.0007031196110379723
0.7137063860701659
0.6983791604276315
0.3404315400459149
0.022614389117692268
====================
100
2
0.05069194590545334
0.04855459964369757
0.059520023004577594
0.002137346261755768
1.6399540812140745
1.312881042749714
1.079384683755117
0.3714865039585334
====================
150
2
0.031066273757353047
0.027684166076198502
0.02622690017210816
0.0033821076811545447
1.4724550433849304
0.9777661634774366
1.4515395664202433
0.496625153993822
====================
200
2
0.22239396491844932
0.21088464227218282
0.0848758762841837
0.011509322646266494
1.3902321166353722
1.2489307880654401
1.366298860093362
0.6003881569725021
====================
250
2
0.12341491846106611
0.11637836937844293
0.060985065216442536
0.007036549082623189
1.8336116035409769
0.9476129035263906
2.2329704339627034
1.7632394739126043
====================
300
2
0.052965620387521506
0.04256425619644366
0.019606666982634247
0.010401364191077844
3.1304903994663427
1.5274399162265286
2.7186929051523743
1.7967997815450067
====================
350
2
0.08305562755762086
0.076518611423665
0.01846290981807186
0.006537016133955853
1.5031841886696224
1.2405315092280818
2.7420823599241486
0.7564707924682416
====================
400
2
0.09750694072135437
0.11094800239225969
0.0906991723698364
0.013441061670905315
2.0724097007839344
2.0808521207451536
2.794763864053593
0.44372700702625734
====================
450
2
0.0227236826148689
0.007994630071975095
0.062295984616649536
0.014729052542893806
1.933188235101674
1.6342184346691235
1.9109314301418874
1.1015593334178109
====================
500
2
0.050961411065001405
0.05219226529864329
0.02548146091295611
0.001230854233641887
2.315400626525712
2.4792353430656515
1.3998195089058076
0.5193485180970409
====================
550
2
0.04260201650500739
0.051569614032033306
0.02928776083946172
0.008967597527025917
3.323718918353052
2.819938137537757
1.1765151908833669
1.8520360183507654
====================
600
2
0.09946494260484552
0.1000760454580572
0.07567401949060774
0.0006111028532116841
3.783517343877761
2.8583408111194424
0.6728307496322845
2.2142570407615842
====================
650
2
0.05416603757681848
0.05675586371099639
0.11037995083994079
0.0025898261341779083
2.9077062281142902
3.9010536581374287
1.5626964706290107
2.165213487857138
====================
700
2
0.07707706699856831
0.08603101092305732
0.07272263358578157
0.008953943924489005
3.0554070639989055
6.832358419422162
2.191529177963075
3.8460067786744014
====================
750
2
0.10127172273860219
0.10533583225357102
0.0924464856389755
0.004064109514968828
4.573813154346511
7.5521697233498015
2.7816561751383837
3.4207720478889465
====================
800
2
0.1969111650538211
0.19724494959579017
0.09565603106816394
0.0003337845419690809
6.3439373102386245
7.636751428469725
3.860281974229539
2.3587844968015648
====================
850
2
0.16486315643153138
0.16672045059943652
0.10542598675647441
0.0018572941679051436
7.750294636411705
9.927684780527708
4.503517980360264
2.402113446752914
====================
900
2
2.3406623498644796
2.3518611214260003
0.11532298542442754
0.011198771561520715
9.611809790473446
11.08325545032286
5.183171161517348
1.7507412916142677
====================
950
2
53.67978324807537
53.714524973137266
0.13621375963132332
0.03474172506189932
12.103196060080938
16.388986328793948
6.43087514606323
5.260492251862247
====================
1000
2
54.79484634099935
54.78674216863883
0.14799441448545902
0.008104172360524457
15.920601800727303
18.468959558084407
7.888433147529153
6.239786897870335
