====================
0
0
0.0
1.0328900816905515e-08
0.0
1.0328900816905515e-08
0.0
9.288422222501565e-08
0.0
9.288422222501565e-08
====================
50
0
0.04650029936037137
0.04827735748946749
0.05441944392031972
0.0017770581290961207
0.5047481556474906
0.4987309610998152
0.3458545708474799
0.009159778519373394
====================
100
0
0.020212589527984992
0.010930060283318443
0.06691585065650107
0.009282529244666549
0.635980723116585
0.5193324965658864
0.7774493183973745
0.13432401619125342
====================
150
0
0.04926050234445367
0.0596865797589996
0.01170204710358802
0.010426077414545931
0.11719033326674036
0.31707192923375754
1.2964876401075527
0.20068907152163204
====================
200
0
0.07896828349898707
0.08638399821272343
0.024324392279193287
0.007415714713736361
0.7287460056556554
0.9275789097779169
1.2551519079924212
0.21876676187710087
====================
250
0
0.021809416479262378
0.022437126964788057
0.011022430413745399
0.0006277104855256788
0.7343003897377984
0.9089821010773966
1.0993530178331063
0.19896542916994095
====================
300
0
0.03387126608080093
0.025826642890246276
0.027952156663795247
0.008044623190554656
1.3447899740574374
0.9324476780595684
1.304195756737331
0.43801547704924476
====================
350
0
0.04602804369898106
0.0488825874621599
0.0478955680967188
0.0028545437631788406
1.6910432040720027
1.003407904339032
0.865129178341
0.7367926215934234
====================
400
0
0.059047605108359436
0.056290748521135144
0.12625411468399192
0.002756856587224293
2.7679340740761083
1.2326665080314316
0.9769464653244754
2.119884217069155
====================
450
0
0.03825778575919869
0.04039930261678537
0.11049873654774789
0.0021415168575866783
1.8755619720361678
1.818271992410161
1.4094656809858175
1.9639002778814345
====================
500
0
0.020017061616762533
0.0209079805106569
0.10094043437351452
0.0008909188938943657
1.0634057275958744
1.9019582860466235
2.438276561001912
0.9708460337438947
====================
550
0
0.03560697034541316
0.037859505039547825
0.109222198916062
0.002252534694134667
2.4767302789833425
2.4159434624422373
3.4633979681317952
1.9167539521731423
====================
600
0
0.0062768282715939495
0.003944432454375698
0.15456939351573465
0.002332395817218251
4.227713010869926
3.5023433537477158
4.5007260311640245
3.0500537800739274
====================
650
0
0.15864948639419174
0.15406243216525917
0.1068457329909831
0.004587054228932574
3.496406590979713
4.4863690153550655
5.583113746439887
2.966619336684103
====================
700
0
0.2188645700973204
0.23959156331440834
0.09484920686170506
0.02072699321708793
4.2502909390483214
6.991385683340503
6.647121988205944
2.821113952160105
====================
750
0
0.11707065532368333
0.12028143996893048
0.12071106000620535
0.0032107846452471556
6.567026227054437
8.11806915221472
7.318596379341509
1.9918265483210904
====================
800
0
0.15297691170212935
0.14945795749418922
0.14632658490051373
0.003518954207940142
8.338316803114159
8.753966851718221
8.641554088220007
1.9123240547987885
====================
850
0
0.29237317280868913
0.2961827407389155
0.08395614166220011
0.003809567930226354
9.27493211493011
11.219674620045065
9.481305830982304
2.1792067622947826
====================
900
0
0.23585744822937893
0.2543587623916388
0.02600688537790763
0.018501314162259863
11.762415439370482
12.799572775649786
9.799818432357743
1.1132171742704469
====================
950
0
1.5844994557616991
1.5635751696253497
0.006143432455382181
0.020924286136349446
23.71670525442113
16.459182308427824
9.867893710741175
7.4396689372191895
====================
1000
0
1.5154953199185284
1.4634879412601465
0.035649662545740625
0.05200737865838195
30.219568859501297
20.76195240570242
10.14860641391314
10.155922463972573
