====================
0
4
0.0
1.2739934645474806e-08
0.0
1.2739934645474806e-08
0.0
1.6002076965069945e-07
0.0
1.6002076965069945e-07
====================
50
4
0.045634905213326804
0.04944060015466323
0.007331494605350097
0.003805694941336424
0.45190357630513606
0.46872147113733376
0.19259362994060192
0.020578939131427654
====================
100
4
0.1023952330544593
0.10183109600174922
0.02663214995190888
0.0005641370527100786
0.8566023601522932
0.9217585710110472
0.5395778402247979
0.08992410286557667
====================
150
4
0.0015466178734997449
0.004231804382450077
0.0008552741045457779
0.0026851865089503324
2.223981426076254
1.495165710006779
0.6210689272024178
0.7485755113529017
====================
200
4
0.13513484651843738
0.10708277708118784
0.021499314464027586
0.028052069437249555
1.628007410588174
1.381548304454884
0.7269270021003618
0.558313370158572
====================
250
4
0.06356828201507603
0.05946879799663729
0.023516365109715442
0.004099484018438737
0.7565267394055569
0.7365618298934938
0.5104510792000411
0.7370408712714754
====================
300
4
0.0811046018851358
0.09224226839604621
0.0576363169260945
0.011137666510910416
3.0844200119379708
1.731092035230846
1.1246535562451483
1.3614698607327207
====================
350
4
0.06903509473086133
0.06505539687440098
0.009443257922250758
0.003979697856460351
2.50602178859519
1.8571653931137073
1.145530865212017
1.3690312086996348
====================
400
4
0.15874429103638832
0.1536113792068334
0.009763185779781074
0.005132911829554936
2.270793538069316
2.2190977632712667
1.520260082851699
1.31304339565515
====================
450
4
0.10417384891394543
0.10447578280559477
0.0026869860014062663
0.0003019338916493419
3.6519892040808175
2.017916253647321
1.122764739759486
1.795087862675076
====================
500
4
0.007844727187536815
0.0013212567893339244
0.02394052729725482
0.00916598397687074
5.054838169888465
2.7792961058682946
1.3995599584849174
2.304383763049325
====================
550
4
0.1363944854897533
0.14342089081795806
0.1165074354019664
0.0070264053282047545
4.893600779337575
3.2070296956741045
2.106437446575669
2.140905691624236
====================
600
4
0.21348709811661398
0.20842391155463125
0.11946049312782132
0.005063186561982732
4.1796244384830015
3.6598915402469228
2.846880990412844
1.345642933392616
====================
650
4
0.20923885779146945
0.20558133771267917
0.1880562489065415
0.0036575200787902773
6.879274712313809
4.266511775059741
4.1250859841052065
2.7386127670402467
====================
700
4
0.18129381981774384
0.17879473790798261
0.21921836304373743
0.002499081909761225
9.031473707366489
6.720559111027445
5.881790513967895
2.404636949149557
====================
750
4
0.2803215098006486
0.28132467013476725
0.2159394414571837
0.0010031603341186246
10.594476247471405
7.4488258866514565
8.14066043543148
3.339230321297094
====================
800
4
0.3096788298430183
0.31270588736435684
0.1857468327734222
0.0030270575213385033
10.348860804438063
8.32153250006582
9.646050826617488
2.686615816521894
====================
850
4
0.27728998141209804
0.2711627826544225
0.21966803218375974
0.006127198757675534
13.57806241252651
10.412063197486946
11.38830145365779
3.3326224856434004
====================
900
4
0.9548303436998307
0.9919224865571983
0.22358091873986075
0.037092142857367616
15.444689781230284
13.205917595852773
13.26901045421612
2.2743161164836563
====================
950
4
29.872142593892278
29.86421899323644
0.13589357868934915
0.007923600655836638
19.26563278223302
17.0902939673973
14.927950482371946
2.366413342123083
====================
1000
4
35.446882923404566
35.42913802966082
0.11341842142251211
0.01774489374375028
18.245804664202073
17.26720586907592
15.663989126161413
1.1172374650540418
