====================
0
3
0.0
1.2754806306104335e-08
0.0
1.2754806306104335e-08
0.0
1.5878933088135725e-07
0.0
1.5878933088135725e-07
====================
50
3
0.02926042125896311
0.029681189230678307
0.06567167435315824
0.00042076797171519686
0.5873799648899309
0.5476880894714733
0.37830144680025
0.047345479541331253
====================
100
3
0.09703652460302159
0.09791286755711215
0.03006882531454469
0.0008763429540905587
1.008689720435117
0.9983159017297384
0.9559026191995091
0.04420786568506964
====================
150
3
0.015710657099486047
0.013757671894989554
0.04090885131259436
0.0019529852044964935
0.7173831357077298
0.6316053717217511
1.24322112328804
0.13006896989676048
====================
200
3
0.047468988165208975
0.040628189571501855
0.023526640868608333
0.00684079859370712
1.3031435718496827
0.8512092346237251
1.5718052548595265
0.4768672744505839
====================
250
3
0.006558125245839097
0.0024574207301830686
0.00193461003901918
0.0041007045156560284
1.1447643498088307
0.7425254680413677
1.4477389064332697
0.437705806166711
====================
300
3
0.0034183012438013805
0.002967925665784632
0.050954339035718554
0.0063862269095860125
1.6504439033513216
1.2020180239436473
1.6043454054254058
0.45216827080596483
====================
350
3
0.04857398625273823
0.04914423409932811
0.06001612643156917
0.0005702478465898775
1.7077218471967255
1.912305548347307
1.9443251767150604
0.41688210751597765
====================
400
3
0.14124194719755273
0.12586909202997767
0.07374453135949915
0.01537285516757507
2.303637707289279
2.0603153000184316
2.2414922438765448
0.2974011454293699
====================
450
3
0.13249494200485135
0.14416080161517675
0.1020399131363674
0.011665859610325402
2.9201306570338494
2.4085644066516942
2.797175460428694
0.5347909802493371
====================
500
3
0.03430317531215765
0.03522068241210885
0.1401512982703521
0.0009175070999511981
4.731659129933931
3.128114180481359
3.6929092382714863
1.6393440526105454
====================
550
3
0.13915712902335786
0.13389842543872366
0.13004395144200387
0.005258703584634206
4.644875766857513
3.8229344504889036
4.6862814191147795
1.1129622389537681
====================
600
3
0.349174925610232
0.3418838043471932
0.09807321444505082
0.0072911212630388175
4.428796130140353
4.245178947490138
5.229446200205931
0.6891413392648026
====================
650
3
0.2431207290382542
0.23751612167316183
0.09117214832523435
0.0056046073650923844
7.597327548434538
5.579498827361031
6.092874110057974
2.024935298394729
====================
700
3
0.1356450213725915
0.12712959840274363
0.09521792983955257
0.008515422969847863
9.676085101988788
7.152678298289889
6.936532292033496
2.626399656386023
====================
750
3
0.12788884233244213
0.13442526077466432
0.1111077642060544
0.006536418442222192
10.070364863075273
7.461544697427082
7.773974195272994
2.790875149842145
====================
800
3
0.25943370338349314
0.26375113623429836
0.1305288037023668
0.004317432850805186
9.062066695589234
8.629944312417758
8.344325308562492
1.5796576729988816
====================
850
3
0.3048567158218183
0.3053808337371452
0.13408032083673938
0.000524117915326916
12.727167268084544
10.770447729452975
9.559437682480208
1.982113365943473
====================
900
3
0.15603074834217945
0.1523274053650192
0.13295210590688034
0.00370334297716024
15.268269537393879
11.500517832458655
10.871440762849646
3.7815725919150633
====================
950
3
41.0649283133183
41.056827210616
0.10271817826083418
0.008101102702303353
18.274980284670136
16.939144076550747
11.918469901343949
1.7059080833204368
====================
1000
3
52.38865192018972
52.34760829760547
0.10291516270879007
0.041043622584253224
11.967340345181809
16.5200177276368
12.860903125033976
5.793347941450704
