====================
0
2
0.0
2.481938897615474e-08
0.0
2.481938897615474e-08
0.0
3.301775346938336e-07
0.0
3.301775346938336e-07
====================
50
2
0.002346209299066482
0.008118838218698077
0.02684620441951968
0.005772628919631595
0.24972565828395482
0.43510400150350165
0.15342101665677113
0.19103880995000813
====================
100
2
0.02486087419067351
0.034063426229730354
0.05193420441952279
0.009202552039056844
0.4342580541342019
1.292012013808945
0.5395056077349517
0.870439602305163
====================
150
2
0.05559277754802361
0.041547859787415264
0.02633420441951939
0.014044917760608344
0.7980572316431113
1.7150176412342988
0.9921765555654375
1.2055293177863835
====================
200
2
0.028375072895469762
0.019343870440048882
0.0012462044195196004
0.00903120245542088
1.2554442555399103
2.428553448434521
1.0908322535222275
1.6040906710588008
====================
250
2
0.0023480911038853414
0.037188152076975234
0.02684620441951946
0.039536243180860575
1.4056986117590626
3.1225567292397196
1.2039299362077949
1.8897658351183713
====================
300
2
0.023169647648053182
0.05720133497112512
0.05193420441952279
0.034031687323071935
1.6544078940990314
4.274700828439758
1.642165020125075
2.7085318992679768
====================
350
2
0.052193433922349985
0.05504895605227822
0.02633420441951939
0.002855522129928234
2.015664998076555
4.8968494626079035
2.0904029132103408
3.153584202735137
====================
400
2
0.02667176289616
0.04669458345279553
0.0012462044195196004
0.020022820556635526
2.4716784656469724
5.924519961618824
2.1934992921748413
3.7527540790069245
====================
450
2
0.0023470356300749895
0.03139996440375259
0.02684620441951946
0.03374700003382758
2.607844158983683
6.4488842878599915
2.3037199369817323
4.21899243331285
====================
500
2
0.023172350868628122
0.08348715013707952
0.05193420441952279
0.0603147992684514
2.8596010204285536
7.416819670666102
2.7448341625081487
4.757626466694399
====================
0
2
0.0
1.2809132363163783e-08
0.0
1.2809132363163783e-08
0.0
1.7191978699685694e-07
0.0
1.7191978699685694e-07
====================
50
2
0.00234583003696609
0.008708558117759724
0.02684668020494896
0.006362728080793634
0.2568915156779055
0.7496351625371027
0.1654963103681756
0.5009682858766245
====================
100
2
0.023160955655861404
0.030615905339705485
0.051934680204952066
0.007454949683844081
0.4183369948882951
0.8250271994960112
0.556445994208579
0.40916478751495633
====================
150
2
0.05219252011355158
0.017304263140302867
0.02633468020494867
0.03488825697324871
0.7632999588156364
1.9369002394813009
1.0088137684316532
1.5163829824136743
====================
200
2
0.026675262003323028
0.005088868806993575
0.0012466802049488773
0.0317641308103166
1.2045740005929444
1.9281741459389508
1.1077858270134744
1.365945104490423
====================
250
2
0.0023475836977631115
0.004011661803886346
0.026846680204948736
0.0063592455016494576
1.3545235261748219
3.0880778053655
1.2209458791386962
2.2498735916790182
====================
300
2
0.023170392520732275
0.008678668915687915
0.051934680204952066
0.01449172360504436
1.5997234584797817
3.680834692644328
1.6591283809955457
2.7395303626922716
====================
350
2
0.052195140791899464
0.023909788774751695
0.02633468020494867
0.02828535201714777
1.9495614865830797
4.641927194682254
2.1072577176618084
3.447997111463252
====================
400
2
0.026673030241077148
0.056128461271283375
0.0012466802049488773
0.08280149151236052
2.4113218146741606
5.407307638694934
2.2104716199828753
4.202332000283352
====================
450
2
0.002346316632160894
0.01778746840746326
0.026846680204948736
0.015441151775302364
2.5526337102776333
6.2326721725143
2.320747650855922
4.683559278822742
====================
500
2
0.023173299857760732
0.020128714851452845
0.051934680204952066
0.003044585006307887
2.8028083067832146
6.714777153169597
2.761815133731096
4.863596715206772
====================
0
2
0.0
2.3964103943721777e-08
0.0
2.3964103943721777e-08
0.0
1.684463727414845e-07
0.0
1.684463727414845e-07
====================
50
2
0.002345473905628781
0.015113267252787832
0.025599999999999845
0.017458741158416613
0.2568904001496329
0.5499352818176682
0.15011392801116258
0.29309238334072646
====================
100
2
0.02146068176502558
0.05488057799268464
0.050688000000003175
0.03341989622765906
0.4064267908405414
1.0891469051165865
0.5300370931801994
0.7041546809726791
====================
150
2
0.0504912700575304
0.023589215172407085
0.025087999999999777
0.026902054885123317
0.7363410110327062
1.7334628213079215
0.9689066869651547
1.2586675104429523
====================
200
2
0.023273416507528066
0.0017199654334775882
9.71445146547012e-17
0.02155345107405048
1.1550175728572147
1.9477679413177242
1.060074186360393
1.1112465386518529
====================
0
2
0.0
1.0070772472887885e-08
0.0
1.0070772472887885e-08
0.0
4.253883518756691e-08
0.0
4.253883518756691e-08
====================
50
2
0.002345623453781087
0.004447134580230605
0.025600000000000067
0.006792758034011692
0.2568900972058765
0.6852622730995261
0.15011392801116033
0.4301261173500592
====================
100
2
0.02316100230280016
0.05071532467899198
0.050688000000003175
0.02755432237619182
0.41833517014928656
0.8463373260114894
0.530037093180195
0.5502363360318168
====================
150
2
0.05219256635653635
0.032829066880661895
0.025087999999999777
0.019363499475874457
0.7632984129408967
1.7404696316489083
0.9689066869651577
1.1437361521753933
====================
200
2
0.026675350549469765
0.013731970721171174
9.71445146547012e-17
0.012943379828298593
1.2045720990733806
2.142952834779772
1.060074186360404
1.225622320746129
====================
0
2
0.0
1.1971866928054891e-08
0.0
1.1971866928054891e-08
0.0
1.5990522874071404e-07
0.0
1.5990522874071404e-07
====================
50
2
0.002345615772352261
0.020102491483643403
0.025599999999999845
0.022448107255995664
0.2568910396160236
0.6148996700310353
0.15011392801116408
0.36009811374182965
====================
100
2
0.02316088415165707
0.03390307318691255
0.050688000000003175
0.010742189035255478
0.4183365949320279
1.2125547609661904
0.5300370931801937
0.8152373892096347
====================
0
2
0.0
2.0127696676716766e-08
0.0
2.0127696676716766e-08
0.0
2.5637700865263324e-07
0.0
2.5637700865263324e-07
====================
50
2
0.00234550054316629
0.0012908240021325401
0.025599999999999845
0.00363632454529883
0.2568900342649523
0.5782204709715134
0.15011392801116596
0.32262294013139864
====================
100
2
0.02316091018259714
0.04679283051105987
0.050688000000003175
0.02363192032846273
0.41833498010696757
1.038132882765402
0.5300370931802094
0.6708851863910718
====================
0
2
0.0
1.2266143615054738e-08
0.0
1.2266143615054738e-08
0.0
1.985103939765875e-07
0.0
1.985103939765875e-07
====================
50
2
0.002346275139503362
0.0010578536051109033
0.0
0.0012884215343924588
0.24972516054318292
0.5326268916763536
0.0
0.29224969603651496
====================
100
2
0.02316024760720259
0.035591987939091574
0.0
0.012431740331888985
0.42157544580513356
0.9212045867765798
0.0
0.5525843610810991
====================
0
2
0.0
2.5454430391878187e-08
0.0
2.5454430391878187e-08
0.0
3.975376738547465e-07
0.0
3.975376738547465e-07
====================
50
2
0.0023455771451674767
0.0018612809649884987
4.999999999943938e-05
0.000484296180178978
0.2568905736168014
0.7047579799693727
0.00029293446741901176
0.45688695783779415
====================
100
2
0.023160814321502077
0.041758515833664855
9.999999999976694e-05
0.01859770151216278
0.41833588607885375
1.2060145673813516
0.0010314741119129282
0.8032412291140655
====================
0
2
0.0
2.2149758022523498e-08
0.0
2.2149758022523498e-08
0.0
2.7816374544013828e-08
0.0
2.7816374544013828e-08
====================
50
2
0.002345596408657169
0.0003583568288516581
0.0004999999999999449
0.001987239579805511
0.2568908158945281
0.5638644425291607
0.0029293907959391037
0.3152232950993646
====================
100
2
0.02316093884642534
0.043171173359897175
0.0010000000000034426
0.020010234513471836
0.4183360054056199
0.8793253692815965
0.010315414759291321
0.5303483037215284
====================
0
2
0.0
2.4819388976159927e-08
0.0
2.4819388976159927e-08
0.0
3.3017751129505867e-07
0.0
3.3017751129505867e-07
====================
50
2
0.002345486943783337
0.012269028529292347
0.004999999999999671
0.014614515473075684
0.25689033835322284
0.5663200567642307
0.02929850253179598
0.3158889937787849
====================
100
2
0.02316092384984092
0.04081050278533915
0.010000000000003784
0.017649578935498234
0.41833566943481104
1.2639299709029561
0.10322126836274302
0.8659327696719847
====================
0
2
0.0
1.9481310092326327e-08
0.0
1.9481310092326327e-08
0.0
2.4509069506022194e-07
0.0
2.4509069506022194e-07
====================
50
2
0.00234550054316629
0.0029802451685634335
0.014999999999999014
0.0006347446253971434
0.2568900342649523
0.6344671465137484
0.08792579417417869
0.3824110633880562
====================
100
2
0.02316091018259714
0.04095935696759945
0.030000000000002025
0.01779844678500231
0.41833498010696757
0.9174443633308039
0.31010651881104156
0.540506028115
====================
0
2
0.0
1.2809132363163995e-08
0.0
1.2809132363163995e-08
0.0
1.7191978280988803e-07
0.0
1.7191978280988803e-07
====================
50
2
0.00234583003696609
0.00904525443937021
0.014999999999999236
0.006699424402404119
0.2568915156779055
0.5392968358004476
0.107327426439346
0.3096529533245052
====================
100
2
0.023160955655861404
0.03690400505106517
0.030000000000002025
0.013743049395203766
0.4183369948882951
0.8586929638524665
0.3490484322952452
0.46159958832389364
====================
0
2
0.0
1.1581854474478268e-08
0.0
1.1581854474478268e-08
0.0
1.2018163779664814e-07
0.0
1.2018163779664814e-07
====================
50
2
0.0023455211276504073
0.007362885273440867
0.014999999999999236
0.009708406401091274
0.25689014387014264
0.7803000419284809
0.15848429608380366
0.531733229265702
====================
100
2
0.02316095260960438
0.04157426766240402
0.030000000000002025
0.01841331505279964
0.4183352712957043
1.0006191113390652
0.42610142437391196
0.6578913015814704
====================
0
2
0.0
2.19257960247857e-08
0.0
2.19257960247857e-08
0.0
5.7190108896407126e-08
0.0
5.7190108896407126e-08
====================
50
2
0.0023453645070403706
0.002123762222868475
0.0
0.0044691267299088455
0.25689087654537507
0.5554317924188767
0.11743344214195506
0.30748590322396896
====================
100
2
0.023161009200940885
0.05136132002000737
0.0
0.028200310819066488
0.4183362798747075
1.0666613331612802
0.19125385056119337
0.7362449954911683
====================
0
2
0.0
1.0060806494657008e-08
0.0
1.0060806494657008e-08
0.0
1.267628027824493e-07
0.0
1.267628027824493e-07
====================
50
2
0.00234550054316629
0.01458124629895896
0.0
0.01692674684212525
0.2568900342649523
0.533025201309508
0.12614920542593525
0.29256831100507646
====================
100
2
0.02316091018259714
0.03948424363178882
0.0
0.01632333344919168
0.41833498010696757
0.9140246171539809
0.20544847228253163
0.5417025446670781
====================
0
2
0.0
2.3590502820826842e-08
0.0
2.3590502820826842e-08
0.0
1.0565592499603501e-07
0.0
1.0565592499603501e-07
====================
50
2
0.0023455278349835407
0.005886474070270875
0.0
0.008232001905254416
0.25689039050312035
0.564612138289909
0.17202164376263174
0.3092484209615381
====================
100
2
0.023160799786998254
0.05231281739466498
0.0
0.029152017607666725
0.41833551479794717
1.1457757866720715
0.28015700765799634
0.7369131980253951
====================
0
2
0.0
1.0378854629790268e-08
0.0
1.0378854629790268e-08
0.0
8.537687173428789e-08
0.0
8.537687173428789e-08
====================
50
2
0.0023459584720604276
0.0003290415724936935
0.0
0.002016916899566734
0.2568906588049891
0.7262017713401827
0.2293621916835076
0.47331589918098427
====================
100
2
0.0231608887274235
0.039255799123068424
0.0
0.016094910395644924
0.41833591423571104
0.9013334819112351
0.3735426768773274
0.5090850895055834
