====================
0
4
0.0
2.2108903121631994e-08
0.0
2.2108903121631994e-08
0.0
4.496828785016762e-08
0.0
4.496828785016762e-08
====================
50
4
0.002345434768794563
0.023386301138420995
0.026846663824842132
0.025731735907215558
0.2568909707344657
0.8404169136623585
0.16549703672639413
0.5875049690933927
====================
100
4
0.023160908222605414
0.05798146060933407
0.05193466382484546
0.034820552386728654
0.41833673806922766
1.0864478126152177
0.5564468831289251
0.7226074374909199
====================
150
4
0.05219262548494452
0.026587547002155487
0.026334663824842064
0.025605078482789034
0.7633007519104104
1.539636826513183
1.0088144552578513
1.0447084547336398
====================
200
4
0.02667557895692009
0.0023479088271316406
0.001246663824842273
0.02432767012978845
1.2045750291347566
2.0586304249001124
1.1077864352577427
1.2743852333585535
====================
250
4
0.0023474047451705893
0.015616022306201849
0.026846663824842132
0.017963427051372438
1.3545251126431148
2.900092843737289
1.2209463648549803
1.654735819154935
====================
300
4
0.023170281171073448
0.060613557758896874
0.05193466382484546
0.037443276587823426
1.5997254373420453
4.15348412310795
1.6591287082604909
2.6237429450515455
====================
350
4
0.052195256385462185
0.06814148661180419
0.026334663824842064
0.015946230226342006
1.949564208009829
4.6407457897006275
2.1072578679673484
2.9136348446410363
====================
400
4
0.02667336381798832
0.0005126758794679154
0.001246663824842273
0.027186039697456237
2.4113250060131644
5.2971389466321295
2.2104716661932264
3.264150609214644
====================
450
4
0.002346155035879649
0.02649380457165562
0.026846663824842132
0.02883995960753527
2.552637211449936
6.2628287277957915
2.32074757582196
4.04112233915178
====================
500
4
0.02317324176274216
0.08792558827649
0.05193466382484546
0.06475234651374784
2.802812238072699
7.583317362246944
2.7618148988568767
4.987166148971185
====================
0
4
0.0
1.1222290149040912e-08
0.0
1.1222290149040912e-08
0.0
5.035170522988691e-09
0.0
5.035170522988691e-09
====================
50
4
0.0023456234797027964
0.010643304603852766
0.026846634202511543
0.012988928083555562
0.2568900971227566
0.4774375901767408
0.16549773481535973
0.22207225377035777
====================
100
4
0.023160907187599555
0.04325572986654169
0.051934634202515095
0.020094822678942137
0.41833529298208016
0.9589145088446099
0.5564476894303068
0.594803639549183
====================
150
4
0.05219246304369318
0.023545749203083277
0.026334634202511698
0.028646713840609905
0.7632982864630373
1.6709106354328072
1.0088149143917198
1.2135691011356424
====================
200
4
0.026675133747387947
0.0063098403824622005
0.0012466342025119065
0.032984974129850145
1.2045720623903708
2.225987523296593
1.107786733701337
1.5686991168712634
====================
250
4
0.002347362306198475
0.000975625204221009
0.026846634202511765
0.003322987510419484
1.3545215295513542
3.1692428210687056
1.2209464356772206
2.313958980195589
====================
300
4
0.023170440175299234
0.03751888575032636
0.051934634202515095
0.014348445575027124
1.5997215733876136
3.3657578413690583
1.6591284984812364
2.2947110583893218
====================
350
4
0.052195052866599534
0.04580995755811079
0.026334634202511698
0.006385095308488742
1.9495594634384497
4.389190024128715
2.1072573453984784
3.306987102087469
====================
400
4
0.02667346270344256
0.019992808222314213
0.0012466342025119065
0.04666627092575677
2.411319604043768
5.061754995436448
2.210470948100458
3.855629123610949
====================
450
4
0.002346397664554356
0.00733117555363938
0.026846634202511765
0.009677573218193736
2.5526314440614493
6.375604692181409
2.3207466343009466
4.821512564786004
====================
500
4
0.023173222545032512
0.014967275722674422
0.051934634202515095
0.00820594682235809
2.8028059022913614
6.543560905605954
2.761813672414436
4.716997666728826
====================
0
4
0.0
2.4403561149845985e-08
0.0
2.4403561149845985e-08
0.0
2.0437383527323217e-07
0.0
2.0437383527323217e-07
====================
50
4
0.002345705348249183
0.018558079601372457
0.025600000000000067
0.02090378494962164
0.25689144726969476
0.6930992674635191
0.15011392801116383
0.43874976631246265
====================
100
4
0.02316115931337137
0.03580703921181483
0.050688000000003175
0.012645879898443457
0.41833708594074037
0.9485635781429039
0.5300370931801965
0.6645348818917877
====================
150
4
0.052192542442466516
0.04601168964299096
0.025087999999999777
0.006180852799475556
0.7463587112945073
1.3875913696789905
0.9689066869651543
0.7949409675621145
====================
200
4
0.024974566093595378
0.015730282135630626
9.71445146547012e-17
0.040704848229226
1.1795481186290626
1.9468350735235413
1.060074186360394
1.2696842771158208
====================
0
4
0.0
9.850504907977101e-09
0.0
9.850504907977101e-09
0.0
7.396284347722029e-08
0.0
7.396284347722029e-08
====================
50
4
0.002345888505179472
0.0051596141738745604
0.025600000000000067
0.0075055026790540325
0.2568901210063907
0.5044577668804767
0.15011392801116522
0.25710621078022833
====================
100
4
0.023161108430017396
0.05818991197788792
0.050688000000003175
0.035028803547870524
0.41833516433167695
0.8350697968268879
0.5300370931802015
0.49725226851709226
====================
150
4
0.05219263099898419
0.06945011052181127
0.025087999999999777
0.01725747952282708
0.7632978075733482
1.5373919191134966
0.9689066869651567
1.0087344672212142
====================
200
4
0.0266752609313812
0.022405737805339655
9.71445146547012e-17
0.004269523126041546
1.2045712312274555
1.9735889803651423
1.0600741863603986
1.005640094113202
====================
0
4
0.0
1.0662942109104933e-08
0.0
1.0662942109104933e-08
0.0
1.8297530454720312e-08
0.0
1.8297530454720312e-08
====================
50
4
0.002345744276261552
0.02046696501001999
0.025599999999999845
0.02281270928628154
0.25689002511706616
0.8221582566434421
0.1501139280111622
0.5652823825093524
====================
100
4
0.02316092596865893
0.044528906719629724
0.050688000000003175
0.021367980750970794
0.41833513061931543
0.9594612696537803
0.5300370931802006
0.5547964827495996
====================
0
4
0.0
2.5032340755159808e-08
0.0
2.5032340755159808e-08
0.0
2.7252776057896665e-07
0.0
2.7252776057896665e-07
====================
50
4
0.0023454869682675294
0.008403211727450177
0.025600000000000067
0.010748698695717707
0.25689033827629487
0.721932859831689
0.15011392801116427
0.4799286792577766
====================
100
4
0.023161054682156124
0.05332950267716319
0.05068800000000362
0.030168447995007064
0.4183356580768284
1.1332010159019492
0.5300370931801983
0.8071441097672191
====================
0
4
0.0
1.202878040888319e-08
0.0
1.202878040888319e-08
0.0
7.821108169322728e-08
0.0
7.821108169322728e-08
====================
50
4
0.002345661411215394
0.014193375267375297
0.0
0.01653903667859069
0.25689132514807156
0.6640429275135279
0.0
0.40841847267876036
====================
100
4
0.02316101035503637
0.03760342359251778
0.0
0.01444241323748141
0.4183370109814446
0.7756770660610973
0.0
0.3882516813706548
====================
0
4
0.0
2.123504433323215e-08
0.0
2.123504433323215e-08
0.0
1.3078213553211573e-07
0.0
1.3078213553211573e-07
====================
50
4
0.0023456234797027964
0.019833941315256176
4.999999999943938e-05
0.022179564794958972
0.2568900971227566
0.3403090016729127
0.00029293446741819905
0.14135859673599094
====================
100
4
0.023160907187599555
0.06624418566147083
0.00010000000000021103
0.04308327847387128
0.41833529298208016
1.0228799281793293
0.0010314741119172952
0.770776311108577
====================
0
4
0.0
2.0127594177768568e-08
0.0
2.0127594177768568e-08
0.0
2.563910219574019e-07
0.0
2.563910219574019e-07
====================
50
4
0.0023455005688737263
0.005489647239525608
0.0004999999999999449
0.007835147808399334
0.25689003418262724
0.7370539902252805
0.002929390795937249
0.49297566491115474
====================
100
4
0.023160663684371308
0.06345555703834593
0.0010000000000029985
0.040294893353974626
0.4183350850524071
0.9834839287594818
0.010315414759286988
0.7065474220684528
====================
0
4
0.0
2.5715848401874697e-08
0.0
2.5715848401874697e-08
0.0
4.1358942252237957e-07
0.0
4.1358942252237957e-07
====================
50
4
0.002345364170692532
0.012848983241515066
0.004999999999999671
0.015194347412207598
0.25689202613540835
0.7518981011127182
0.029298502531794637
0.49991755290711737
====================
100
4
0.023161258218437286
0.0320002485136377
0.010000000000003784
0.00883899029520041
0.4183377924583438
0.682565903960175
0.10322126836274685
0.31120112318684806
====================
0
4
0.0
2.3377863545429627e-08
0.0
2.3377863545429627e-08
0.0
9.806672097923816e-08
0.0
9.806672097923816e-08
====================
50
4
0.0023456515504460818
0.0116361698672931
0.014999999999999236
0.013981821417739182
0.256890311655587
0.8291414212233046
0.0879257941741836
0.5736780726050712
====================
100
4
0.023160984154606545
0.0254408659464489
0.030000000000002025
0.002279881791842353
0.4183353446378598
0.951427196022261
0.3101065188110433
0.5605181989201111
====================
0
4
0.0
1.226605452340185e-08
0.0
1.226605452340185e-08
0.0
1.9850384721599156e-07
0.0
1.9850384721599156e-07
====================
50
4
0.0023454055160361253
0.001697216743902219
0.014999999999999236
0.004042622259938344
0.2568913028318086
0.8040888933327969
0.10732742643934307
0.5626204112841459
====================
100
4
0.023161117487906502
0.04563538789563326
0.030000000000002025
0.02247427040772676
0.41833688893714954
0.8771455788075136
0.34904843229524285
0.5291749999836906
====================
0
4
0.0
1.0060751993805807e-08
0.0
1.0060751993805807e-08
0.0
1.2676953512249036e-07
0.0
1.2676953512249036e-07
====================
50
4
0.0023455005688737263
0.021532815430753027
0.014999999999999236
0.023878315999626754
0.25689003418262724
0.6243921633814487
0.1584842960838062
0.36984444078858936
====================
100
4
0.023160663684371308
0.05094427927077394
0.030000000000002025
0.027783615586402632
0.4183350850524071
1.0533728545173102
0.4261014243739116
0.6697426667035232
====================
0
4
0.0
2.5549030918174704e-08
0.0
2.5549030918174704e-08
0.0
3.319340396811792e-07
0.0
3.319340396811792e-07
====================
50
4
0.0023458300607248628
0.021056206896757912
0.0
0.023402036957482775
0.2568915156028729
0.6833633761549942
0.11743344214195907
0.4275612741244122
====================
100
4
0.02316116943940605
0.053073405202732626
0.0
0.029912235763326578
0.4183369468774281
1.105056022328118
0.19125385056119018
0.7513543463056575
====================
0
4
0.0
1.1930884938060037e-08
0.0
1.1930884938060037e-08
0.0
1.462832164910484e-07
0.0
1.462832164910484e-07
====================
50
4
0.002345661411215394
0.011018731978940322
0.0
0.013364393390155715
0.25689132514807156
0.4844020048446038
0.12614920542592722
0.22920221012205744
====================
100
4
0.02316101035503637
0.031909839784206806
0.0
0.008748829429170435
0.4183370109814446
0.7626794810478518
0.20544847228252386
0.4999216909940689
====================
0
4
0.0
2.555392504628819e-08
0.0
2.555392504628819e-08
0.0
3.368737550683027e-07
0.0
3.368737550683027e-07
====================
50
4
0.002345423553653303
0.01743686438625991
0.0
0.019782287939913212
0.25689081154590243
0.6427651200768991
0.17202164376263118
0.38717760160046694
====================
100
4
0.023160929638744054
0.049135611104544896
0.0
0.025974681465800842
0.418336266644382
1.0616399263497156
0.280157007657997
0.670053767682089
====================
0
4
0.0
1.2373425309249963e-08
0.0
1.2373425309249963e-08
0.0
1.253022206936066e-07
0.0
1.253022206936066e-07
====================
50
4
0.0023455560624077165
0.00458434553521303
0.0
0.006929901597620747
0.2568900590789217
0.6046084922186757
0.2293621916835105
0.3569968165974502
====================
100
4
0.023160833898245414
0.049855725757152136
0.0
0.026694891858906722
0.41833524485439355
1.1056746203761258
0.3735426768773324
0.6925054777649988
