====================
0
3
0.0
2.0190156186072076e-08
0.0
2.0190156186072076e-08
0.0
1.7009806222901556e-07
0.0
1.7009806222901556e-07
====================
50
3
0.0006446651265845649
0.010420538629793308
0.026846646704659083
0.011065203756377873
0.27372364069686744
0.6268723664500091
0.1654973257343729
0.3643009964702486
====================
100
3
0.02486158715525333
0.024978769839577364
0.05193464670466241
0.00011718268432403534
0.43056649189876856
1.0592833337678078
0.5564471985266211
0.6711322877563645
====================
150
3
0.0555941471999255
0.061360111466008505
0.026334646704659015
0.005765964266083001
0.7845097774425538
1.460480679855895
1.00881457324862
0.7466113121683268
====================
200
3
0.030076687480507173
0.015369222736017018
0.001246646704659224
0.014707464744490155
1.2554160816327358
2.0913103558882584
1.1077864570928124
1.24914235462805
====================
250
3
0.001054062967175362
0.010662199594762667
0.026846646704659083
0.009608136627587305
1.4377789936104097
2.90486253326906
1.2209462541729679
1.7099817696029365
====================
300
3
0.026572075395261407
0.08093037550541249
0.05193464670466241
0.05435830011015108
1.6940321050767801
3.7768868475293425
1.6591284363533847
2.16781361963967
====================
350
3
0.05559663293466044
0.10794198419216383
0.026334646704659015
0.05234535125750339
2.075658879931809
4.567499419381405
2.1072574165444538
2.687492484817462
====================
400
3
0.030074779321496256
0.05599045265952738
0.001246646704659224
0.025915673338031124
2.5652141155165347
5.442976733708054
2.2104711004993227
3.371437128358441
====================
450
3
0.0010550734618495206
0.022374905782978072
0.026846646704659083
0.02131983232112855
2.735663996275732
6.473562853557648
2.32074688030492
4.291601735086225
====================
500
3
0.026574753913038762
0.07163087328715223
0.05193464670466241
0.04505611937411347
2.9993783828242675
7.491512832379962
2.7618140393583506
4.7656376958301525
====================
0
3
0.0
1.2467123130713116e-08
0.0
1.2467123130713116e-08
0.0
2.1838373365490667e-07
0.0
2.1838373365490667e-07
====================
50
3
0.0023456096568119644
0.0009480944152167048
0.02684664753894994
0.003293704072028669
0.2568905119566587
0.7176656309811352
0.16549701583552717
0.47436566623525406
====================
100
3
0.023161059863362254
0.043884821415409725
0.05193464753895327
0.02072376155204747
0.41833571084799637
0.9730619034901088
0.5564468046894968
0.5900204910426841
====================
150
3
0.05049217499444669
0.037833406158694904
0.026334647538949874
0.012658768835751788
0.7701168827989903
1.7269310523934296
1.008814198513657
1.2696725704104839
====================
200
3
0.026675052670900545
0.003204056464768312
0.0012466475389500825
0.023470996206132234
1.2045723834103035
2.15317422267912
1.1077860774134063
1.4990808446701427
====================
250
3
0.002347513832286152
0.020842129369590623
0.02684664753894994
0.01849461553730447
1.3545216782462368
2.92738995009573
1.2209458773939355
2.1108977424253585
====================
300
3
0.02317023073861435
0.016940151571561035
0.05193464753895327
0.006230079167053315
1.5997217726353101
3.5223789665586898
1.6591280709394434
2.4718851903875927
====================
350
3
0.05219506900554194
0.06480543168631403
0.026334647538949874
0.012610362680772091
1.949559431083979
4.56810959518523
2.1072570636987256
3.4727697842532685
====================
400
3
0.026673022806829164
0.012274456820414156
0.0012466475389500825
0.014398565986415007
2.4113196072868823
5.1897577199801095
2.2104707493775866
3.842042896125732
====================
450
3
0.0023463853132394963
0.0014871005016414696
0.02684664753894994
0.003833485814880966
2.552631228569892
6.366899250648483
2.3207465331710884
4.91031935570632
====================
500
3
0.02317321042497733
0.04105721556559505
0.05193464753895327
0.01788400514061772
2.8028057637841837
6.32667037537066
2.761813702539487
4.476871462736083
====================
0
3
0.0
1.91726184497431e-08
0.0
1.91726184497431e-08
0.0
2.738800715679164e-07
0.0
2.738800715679164e-07
====================
50
3
0.0023453781293267806
0.013919808396267053
0.025600000000000067
0.016265186525593833
0.25689048179913826
0.7322011831816649
0.15011392801116563
0.4774460379929622
====================
100
3
0.023160975111726767
0.008852664242174235
0.050688000000003175
0.014308310869552532
0.41833578043586683
0.7287882223938834
0.5300370931801973
0.31497276784700046
====================
150
3
0.05219275848439975
0.06067891475398657
0.025087999999999777
0.00848615626958682
0.7632990015027444
1.4911348252972862
0.9689066869651561
0.9905738865351703
====================
200
3
0.026675071913030965
0.019251623470256336
9.71445146547012e-17
0.007423448442774625
1.204572770216705
1.9048228877017521
1.0600741863603933
1.3594516839438893
====================
0
3
0.0
1.1984706940500125e-08
0.0
1.1984706940500125e-08
0.0
1.6038284509835877e-07
0.0
1.6038284509835877e-07
====================
50
3
0.00234561612275197
0.013263513769369295
0.025599999999999845
0.015609129892121265
0.25689077944539734
0.8867400528729928
0.1501139280111614
0.6405100274092135
====================
100
3
0.023160811406648385
0.04525552837655811
0.050688000000003175
0.022094716969909722
0.41833615884531555
0.8232062943617251
0.5300370931802005
0.5928182915776236
====================
150
3
0.05219267592505106
0.06625778908179636
0.025087999999999777
0.014065113156745301
0.7632984988265987
1.7543045533429826
0.9689066869651569
1.0986011264136708
====================
200
3
0.0266752961808494
0.004084210344778119
9.71445146547012e-17
0.022591085836071282
1.204572109086135
2.0564674061741934
1.0600741863603977
1.1400034178473497
====================
0
3
0.0
1.104663408801366e-08
0.0
1.104663408801366e-08
0.0
2.6790900325656457e-08
0.0
2.6790900325656457e-08
====================
50
3
0.0023457911042139568
0.016525437849115532
0.025600000000000067
0.01887122895332949
0.2568898268617073
0.5808532755806413
0.1501139280111672
0.32477467990323966
====================
100
3
0.02146047641162685
0.040050004069900336
0.05068800000000362
0.018589527658273486
0.40642585281124066
1.0882292647355598
0.5300370931802044
0.7578542213536762
====================
0
3
0.0
2.2149699503110403e-08
0.0
2.2149699503110403e-08
0.0
2.7830683348366927e-08
0.0
2.7830683348366927e-08
====================
50
3
0.002345492242368241
0.02325952702931544
0.025600000000000067
0.025605019271683682
0.2568906637505711
0.6906475215348524
0.15011392801116633
0.43632076173507395
====================
100
3
0.023161028673772233
0.04211365394004307
0.050688000000003175
0.01895262526627084
0.4183361054549813
1.0766608519760745
0.5300370931802033
0.7082077032732264
====================
0
3
0.0
1.032888670323883e-08
0.0
1.032888670323883e-08
0.0
9.288271857244488e-08
0.0
9.288271857244488e-08
====================
50
3
0.002345888505123961
0.017047801640053928
0.0
0.01939369014517789
0.25689012100662006
0.6550024724723821
0.0
0.39831590634936587
====================
100
3
0.023161108429024413
0.05164241463292907
0.0
0.028481306203904655
0.4183351643334317
0.9073210557877271
0.0
0.5822050164904777
====================
0
3
0.0
2.1405341596348906e-08
0.0
2.1405341596348906e-08
0.0
3.4881954712483914e-08
0.0
3.4881954712483914e-08
====================
50
3
0.0023453855913460053
0.020612722290869856
4.9999999999661426e-05
0.02295810788221586
0.2568902825006218
0.7861535140990917
0.0002929344674210015
0.531655368729343
====================
100
3
0.024861758033396963
0.03238795018168572
0.00010000000000021103
0.007526192148288757
0.4305662567041518
0.9695746443086208
0.0010314741119192986
0.5392251999586956
====================
0
3
0.0
2.3963981748197436e-08
0.0
2.3963981748197436e-08
0.0
1.6843316733611618e-07
0.0
1.6843316733611618e-07
====================
50
3
0.004045841681730833
0.019545381028039266
0.0004999999999999449
0.0235912227097701
0.24007563906635895
0.7579142688320782
0.002929390795939447
0.5178643174204339
====================
100
3
0.021460747483716958
0.042536638415180406
0.0010000000000029985
0.021075890931463448
0.40642673596876333
0.8225745173965069
0.01031541475929033
0.49856910225198636
====================
0
3
0.0
1.9481208143919157e-08
0.0
1.9481208143919157e-08
0.0
2.451041935877955e-07
0.0
2.451041935877955e-07
====================
50
3
0.002345500569046477
0.017222140266277552
0.004999999999999671
0.01956764083532403
0.2568900341826636
0.753463266015263
0.029298502531796233
0.49677952190384317
====================
100
3
0.02316066368535985
0.03169026918367335
0.010000000000003784
0.008529605498313497
0.4183350850495808
0.8761260504250166
0.10322126836275039
0.49354784772106725
====================
0
3
0.0
2.5802839776108928e-08
0.0
2.5802839776108928e-08
0.0
3.4000559179298434e-07
0.0
3.4000559179298434e-07
====================
50
3
0.0023453641709922923
0.002465514261175361
0.014999999999999236
0.00012015009018306877
0.2568920261351294
0.7835813816663837
0.08792579417418309
0.5560212403421546
====================
100
3
0.02316125821877435
0.034330570498244395
0.030000000000002025
0.011169312279470045
0.4183377924569403
0.7657640864476468
0.31010651881103996
0.3768095583141173
====================
0
3
0.0
1.1336171280737028e-08
0.0
1.1336171280737028e-08
0.0
8.269238430363705e-08
0.0
8.269238430363705e-08
====================
50
3
0.0023454887071789887
0.013277147947895473
0.014999999999999236
0.015622636655074462
0.2568907836739955
0.6562604200984363
0.10732742643934537
0.40835814728700076
====================
100
3
0.02316096693571934
0.04710678583342487
0.030000000000002025
0.02394581889770553
0.41833658271126467
0.8353559442785427
0.3490484322952521
0.45381636975551326
====================
0
3
0.0
1.2409266733322084e-08
0.0
1.2409266733322084e-08
0.0
1.2736318586612823e-07
0.0
1.2736318586612823e-07
====================
50
3
0.0023455649862900163
0.012200411587280469
0.014999999999999236
0.014545976573570485
0.2568915979454294
0.6233599882841105
0.15848429608380663
0.36797036047084625
====================
100
3
0.023161298592162094
0.025449601805860755
0.030000000000002025
0.0022883032136986614
0.41833727260874315
0.8469113841090516
0.42610142437390247
0.4331848098362707
====================
0
3
0.0
2.12658357339881e-08
0.0
2.12658357339881e-08
0.0
5.6081208154755114e-08
0.0
5.6081208154755114e-08
====================
50
3
0.0023457880448110036
0.014155332843714952
0.0
0.016501120888525955
0.2568907446852489
0.5524639979719916
0.11743344214196194
0.29716833027119205
====================
100
3
0.023161047443053917
0.035029836542877835
0.0
0.011868789099823918
0.41833577335666966
0.9954174111448755
0.19125385056119015
0.6288861547174002
====================
0
3
0.0
1.2352126842303073e-08
0.0
1.2352126842303073e-08
0.0
1.1178085195034975e-07
0.0
1.1178085195034975e-07
====================
50
3
0.00234548696825021
0.022163473087244423
0.0
0.024508960055494633
0.25689033827623914
0.6317924780112045
0.12614920542592775
0.37982477672041226
====================
100
3
0.023161054682251603
0.024805525544367324
0.0
0.0016444708621157211
0.4183356580760078
0.7536421700949337
0.2054484722825296
0.3798746429181485
====================
0
3
0.0
2.0086010366148516e-08
0.0
2.0086010366148516e-08
0.0
1.7409590755887052e-07
0.0
1.7409590755887052e-07
====================
50
3
0.004045243345859539
0.011155244729444957
0.0
0.015200488075304497
0.2483143983701211
0.6504460581276066
0.17202164376263127
0.40472055859645767
====================
100
3
0.0231620127840948
0.03875822999646594
0.0
0.015596217212371144
0.41576466456898975
0.8408011512041359
0.2801570076579949
0.5062947099966276
====================
0
3
0.0
1.246608968757106e-08
0.0
1.246608968757106e-08
0.0
1.3360801382521434e-07
0.0
1.3360801382521434e-07
====================
50
3
0.002345753697191144
0.01725019844030884
0.0
0.019595952137499983
0.2568911848743368
0.5227560350509978
0.22936219168351338
0.2668764577404541
====================
100
3
0.023161110964268428
0.03586487049223175
0.0
0.01270375952796332
0.4183366589786394
0.8912431575783167
0.37354267687733683
0.487731853494511
