====================
0
0
0.0
2.0427982382258363e-08
0.0
2.0427982382258363e-08
0.0
2.1907078237934463e-07
0.0
2.1907078237934463e-07
====================
50
0
0.0023456547061719846
0.0032156454569018944
0.026846640792227205
0.0008699907507299098
0.2568900214286191
0.4936816509291395
0.1654974888400348
0.26751234344357516
====================
100
0
0.02316082343387027
0.04289708878524978
0.051934640792230535
0.01973626535137951
0.4183351060370411
1.22551152312989
0.5564473937957595
0.9144202805995222
====================
150
0
0.05219241225520399
0.012728068367346967
0.026334640792227137
0.03946434388785702
0.763297267961523
1.9481469252677055
1.0088146988680748
1.3038347595850028
====================
200
0
0.02667498230430723
0.014973069483259082
0.0012466407922273465
0.04164805178756631
1.204570838999508
2.2764432449517984
1.107786550998909
1.490038098308962
====================
250
0
0.0023476637593360383
0.006467601651912069
0.026846640792227205
0.008815265411248108
1.3545199325546444
3.2047176323435544
1.2209463025452274
1.9612039832741428
====================
300
0
0.023170395806462185
0.06772265956290058
0.051934640792230535
0.04455226375643839
1.5997196314985518
4.137881795706459
1.6591284288220867
2.5950723121111343
====================
350
0
0.052195114382973085
0.0763535984652206
0.026334640792227137
0.024158484082247522
1.9495568867501831
4.828465817454858
2.1072573464797557
3.0176535626411094
====================
400
0
0.026673217377723827
0.01524332655261375
0.0012466407922273465
0.011429890825110077
2.411316693985437
5.468253527572452
2.210470991512182
3.3161195387999025
====================
450
0
0.002346547240890118
0.010267650454451438
0.026846640792227205
0.012614197695341556
2.5526281315686528
6.489428777173702
2.320746726711825
4.22589994351404
====================
500
0
0.02317300531631661
0.05171054748758186
0.051934640792230535
0.02853754217126525
2.8028023764078185
7.776246058409
2.761813828907975
5.170813198975648
====================
0
0
0.0
1.2028770435707734e-08
0.0
1.2028770435707734e-08
0.0
7.820945271119023e-08
0.0
7.820945271119023e-08
====================
50
0
0.002345595637919029
0.015285324108319509
0.026846657566929943
0.01293972847040048
0.25689135853219364
0.5375718829646315
0.16549646021046208
0.3008011152099073
====================
100
0
0.023160872374882846
0.025758469986362442
0.05193465756693305
0.0025975976114795962
0.41833702596169126
0.9076585830184879
0.5564461154064768
0.5386108616295963
====================
150
0
0.052192645427520334
0.0064421814694517465
0.026334657566929653
0.04575046395806859
0.7632998160366918
2.0126816508155994
1.008813636186107
1.5553206260243853
====================
200
0
0.026675367531287533
0.015679176141560933
0.0012466575669298624
0.042354543672848466
1.2045735603852337
2.2774209770145877
1.1077855599138613
1.6799212628418123
====================
250
0
0.002347412126700421
0.04252234405359778
0.02684665756692972
0.04017493192689736
1.3545231409054987
2.452866748878057
1.2209454338827463
1.7502904127490193
====================
300
0
0.023170073989091655
0.009937499766301983
0.05193465756693305
0.03310757375539364
1.5997231842715205
3.189120705765158
1.6591277254410113
2.1690128479684576
====================
350
0
0.050494090220469134
0.016631315307529038
0.026334657566929653
0.06712540552799817
1.9427270256587468
4.682488205017573
2.107256827804892
3.560076976300277
====================
400
0
0.02497236953469057
0.037626019769874154
0.0012466575669298624
0.06259838930456472
2.386429490928213
5.0608702426267405
2.2104705759342553
3.8289862173061464
====================
450
0
0.004047070587990476
0.03862680980197908
0.02684665756692972
0.0345797392139886
2.5096559232763442
6.146306853600519
2.320746433236208
4.744619526476887
====================
500
0
0.021472216451117188
0.0022934269055765455
0.05193465756693305
0.023765643356693733
2.7552472675925066
6.435254588556072
2.7618137011727915
4.788725406258597
====================
0
0
0.0
2.441978475137573e-08
0.0
2.441978475137573e-08
0.0
2.0486011485524015e-07
0.0
2.0486011485524015e-07
====================
50
0
0.0023453493533434067
0.002685983213180476
0.025600000000000067
0.0003406338598370695
0.25689057624483724
0.6844620038628224
0.15011392801117185
0.4574606826917
====================
100
0
0.023161012170058726
0.02550073673668063
0.05068800000000362
0.0023397245666219035
0.4183360910393441
0.6361108853201956
0.5300370931802111
0.32062472535633074
====================
150
0
0.052192649655578016
0.03248547335652874
0.02508800000000022
0.019707176299049278
0.7632991347859607
1.8307308671568316
0.9689066869651699
1.2221349424072965
====================
200
0
0.02667500860351974
0.014044856292900235
3.469446951953614e-16
0.040719864896419974
1.2045729114123531
1.9204601818649056
1.0600741863604257
1.1281040277722645
====================
0
0
0.0
1.1323668186709768e-08
0.0
1.1323668186709768e-08
0.0
1.0109352909632675e-08
0.0
1.0109352909632675e-08
====================
50
0
0.0023457932973087736
0.005061997887834568
0.025600000000000067
0.0027162045905257948
0.25689017731107966
0.5167899244608855
0.15011392801116452
0.30674048466943754
====================
100
0
0.023160841322276582
0.0327617801080371
0.050688000000003175
0.009600938785760516
0.4183352681611223
0.8577580855645704
0.5300370931802044
0.5857555027823387
====================
150
0
0.05219249176529139
0.05520713084219664
0.025087999999999777
0.0030146390769052456
0.7632982227349677
1.729401466759595
0.9689066869651648
1.039684578957035
====================
200
0
0.026675003133577017
0.000631830166216108
9.71445146547012e-17
0.027306833299793123
1.204571944642265
2.1340420154361834
1.0600741863604124
1.2102730547964242
====================
0
0
0.0
1.0378767730038948e-08
0.0
1.0378767730038948e-08
0.0
8.538521928179907e-08
0.0
8.538521928179907e-08
====================
50
0
0.0023455043874018866
0.011317066833561373
0.025600000000000067
0.008971562446159487
0.25689050517254647
0.4960909500378365
0.1501139280111696
0.24127371102261796
====================
100
0
0.023161050522227278
0.0042625737536576835
0.050688000000003175
0.018898476768569594
0.4183358834515845
1.0601129001522875
0.5300370931802161
0.6427065703368176
====================
0
0
0.0
2.3260527141616726e-08
0.0
2.3260527141616726e-08
0.0
9.253976175019269e-08
0.0
9.253976175019269e-08
====================
50
0
0.0023454347657738683
0.0036808711699278795
0.025600000000000067
0.0013354364041540112
0.2568909707619567
0.580159678208467
0.1501139280111606
0.3306543755790604
====================
100
0
0.02316090822932626
0.034916668622539504
0.05068800000000362
0.011755760393213244
0.4183367381174713
0.9012046149982311
0.5300370931801889
0.5686598166633303
====================
0
0
0.0
1.285840651134819e-08
0.0
1.285840651134819e-08
0.0
1.7639729598061163e-07
0.0
1.7639729598061163e-07
====================
50
0
0.002345593685226577
0.011703360447930411
0.0
0.009357766762703834
0.2568913597149932
0.7714616385359241
0.0
0.5502777628330366
====================
100
0
0.02316112420758598
0.02835787565866399
0.0
0.005196751451078008
0.4183368571991288
0.8825676406462941
0.0
0.48805471154939334
====================
0
0
0.0
2.5549050615845742e-08
0.0
2.5549050615845742e-08
0.0
3.3193100305569567e-07
0.0
3.3193100305569567e-07
====================
50
0
0.002345830056515341
0.0017050116626491363
4.999999999943938e-05
0.0006408183938662049
0.2568915156295824
0.4901137077863494
0.0002929344674200397
0.2468523724520146
====================
100
0
0.023161008249876325
0.046277430533647745
0.00010000000000021103
0.02311642228377142
0.41833696576624196
0.9224062646766421
0.0010314741119237677
0.6464365296358452
====================
0
0
0.0
2.4419784751374565e-08
0.0
2.4419784751374565e-08
0.0
2.04860094427204e-07
0.0
2.04860094427204e-07
====================
50
0
0.0023453493533434067
0.00132933485250053
0.0004999999999999449
0.0010160145008428767
0.25689057624483724
0.5729818040741042
0.002929390795939571
0.3283659088310229
====================
100
0
0.023161012170058726
0.05246753930569614
0.0010000000000034426
0.029306527135637417
0.4183360910393441
1.089344817367528
0.010315414759293914
0.7926978414343946
====================
0
0
0.0
2.3260527141621067e-08
0.0
2.3260527141621067e-08
0.0
9.253971734169924e-08
0.0
9.253971734169924e-08
====================
50
0
0.0023454347657738683
0.002133616677264749
0.004999999999999449
0.0044790514430386175
0.2568909707619567
0.6114499598545109
0.029298502531792857
0.3706626066390286
====================
100
0
0.02316090822932626
0.037134456126498794
0.010000000000003784
0.013973547897172534
0.4183367381174713
1.068695936225154
0.10322126836273678
0.7253423012769873
====================
0
0
0.0
2.3964033266247737e-08
0.0
2.3964033266247737e-08
0.0
1.6843019994406265e-07
0.0
1.6843019994406265e-07
====================
50
0
0.0023455211478868865
0.006970322252223493
0.014999999999999236
0.004624801104336607
0.2568901438217402
0.5442109168942789
0.08792579417418246
0.2930933672253149
====================
100
0
0.02316109528697785
0.05112840997295631
0.030000000000002025
0.02796731468597846
0.41833524607240163
0.9396995080528386
0.31010651881103657
0.5456178522323307
====================
0
0
0.0
1.1222323190387569e-08
0.0
1.1222323190387569e-08
0.0
5.033642500789692e-09
0.0
5.033642500789692e-09
====================
50
0
0.002345623475832781
0.0030069433447237337
0.014999999999999236
0.005352566820556515
0.2568900971490418
0.6074103483434253
0.10732742643933996
0.36053859392055587
====================
100
0
0.02316090719411612
0.031056196921322776
0.030000000000002025
0.007895289727206656
0.41833529302754985
0.8356800037394351
0.3490484322952354
0.5843566163714965
====================
0
0
0.0
1.235216982875716e-08
0.0
1.235216982875716e-08
0.0
1.117793277945775e-07
0.0
1.117793277945775e-07
====================
50
0
0.0023454869641370557
0.011956329381725306
0.014999999999999236
0.00961084241758825
0.25689033830484764
0.4062970171131637
0.1584842960838107
0.18241554600887527
====================
100
0
0.023161054689694538
0.030147330319694632
0.030000000000002025
0.006986275630000094
0.4183356581285673
1.005052159846196
0.42610142437391685
0.6222757995662059
====================
0
0
0.0
2.524895473570678e-08
0.0
2.524895473570678e-08
0.0
2.964488600312426e-07
0.0
2.964488600312426e-07
====================
50
0
0.002345616119905136
0.005853276133108487
0.0
0.003507660013203351
0.2568907794687818
0.5900668111452309
0.11743344214196155
0.34456331462682066
====================
100
0
0.023161011475155036
0.01902184189031919
0.0
0.0041391695848358445
0.4183359959857923
0.8509401564142736
0.1912538505611932
0.5159066440063524
====================
0
0
0.0
1.2038203951232016e-08
0.0
1.2038203951232016e-08
0.0
8.750996421861569e-08
0.0
8.750996421861569e-08
====================
50
0
0.0023454347657738683
0.003374928800657484
0.0
0.0010294940348836157
0.2568909707619567
0.4840319370991491
0.12614920542592992
0.23461468114325226
====================
100
0
0.02316090822932626
0.030646552615992917
0.0
0.007485644386666657
0.4183367381174713
0.564819826473127
0.20544847228253021
0.3692223685075894
====================
0
0
0.0
2.273274051828377e-08
0.0
2.273274051828377e-08
0.0
2.473703873220656e-08
0.0
2.473703873220656e-08
====================
50
0
0.0023453855870954055
0.01374269703430242
0.0
0.016088082621397826
0.25689028252775487
0.4282842338804726
0.17202164376262727
0.17661723420778322
====================
100
0
0.0231609378328943
0.0271244817210623
0.0
0.003963543888167997
0.4183355072176828
1.0947332620332375
0.28015700765798207
0.698633900853446
====================
0
0
0.0
1.24093060533858e-08
0.0
1.24093060533858e-08
0.0
1.2736160405328395e-07
0.0
1.2736160405328395e-07
====================
50
0
0.0023455649834278613
0.024209515458484487
0.0
0.021863950475056626
0.2568915979688427
0.5172740060361991
0.22936219168351069
0.27699069162794493
====================
100
0
0.023161298598906033
0.03939122384533755
0.0
0.01622992524643152
0.4183372726485138
0.6733568950136567
0.37354267687732867
0.30714127885859377
