====================
0
1
0.0
2.04028153617468e-08
0.0
2.04028153617468e-08
0.0
1.5786693258094621e-07
0.0
1.5786693258094621e-07
====================
50
1
0.002345973872670548
0.003556559169828777
0.02684666246316647
0.0012105852971582287
0.25689017630487865
0.5303695186390723
0.1654974214012281
0.27589647273986556
====================
100
1
0.023160793267519075
0.03739839269861944
0.0519346624631698
0.014237599431100367
0.4183350734018146
1.0535892605949673
0.5564473666159904
0.7320385125083158
====================
150
1
0.05219271149211702
0.03472830633240798
0.026334662463166403
0.01746440515970904
0.7632966363343429
1.3862873343007154
1.0088149110018834
0.8901996326159097
====================
200
1
0.026675152123427553
0.014454448359735455
0.0012466624631666118
0.012220703763692099
1.2045698857181295
2.210615412524464
1.1077868955876289
1.2812912151488762
====================
250
1
0.002347510774445727
0.0019117495490585945
0.02684666246316647
0.00043576122538713236
1.354518647929344
2.7250173803589104
1.2209468194240856
1.4957891795254479
====================
300
1
0.023170096234899074
0.045187065679432425
0.0519346624631698
0.022016969444533352
1.5997183747638115
3.8313481939654
1.6591291452907526
2.324878112058956
====================
350
1
0.05219520167428815
0.05344251054064353
0.026334662463166403
0.0012473088663553789
1.9495551681244758
4.360260846394711
2.1072582858223865
2.6253344004787
====================
400
1
0.026673117130378995
0.0027503300149714642
0.0012466624631666118
0.023922787115407528
2.411314678328344
5.2161952192968695
2.2104720798884765
3.197594082665531
====================
450
1
0.0023466914308230002
0.011126856546355812
0.02684666246316647
0.013473547977178812
2.5526258282887597
6.095632535325223
2.3207479822712522
3.8179999203038815
====================
500
1
0.023172836105679995
0.061999530265596015
0.0519346624631698
0.03882669415991602
2.8028000556706236
7.352653871021878
2.761815289203049
4.771520326288168
====================
0
1
0.0
9.929732244797992e-09
0.0
9.929732244797992e-09
0.0
1.3876576040639232e-07
0.0
1.3876576040639232e-07
====================
50
1
0.0023457880183661572
5.181807688758866e-05
0.026846653468932002
0.002397606095253746
0.2568907447654773
0.7878274610907574
0.16549713069801802
0.5425692297487541
====================
100
1
0.023160645781007627
0.018563466977579157
0.051934653468935554
0.00459717880342847
0.41833591249588686
0.6758140114671015
0.5564469649334315
0.3180802057170121
====================
150
1
0.05219254818765684
0.04584644468197996
0.026334653468932157
0.006346103505676881
0.7632976120528494
1.7074926986468382
1.0088144196718134
1.1053997044509376
====================
200
1
0.026675043578085627
0.0016005415662843972
0.0012466534689323655
0.02507450201180123
1.2045710346422507
2.1967341696791034
1.107786339460982
1.452772004692157
====================
250
1
0.0023478409815094192
0.023327708237908196
0.026846653468932224
0.020979867256398776
1.3545200178973855
2.6305088680869404
1.2209461884749462
1.9460184527571776
====================
300
1
0.023170291080556016
0.02281209504577042
0.051934653468935554
0.00035819603478559614
1.599719671514032
3.4953307621223177
1.6591284347718167
2.5011828315597087
====================
350
1
0.05219497806048046
0.02811083437288797
0.026334653468932157
0.024084143687592485
1.949556604106984
4.1009537226398
2.1072574866458758
3.000477032515114
====================
400
1
0.026673134720645766
0.014647771167806316
0.0012466534689323655
0.012025363552839449
2.4113162743053813
5.079288016340243
2.210471214990065
3.8977251469459278
====================
450
1
0.002346524730907573
0.017299044356845927
0.026846653468932224
0.0196455690877535
2.552627684557881
5.995284408592044
2.3207470457313475
4.335212659817664
====================
500
1
0.023172800467720744
0.009204678021527357
0.051934653468935554
0.013968122446193387
2.80280198330415
6.71634261228769
2.76181426993018
4.94769750903637
====================
0
1
0.0
2.4570753611378686e-08
0.0
2.4570753611378686e-08
0.0
2.803563943960221e-07
0.0
2.803563943960221e-07
====================
50
1
0.0023444150194316116
0.010075560722633936
0.025600000000000067
0.012419975742065548
0.26495418490701195
0.6295648759907182
0.15011392801116388
0.37685661574806767
====================
100
1
0.023161965106539117
0.00786964290893577
0.050688000000003175
0.015292322197603347
0.41576623514929356
0.7450574327707118
0.5300370931801959
0.3463665702885529
====================
150
1
0.05219357683219905
0.03380018552443631
0.025087999999999777
0.01839339130776274
0.7334457528574563
1.8086659202650934
0.9689066869651491
1.2663830768460982
====================
200
1
0.02667634619798319
0.01426241886443325
9.71445146547012e-17
0.040938765062416435
1.1795670065552446
1.9750072459266397
1.0600741863603882
1.1552226642346146
====================
0
1
0.0
1.2226043200615297e-08
0.0
1.2226043200615297e-08
0.0
1.9085617706930157e-07
0.0
1.9085617706930157e-07
====================
50
1
0.002345620387184333
0.007743080461398266
0.025600000000000067
0.005397460074213933
0.25689137086057534
0.7472236522964503
0.1501139280111607
0.5187501751437692
====================
100
1
0.023161155620978313
0.04582469825782809
0.050688000000003175
0.022663542636849776
0.4183369008027281
0.6592159981028893
0.5300370931801976
0.5012969318287269
====================
150
1
0.05219249110931967
0.03971040583624119
0.025087999999999777
0.01248208527307848
0.7633002816672001
1.5090848619562074
0.9689066869651499
0.8725793140587759
====================
200
1
0.0266752169576538
0.016090348279958356
9.71445146547012e-17
0.010584868677695446
1.2045743022826032
2.0167415918758835
1.0600741863603897
1.1879088868303929
====================
0
1
0.0
1.1984762095330747e-08
0.0
1.1984762095330747e-08
0.0
1.6038930971062605e-07
0.0
1.6038930971062605e-07
====================
50
1
0.002345289370422332
0.005218343861502994
0.025600000000000067
0.002873054491080662
0.25689076209561856
0.6026133344043335
0.15011392801116358
0.34894796491487484
====================
100
1
0.023160812749410287
0.005422838853429202
0.05068800000000362
0.017737973895981085
0.41833612813409893
0.8004299035752959
0.5300370931801996
0.40635070403565865
====================
0
1
0.0
2.5786439335517024e-08
0.0
2.5786439335517024e-08
0.0
3.57238820983645e-07
0.0
3.57238820983645e-07
====================
50
1
0.002345551058471118
0.011036029900806765
0.025600000000000067
0.013381580959277883
0.25689131777676616
0.6426991472768958
0.15011392801117057
0.3908277115385756
====================
100
1
0.023161218993252408
0.028372023061677965
0.05068800000000362
0.005210804068425556
0.41833697567392436
1.0556397545457736
0.5300370931802099
0.6866723075679695
====================
0
1
0.0
9.486773127569364e-09
0.0
9.486773127569364e-09
0.0
1.0445162077057116e-07
0.0
1.0445162077057116e-07
====================
50
1
0.0023456788614053536
0.010794379693296552
0.0
0.013140058554701906
0.2568900468827235
0.8366328036587816
0.0
0.5947284541602034
====================
100
1
0.02316074129787271
0.013402570743334064
0.0
0.009758170554538648
0.4183352627890227
0.5265595888529737
0.0
0.1083226637993399
====================
0
1
0.0
2.133941256071997e-08
0.0
2.133941256071997e-08
0.0
1.2907508176184508e-07
0.0
1.2907508176184508e-07
====================
50
1
0.0023457880183661572
0.006715798449151711
4.999999999943938e-05
0.009061586467517868
0.2568907447654773
0.5701751924690843
0.0002929344674188101
0.32739743733773274
====================
100
1
0.023160645781007627
0.023761661268439926
0.00010000000000021103
0.0006010154874322993
0.41833591249588686
0.8956295603379993
0.0010314741119178351
0.5993877628543574
====================
0
1
0.0
2.080286540505517e-08
0.0
2.080286540505517e-08
0.0
1.8204610991694852e-07
0.0
1.8204610991694852e-07
====================
50
1
0.0023457910817965555
0.0015489987621040147
0.0004999999999999449
0.0007967923196925408
0.2568898269329702
0.7305731018746997
0.0029293907959392577
0.49909896376843393
====================
100
1
0.023161064137801723
0.01757109193499451
0.0010000000000034426
0.005589972202807214
0.41833462909680685
0.7872444566004314
0.01031541475929397
0.4082194779409847
====================
0
1
0.0
2.2745482116000035e-08
0.0
2.2745482116000035e-08
0.0
1.1253199927565458e-07
0.0
1.1253199927565458e-07
====================
50
1
0.0023457531624866412
0.008010957754187586
0.004999999999999449
0.010356710916674228
0.2568911704576528
0.7896909782201175
0.02929850253179188
0.5540544574309639
====================
100
1
0.02316123625247668
0.03353649338765585
0.010000000000003784
0.010375257135179172
0.4183366176429125
0.9836995993323341
0.10322126836273461
0.6001353685456213
====================
0
1
0.0
2.441989006399522e-08
0.0
2.441989006399522e-08
0.0
2.048767883690975e-07
0.0
2.048767883690975e-07
====================
50
1
0.0023454982472370656
0.0031277417871260482
0.014999999999999236
0.005473240034363114
0.2568905601063073
0.7567993281806394
0.08792579417417834
0.5040600901847783
====================
100
1
0.02316092420779059
0.009932518621592834
0.030000000000002025
0.013228405586197756
0.4183360242145636
0.7431749939637636
0.31010651881103646
0.3552512496972934
====================
0
1
0.0
9.929732244799686e-09
0.0
9.929732244799686e-09
0.0
1.387657821853705e-07
0.0
1.387657821853705e-07
====================
50
1
0.0023457880183661572
0.0065724273649001574
0.014999999999999236
0.004226639346534
0.2568907447654773
0.8608289241534152
0.10732742643934842
0.650033193555584
====================
100
1
0.023160645781007627
0.028676506859458772
0.030000000000002025
0.005515861078451145
0.41833591249588686
0.6143192291472195
0.3490484322952479
0.2651423621035144
====================
0
1
0.0
1.1459986453526878e-08
0.0
1.1459986453526878e-08
0.0
1.1236633548923524e-07
0.0
1.1236633548923524e-07
====================
50
1
0.0023457531624866412
0.0002141155459658428
0.014999999999999236
0.002559868708452484
0.2568911704576528
0.5926249003892875
0.15848429608380932
0.33982218966245975
====================
100
1
0.02316123625247668
0.018670397893839397
0.030000000000002025
0.0044908383586372835
0.4183366176429125
1.078499267220636
0.42610142437390564
0.7146324890201546
====================
0
1
0.0
2.123510948916607e-08
0.0
2.123510948916607e-08
0.0
1.3076784544089996e-07
0.0
1.3076784544089996e-07
====================
50
1
0.002345623453659851
0.004241840866588298
0.0
0.006587464320248149
0.25689009720620165
0.54570836323437
0.1174334421419529
0.2921512641997745
====================
100
1
0.023161002302898748
0.022451223097380346
0.0
0.0007097792055184016
0.41833517014970917
0.8236007492625332
0.19125385056119729
0.43879437020729384
====================
0
1
0.0
1.1984762095333818e-08
0.0
1.1984762095333818e-08
0.0
1.6038930192650608e-07
0.0
1.6038930192650608e-07
====================
50
1
0.002345289370422332
0.013636737542164878
0.0
0.01598202691258721
0.25689076209561856
0.727812282198185
0.12614920542593333
0.48141792413679413
====================
100
1
0.023160812749410287
0.016718200895659674
0.0
0.006442611853750613
0.41833612813409893
0.6851823029807561
0.20544847228252236
0.32896853001128995
====================
0
1
0.0
2.019022851727355e-08
0.0
2.019022851727355e-08
0.0
1.7008462587276482e-07
0.0
1.7008462587276482e-07
====================
50
1
0.0023455585776068766
0.0008749498194886574
0.0
0.0014706087581182192
0.2568902734855917
0.4455519712286667
0.17202164376263773
0.1909780524903492
====================
100
1
0.02316109489354412
0.016371506419787796
0.0
0.006789588473756325
0.4183356115194743
0.7095580286963705
0.2801570076579954
0.4392307799556233
====================
0
1
0.0
1.177562421448772e-08
0.0
1.177562421448772e-08
0.0
5.4291139120996414e-08
0.0
5.4291139120996414e-08
====================
50
1
0.0023454982472370656
0.004151300314685358
0.0
0.006496798561922423
0.2568905601063073
0.6371417652721171
0.2293621916835047
0.3838944498259224
====================
100
1
0.02316092420779059
0.033052027426713426
0.0
0.009891103218922837
0.4183360242145636
0.7942364708451287
0.3735426768773148
0.38523212796273043
