====================
0
0
0.0
0.0
1.2809083863151695e-08
0.0
0.0
1.7191184334588542e-07
====================
50
0
0.008022856824326574
0.014611265817926267
0.007879687916916955
0.3966997560172497
0.3258837758176672
0.03044639819075156
====================
100
0
0.0030364663637381106
0.07582568576921078
0.004547341930654536
0.5914248138939566
0.7541934445740949
0.35442563428341983
====================
150
0
0.011038511502280857
0.04154402046499328
0.004607636140893323
0.7072268873668291
1.1228991381420035
0.4382103445139473
====================
200
0
0.09601680168148115
0.04822720300592913
0.0031285929098074407
0.9662984912912599
1.9599562462355269
0.3942464593127417
====================
250
0
0.04670590401380381
0.07626157960685709
0.0022462450152624935
1.187999611992444
2.703917235127528
1.216092058910925
====================
300
0
0.06936743878427354
0.11013963824360307
0.017844428982354277
3.1120270545626227
3.681414331232127
2.3300864679585582
====================
350
0
0.04098171309050547
0.0750826228617052
0.01188496429066288
2.1319988803647414
4.547329875599216
0.7190375666929675
====================
400
0
0.09069172672971991
0.07139621134339397
0.00010101620933220326
2.94685975278652
4.827397955091368
1.8439866874455502
====================
450
0
0.12121760186587638
0.08309971151114715
0.004951719362516149
1.9091308240863978
5.7597856404956005
0.880784200626667
====================
500
0
0.026922590134761393
0.05315112713713166
0.010524067059576758
2.7624796884497322
6.246753637125741
0.2847411434347401
====================
550
0
0.02111255338944762
0.036734588391858614
0.007474452134162091
2.167295915404603
6.895938551555073
2.2221201160366197
====================
600
0
0.21778591680729326
0.044972349632194306
0.01664521001980465
4.160674188554028
6.831700630647526
2.934188788604342
====================
650
0
0.22604974374732567
0.09132818595593317
0.02968194555368009
6.4010580669353985
7.30594301018603
1.4269934097568147
====================
700
0
0.14775562584859303
0.07488626768992646
0.022607671436063903
8.754055999652907
7.825476175249026
1.1245015637811602
====================
750
0
0.05933596946424147
0.012307652855158668
0.019272789265798673
9.278185743531774
8.004469750043224
1.5448065325245712
====================
800
0
0.19538422628191032
0.007219819628373106
0.006962519213787589
12.11837956800637
8.106514074331956
2.109743531106316
====================
850
0
0.2435571352433068
0.007564463230615104
0.000931892845265514
12.905522336310035
8.133326332576265
1.9164562420020559
====================
900
0
0.17542853450733675
0.056511689735643245
0.004198385287883077
15.613185997030754
8.749171593480192
0.7146993280254446
====================
950
0
0.08923656553918269
0.012989793346713796
0.031006275427304386
16.874929441453446
9.199336495399193
0.9034527348672976
====================
1000
0
0.20450503546814935
0.016605488224126025
0.005374175487096525
18.38582060508435
8.997060482505436
1.287154355389232
