====================
0
1
0.0
0.0
9.929732244793333e-09
0.0
0.0
1.3876577019869934e-07
====================
50
1
0.014460548611475277
0.003444080042724229
0.005204647328828527
0.320042446576278
0.17326441087577682
0.07091354621580294
====================
100
1
0.1423518828504693
0.023948996179665727
0.005423569925755878
1.0497966020771337
0.7219971486670299
0.1638806680659123
====================
150
1
0.13553928770449342
0.05726386832150143
0.0015030519630452321
2.368505310623488
0.40335197330645306
0.6551904541909832
====================
200
1
0.09072144028565399
0.12739919638638475
0.010406693264537088
3.677101622085555
1.3356291556327877
1.3761169115610958
====================
250
1
0.060784517453332576
0.12410481929511463
0.004186418839035255
3.580391167460994
2.4817606495437854
1.4810837107637083
====================
300
1
0.17683248897327797
0.1193630909954626
0.014257402574280764
3.846298319926201
3.354430118829229
0.8244583847978931
====================
350
1
0.11023934691983373
0.17436828698957263
0.008016953278565442
5.9346733502852
4.714151413990774
4.141482050105881
====================
400
1
0.07918554036846581
0.13705907468924405
0.0030296728695505815
5.523698570412362
6.14944878214033
6.122698452081671
====================
450
1
0.11647580165096483
0.1039314543702845
0.0030846408716318496
3.47845669570567
7.719807533294847
5.972073137038579
====================
500
1
0.076947701162013
0.06887204320069085
0.0011879242515933086
1.1297212332441544
8.77629962320345
3.6631636706908677
====================
550
1
0.4612925886520973
0.029082704999045417
0.021914453637998932
9.297289980070758
9.617387311597328
5.276494931837031
====================
600
1
20.826439303323173
0.0967421235210985
0.0039017124516309704
17.49997834451434
10.371465536135455
10.423715473684835
====================
650
1
14.596172649621202
0.08660025576257757
0.008495533107903519
30.896173134868764
11.098057297351994
10.987390802268346
====================
700
1
20.805206965056584
0.08088197747999848
0.16232785099695857
48.29871058128758
12.152139854850144
10.419652728758024
====================
750
1
14.530855923378782
0.10223883353241026
0.08499846773515496
67.35734090015256
13.1808191248353
9.683070006012388
====================
800
1
20.83383895433522
0.20222468172178953
0.31091226101583974
79.42276619061815
14.306971385129486
11.557709988802474
====================
850
1
14.500540133562433
0.1492927269163813
0.23843411761308242
94.51221145899828
16.1809157897449
14.840787979228491
====================
900
1
20.862693738514775
0.17704067878542196
0.09317161034414978
110.97557042773607
17.900191375400354
17.289489194295854
====================
950
1
14.637697881740692
0.23591308874775563
0.22698723807244336
129.36498716326724
20.001695744036667
17.633999547106338
====================
1000
1
20.901781727039126
0.27508101880899305
0.7283321361895079
144.47248592918953
22.694953277097795
19.89397508012193
