====================
0
3
0.0
0.0
1.0430697371643232e-08
0.0
0.0
2.3143311461042584e-10
====================
50
3
0.015675945118787116
0.042879396360180344
0.007109108750221305
0.8240181797724961
0.6092741634163169
0.03832855600324577
====================
100
3
0.055674000480893326
0.06192663573214574
0.003395358755041933
0.8963591615714698
0.9960816355072803
0.10407243416658794
====================
150
3
0.12056770424390773
0.04162388522535254
0.003585978984046889
0.7358797994651609
1.0978347263941346
0.05826735917760822
====================
200
3
0.01815095308255519
0.01872581549783638
0.00939642373921255
1.758937550349422
0.7234075163592911
0.7997015525894989
====================
250
3
0.05635543548200528
0.07273666938049872
0.003387599834355326
0.8993877279053862
0.6371900678844419
0.47150672563608126
====================
300
3
0.07503787851199695
0.1451407680763417
0.010214317714602572
3.160661563851227
1.7539014233314196
2.19981343506871
====================
350
3
0.12083514372265514
0.1710632101890881
0.012479731770169922
2.156074833820515
3.350544772541595
1.1023347077671546
====================
400
3
0.1904760777722423
0.1825242902410561
0.007654727558514485
3.036377829287192
4.894188027337114
0.40750681589489096
====================
450
3
0.11507826515663888
0.1369468899202373
0.004708925200122227
4.402768923538838
6.739968343915331
1.07225165586299
====================
500
3
0.041259158588465183
0.16869537410534274
0.005237089367927439
5.674446138082327
8.38262973078899
1.9043933749039503
====================
550
3
7.580659109560925
0.19200142258479413
0.0002579087564857918
10.64969530144311
10.572120524183672
3.0575047102239123
====================
600
3
39.41417842506278
0.17039612444984886
0.001684507447756639
13.18961358590672
12.316632996402125
2.400667553366852
====================
650
3
75.05475844901572
0.15059655706875064
0.07841636513563932
24.19129837498319
13.61941132069194
1.1541947511158153
====================
700
3
63.656384937662736
0.21894738031689975
0.10205491362491692
32.271458064167966
15.240321047403489
1.9987161791393782
====================
750
3
163.3574837802281
0.1497655446149786
0.06870553728900464
43.089658676638145
17.07965932841603
1.551517714566186
====================
800
3
234.82166971391064
0.13340133846856977
0.030314739757038148
52.60836297487417
18.70615449041697
2.3898042393181846
====================
850
3
325.78546122581963
0.1650829709489452
0.1766612154537297
62.656388912318306
20.30282252921911
4.702549508263639
====================
900
3
365.20445048898233
0.1711618882436552
0.3474183262136279
70.30671995688303
21.78603973901084
8.500169707299767
====================
950
3
365.3871261058816
0.1622598932490762
0.9465554052532901
69.91404281730682
23.029732260947863
16.858104057512833
====================
1000
3
377.20756707197523
0.16094123556774864
0.012041348022340338
75.17666098388966
24.198187915180622
18.157936106256468
