====================
0
4
0.0
0.0
1.0718788395160487e-08
0.0
0.0
6.089800040070224e-08
====================
50
4
0.008857761689092802
0.038874612390874974
0.00072245279170291
0.7375489084416823
0.5573099236119484
0.032103622469447965
====================
100
4
0.09605007672518484
0.07633014663084303
0.024022245193273672
0.7247483257603767
1.0521936244465704
0.21066856582417215
====================
150
4
0.01949503591768731
0.054158415587659325
0.013768585496195085
1.2066112373580213
1.5328239217505226
0.43715479831421866
====================
200
4
0.040880971818933194
0.02392356955971664
0.012986332394071804
1.8953369456169973
1.7847524530134224
0.7282718548581155
====================
250
4
0.02022028040223045
0.03706369061731185
0.008576897159876973
1.2749624885181274
1.8343610788940372
0.400559256112348
====================
300
4
0.0793372495155431
0.07266565409034209
0.0026705224144034645
2.305958833001988
2.4263486677550783
0.9274423103508654
====================
350
4
0.030292386728602017
0.030642041795472252
0.003949082054710562
2.2188315442132756
2.8717605615541686
0.9292044281330264
====================
400
4
0.09243993731913916
0.04503777220991103
9.502225618303849e-05
2.9799536237661455
3.0411443617141987
2.6335398399217884
====================
450
4
0.10822287078370674
0.08076181140620986
0.008581735685144976
1.4433114718908413
3.7678916355275076
2.063571694535856
====================
500
4
0.016665158933269364
0.07525831474833522
0.012153490648060039
2.516372264887194
4.664506057707138
1.3523295457613784
====================
550
4
0.0431011756297468
0.035714280926151254
0.007704449255099943
3.179079560118981
5.350230579741687
2.7735598257397833
====================
600
4
0.032678171157116645
0.026360496931121823
0.011711682536401086
6.488838356452105
6.077963591536088
2.3948873333745127
====================
650
4
0.05513519555452362
0.02590481571819825
0.015819990876301482
6.057238298047439
6.832875952311535
2.727792216791265
====================
700
4
0.06303028137699584
0.1224413478292048
0.0022669783106015196
7.48302529321131
7.543917767801329
1.6100188210692152
====================
750
4
0.07020665293057049
0.0706286552709312
0.004079078809704706
8.521981310180752
8.843223761632968
2.396347015519751
====================
800
4
0.172179365297518
0.06538255454140358
0.014421108873692632
11.772455295802299
9.867258391075262
2.5548532940266124
====================
850
4
0.1568917853730072
0.08207587804076932
0.015015954253177588
12.862599914667607
10.815651904465051
2.114450021879538
====================
900
4
0.05827930072127341
0.10193013794662908
0.008781234763013401
14.808301248866163
11.787707433324657
1.5072085341223644
====================
950
4
0.02243739283573598
0.04322778074002964
0.00154682206410528
14.8273120898023
12.648751699497696
1.6684085946139913
====================
1000
4
0.13981891753058825
0.023957557015679365
0.020942859061291605
16.949371988565392
12.633630881599512
2.610734262612209
