====================
0
2
0.0
0.0
1.2328739047411118e-08
0.0
0.0
2.0237461985494331e-07
====================
50
2
0.025485214171302895
0.06231520138989732
0.004917444630391454
0.1538099663528733
0.4782768425921898
0.03173860231996118
====================
100
2
0.040596250410287915
0.06498949599807613
0.017685447481330385
0.11380289209321805
0.2943559408984009
0.17768693070732372
====================
150
2
0.062265083712294444
0.059025079246094014
0.012406028570514094
1.7341893625883094
0.5023215008530433
0.4808392714330485
====================
200
2
0.011500995442570671
0.006696878368291664
0.011599586779294083
2.6921262769898737
0.9673827280196651
0.8721467614849836
====================
250
2
0.03458619264481477
0.012433516609033468
0.00829501954956724
2.813847848589971
0.7504304395775326
0.5348929315817424
====================
300
2
0.11709611363770733
0.002796901435349941
0.015505198125914443
4.547344082267541
0.6611185526883975
1.0392230668109494
====================
350
2
0.07976771640015334
0.031877688069440246
7.380822690383759e-05
4.7393561120133825
0.5377519776644591
1.6809573144492935
====================
400
2
0.1020458343380983
0.047672752353213915
0.00013692355256153185
5.291282757040561
1.0398193404693319
4.488630616566794
====================
450
2
0.1919370959444593
0.013187836868719494
0.011628905537679035
3.1027500414688247
1.3827734523482662
3.5252966735776687
====================
500
2
0.14084534790492098
0.06486063671343345
0.0035235420415249408
2.3790567736788804
1.2846245674954058
0.9015775487494839
====================
550
2
0.18919337309982787
0.10298504433842526
0.007078315860329809
4.959391696846221
1.9488485053791114
0.6264013062827113
====================
600
2
0.2670559722777416
0.0923685320925252
0.012052681256167163
5.942244668471095
1.436768058903831
0.6566343333165557
====================
650
2
0.1997887124632991
0.08215809255409301
0.0014996207982349574
7.615778409736648
2.090555732151579
0.12417913993238956
====================
700
2
0.19283014673041388
0.14802164827213637
0.007958040041034842
9.717042231115055
2.9576903863973545
0.8231469276806678
====================
750
2
0.15638688418734414
0.11411060012067553
0.0021180673930738525
11.360338908902811
4.256976273875776
0.285361770201365
====================
800
2
0.1880553811493766
0.1070546806354964
0.019377697853533236
13.36406457968095
5.6611645649779865
0.5405401636911111
====================
850
2
0.19540359388744388
0.15378559411737225
0.005095442971572606
15.260805486875201
6.472356444551485
0.9911431274204774
====================
900
2
0.10632287238571925
0.18200135933634698
0.014079247950234297
16.525482841904502
8.24510546116946
1.3343692762706516
====================
950
2
0.2294609098594107
0.17451391054241205
0.014239770559932197
17.73996908471804
10.20779494444308
0.9553955500300848
====================
1000
2
0.30968385235874496
0.20635709690617632
0.00814845779765577
19.21417826227497
12.192253647754328
0.7422939476415963
