====================
0
3
0.0
0.0
1.1026555022589691e-08
0.0
0.0
5.050325994757843e-08
====================
50
3
0.028710176712899216
0.009540683088504753
0.008700304037957407
0.08899698508554768
0.30948138784952217
0.044683126957157586
====================
100
3
0.08550469397252147
0.057723957463954534
0.0038730973393761303
0.8209846373490856
1.0653374094155
0.10466192310759467
====================
150
3
0.047010942131651356
0.05044092736601624
0.00048088105518329094
1.6984928361712648
0.9000904122729471
0.8664199313332209
====================
200
3
0.026274176960664815
0.08384750002433114
0.003723209949429547
1.4074613715732036
1.7641374862178043
0.9810176777046535
====================
250
3
0.0031920144775303694
0.11532565771231673
0.01023032459531259
0.8969245127410559
3.4521039745041855
0.6371678209926276
====================
300
3
0.08031322216766146
0.16576846539337886
0.006775092360269852
3.2915489577715586
4.563551969400242
1.7302121191990172
====================
350
3
0.09858896970544562
0.13237533343710295
0.0011718297784892862
2.114450928265572
6.13814946900187
1.8185322839037181
====================
400
3
0.013209033623543457
0.12324676212054532
0.004805526904742154
3.417475785827915
6.564255262041199
0.5357268390249055
====================
450
3
0.048448012986134215
0.13636037801053336
0.0011693948964586198
3.6595952343710834
7.478280835959771
1.8628255806788474
====================
500
3
0.09201649735625717
0.1452396408905079
0.0026432652268328916
6.541790734717347
8.267130321661691
1.5060724347856607
====================
550
3
0.16342001803694295
0.1038268569954266
0.0035597485943235085
5.8844070995067055
9.674901823708892
1.848116241802773
====================
600
3
0.08137133038986988
0.09117453185100101
0.005528431364853922
7.14984207399908
10.321806264413421
0.46101238046695037
====================
650
3
0.07116871368461042
0.13405186202103403
0.007097831669972798
7.374571437871174
11.365453319399485
2.2265114156124524
====================
700
3
0.1455465102788538
0.183736219198662
0.010401431768776614
10.123356504129452
12.765673785418043
3.361040425161227
====================
750
3
0.1727574972078707
0.13738811471223422
0.003629212007083771
11.851484246061398
14.65765369448635
2.3211727951818606
====================
800
3
0.07493667102616677
0.16211843458435626
0.006952916795110193
13.879815785549358
16.023687809818032
1.3501026704727939
====================
850
3
0.057708889492714466
0.23117050885834045
0.0002924119997567143
13.98652835459064
17.77670612360384
2.2937664001454006
====================
900
3
0.144312962370289
0.23587997619915502
0.005512269500465017
16.08974544013524
20.121457319094954
2.533653337762014
====================
950
3
0.1535952738858073
0.21737846713647557
0.0019042259718784482
16.98911035657038
22.446531796065333
1.103792667548326
====================
1000
3
0.17024236378201413
0.16242056172073838
0.00014443870368693532
19.182676896153563
24.033279627534977
0.40319081887797226
