====================
0
0
0.0
0.0
1.0322358676321007e-08
0.0
0.0
1.0635541124288845e-07
====================
50
0
0.014882176614635867
0.06539891533549191
0.00442234048898027
0.4069779098688733
0.664023659638847
0.03337154156681449
====================
100
0
0.04121006966961405
0.09801776562766351
0.010969291539963066
0.31069539400424456
0.6540502637980347
0.12909615739246108
====================
150
0
0.07212682538333715
0.0798614349325324
0.008495632801184483
0.7927159928638369
2.004980442820446
0.21635048552563108
====================
200
0
0.03629652742549244
0.01266814029147012
0.0008789785079457782
1.7210512268721148
1.88018516658208
0.04094072844446463
====================
250
0
0.03717662513312425
0.07166424981912067
0.0013377327528232286
2.3424126292809437
1.8059676042271924
0.01624905450326301
====================
300
0
0.1584746572977327
0.06121552649690987
0.005324067307239222
4.068753016764599
2.3903734826207224
0.9408720260669557
====================
350
0
0.1597798665863941
0.02478861345603689
0.0029837081743606664
4.781989683876548
2.9526132625195136
0.5193871605206982
====================
400
0
0.1035595931301729
0.027293925467161043
0.007699668285075314
5.649003520056914
3.415948588701836
0.9265676722006607
====================
450
0
0.10688260454185228
0.00370026264601675
0.005886296402130897
6.416143682852642
3.7360047818919973
0.11767528898116003
====================
500
0
0.14176054980259867
0.10842898823695934
0.00035891608547888865
7.109128880573986
4.217458846801504
0.22763862906809532
====================
550
0
0.20254451012748032
0.04336094160147197
0.002921641933718133
8.737841595879988
4.992635233787792
0.5182684057269699
====================
600
0
0.08469649225612269
0.03896305057323135
0.0012616306439517007
10.44309146298059
5.341128706423926
2.6351295646938824
====================
650
0
0.05873380587303223
0.09279443744653015
0.004387011177219291
10.674121050358131
6.176150538849174
0.44833256993433845
====================
700
0
0.15835748631677937
0.14367638734360044
0.011810043670519299
13.16447408010807
7.423644973182667
1.7995420972075726
====================
750
0
0.19659168286209594
0.1534425826327841
0.002221652433723298
14.410044798255294
9.115817582916426
0.9809519534070258
====================
800
0
0.07557299146926873
0.1344867411169211
0.0023272484144455305
15.962326734519428
10.209830918002472
0.4049150090136026
====================
850
0
0.07973983286973652
0.21911046379267662
0.010779029164163623
16.338630776278624
11.568628508231583
1.2933711130077963
====================
900
0
0.10998232693721288
0.310722002933582
0.005205218513062881
19.407537293982507
13.877565526353449
1.583777844048216
====================
950
0
0.10647420880896208
0.28997462423694087
0.016013992245919484
19.503336778463698
17.262595684026365
0.8795694378804476
====================
1000
0
0.040540437016776454
0.31015010119705844
0.0031671476980993513
20.289357846650283
18.97676001760117
0.06477615176365609
