====================
0
1
0.0
0.0
1.2327757618711373e-08
0.0
0.0
1.9869410129282155e-07
====================
50
1
0.0766950118621752
0.08328646541565354
0.005033398937370537
0.602570838260876
0.7204787211468494
0.0879126897119339
====================
100
1
0.11912418447524242
0.06612309312173315
0.00282423760401862
1.053529734278662
1.3051677020557069
0.27726369023440633
====================
150
1
0.18235141815981426
0.14883223405617496
0.0038689504387889873
3.363634250419538
2.3835326926894145
1.2117211183426684
====================
200
1
0.13995832950596293
0.22060045821759286
0.0012039267217223877
4.93798468957403
4.067747725130837
1.7767609636799648
====================
250
1
0.14201346624058386
0.21875575435404726
0.012293525484392331
6.148009954739259
6.65237630152763
2.222359748748454
====================
300
1
0.1919249118485209
0.18873015562758289
0.0047664621053060685
4.975227576808164
7.662448641171705
1.1573650695912612
====================
350
1
0.1523393758024434
0.20779252164787776
0.0101598336653832
8.044971825534944
9.788507290316852
2.348674026592609
====================
400
1
0.03396663360310513
0.24329322161447173
0.000321328107824528
8.518163773989425
11.734033498795005
3.40442208207616
====================
450
1
0.09264322168313455
0.2488802232615186
0.001502837760573028
8.270654361882807
14.196248723894277
2.560207744674704
====================
500
1
0.1223712845885272
0.20589036635867553
0.0025703554895049052
7.392308744260305
15.959909186089359
1.759547686879734
====================
550
1
0.12380014517023863
0.26598881603994284
0.0037944088454591185
10.36232417426214
18.604003311808935
2.2286138731760583
====================
600
1
0.13202760925087792
0.3750128556605725
0.008951390294966177
12.206514507763593
21.997822609293774
3.6945570767827918
====================
650
1
0.09287311721496705
0.3674325249081356
0.004016226597054473
12.553738411085492
26.01975042680403
2.2499351096514726
====================
700
1
0.22185720878932935
0.37613632178688894
0.005056282747690322
12.990519142542066
28.616267161587043
0.3257049184245531
====================
750
1
0.26885667042065653
0.4164072167725117
0.007924356010742262
15.621500912050083
32.13088604810084
1.0530427824870454
====================
800
1
0.1660018909167035
0.44689435706911834
0.0035491664185982787
17.829375362585974
36.28313532796065
2.2428978024398596
====================
850
1
0.08134808876048005
0.3568445007910628
0.0005471635200526848
18.51087179070753
40.36076624124024
1.906894269668537
====================
900
1
0.1537132781135946
0.3389675853175036
0.009532963463806166
18.1239676125299
43.28831731625204
0.2865520143015023
====================
950
1
0.17997240292520456
0.35452196263308244
0.0035064157325561673
20.466772503720538
46.41354005193729
1.7995235112290828
====================
1000
1
0.18553135919973165
0.4515759974812998
0.0017590585122003784
22.330275281421848
49.99295337772678
2.60752633562598
