====================
0
2
0.0
0.0
9.850504679614265e-09
0.0
0.0
7.395670600042968e-08
====================
50
2
0.0010735138829598423
0.03079696919088648
0.004014552333561072
0.6195213005781177
0.5031823094041656
0.058713858926054754
====================
100
2
0.0816289319867125
0.03211994183786393
0.01801858029272685
0.5940183141391443
0.8173209630969054
0.32715112495061066
====================
150
2
0.17620948167355377
0.032988714342085945
0.006394452990189592
1.0841846853521593
1.1174788043424573
0.6772324324529919
====================
200
2
0.11731999408001846
0.05570178582232006
0.020401938223887563
3.4441586650173672
0.5691761894868754
1.294844145246689
====================
250
2
0.1416082755282997
0.09828785819988117
0.005899930668612052
5.078828229237227
1.0998846490835947
1.8618384910678418
====================
300
2
0.18228202088218115
0.02778062687513838
0.012872716625498715
5.277058462298454
1.226785504824461
1.2343856502121981
====================
350
2
0.15868171368456752
0.0726660752667243
0.00939740261212374
7.524710853214618
2.0085556597608494
1.677663862891842
====================
400
2
0.0571893615652075
0.12387986523051811
0.0001019991808082904
8.433140435547246
2.9788501276487493
2.3419803678439557
====================
450
2
0.07048565091580761
0.1547686562928301
0.003956780648730174
8.818663853732534
4.902679913608616
1.5568699656491656
====================
500
2
0.10933050325368043
0.08907515815317302
0.006961607529014646
8.320340958641621
5.4222845782567
0.737845619653467
====================
550
2
0.18267672325951945
0.1869215518651619
0.003969610468713469
10.35629694304484
6.294446399925292
1.5536783710773479
====================
600
2
0.11454600403507689
0.23720221377065565
0.010523337680367159
12.212803042766378
8.55441418224372
2.6492872936842478
====================
650
2
0.14874882072419204
0.20883463720755602
0.0007010790479009543
12.808154744518147
10.95217934964038
0.725630810674725
====================
700
2
0.18905513349767666
0.16957267844311064
0.003894020776271212
13.92658500923287
12.35566997494857
0.14848669501890568
====================
750
2
0.16948796027230095
0.21992910611242067
0.0020910962898352814
16.212032577295016
14.146673998919045
0.9381684438942104
====================
800
2
0.1173041816154021
0.2391846402775027
0.002423250668660056
17.718064680687906
16.466513636315874
1.290297714786121
====================
850
2
0.148943631997712
0.26578220860991975
0.0018879325361689236
19.225090024517847
19.219260707857746
0.7756633553082852
====================
900
2
0.21782898903597792
0.2829227573412676
0.0014597139158900596
19.736134596143003
21.26079042508707
0.3201912028005143
====================
950
2
0.11001549963969803
0.26893046210664195
0.0020516892834938627
21.74413137457187
23.794847942743555
2.1011092736085404
====================
1000
2
0.07267509557788149
0.31727290880398024
0.001980278773469457
22.499843466540696
26.62144605443089
1.7848519370580218
