====================
0
4
0.0
0.0
1.2457616230831594e-08
0.0
0.0
1.2474787737879338e-07
====================
50
4
0.00912046291595403
0.05313830336786096
0.005237350623416459
0.47547347601057627
0.5409893846719044
0.07895413433844078
====================
100
4
0.02240036606352014
0.09616250283909666
0.009966537742783554
0.6419645149254595
1.6176422931473344
0.42604170017372
====================
150
4
0.08593070814082981
0.0742167974498924
0.005427377958552748
0.4872434511885818
2.657941844502011
0.47163214974257306
====================
200
4
0.026489168227633784
0.04039208337093726
0.0173222061341292
2.193507515157407
2.698205166085711
0.9643423473931283
====================
250
4
0.03551635438302547
0.07917932384753268
0.010155822471504372
2.481814885378173
2.959520532265358
0.6126682075818649
====================
300
4
0.12020382492165327
0.11353566555323313
0.0029277636510918192
3.604244300872853
3.4825756185132706
1.0111941463176763
====================
350
4
0.2120747112384962
0.009014580875789102
0.000658965268764522
4.173952529713427
3.84592407165574
0.5909134347037696
====================
400
4
0.09906636896715129
0.057382460155821616
0.011147708377693431
6.507238260203615
3.8135085035081118
2.220250901132353
====================
450
4
0.09104993626511759
0.0085944266930289
0.0028361308327542467
7.22613517865791
4.027107128413102
1.5868386489872053
====================
500
4
0.24802788034166
0.055331209980709506
0.009018516346331662
6.505426744729174
4.539126835247222
1.2129324103213166
====================
550
4
0.27662538267283354
0.009093792706655668
0.0002822722948356837
9.86290784939293
4.976676088449608
2.9517679535281656
====================
600
4
0.13840382112910654
0.003116664497800112
0.003204047490681816
12.288194614655758
5.039889672117061
4.0178350326385734
====================
650
4
0.1179968657343522
0.04276664605899172
0.015074248409730373
12.381899790752957
5.2804631496885746
2.0705293783946837
====================
700
4
0.27679997256270195
0.03198234545300238
0.00905335367022797
13.265402062721009
5.710778535695142
0.6456382180332144
====================
750
4
0.18498735264566624
0.027804568231530435
0.0028906792305973816
15.394282968166294
6.313272352521316
2.1080800754749514
====================
800
4
0.1055882819945786
0.007047778707093021
0.005974363217119985
17.196374308947934
6.67995850392825
1.9939989233046849
====================
850
4
0.08300271047392949
0.06016255746632271
0.008521049151782867
17.926669050390363
6.891328395588063
1.2368989631141065
====================
900
4
0.1942133414016829
0.08624489020097581
0.010037573840276703
18.424822147720707
7.4996340369294465
0.6258235538185349
====================
950
4
0.14289266214708962
0.048074979692370956
0.0001006946319126456
20.517793269914606
8.305211285039574
2.0942571778863353
====================
1000
4
0.023157236146384968
0.10882813099713042
0.010588772500062807
20.734670715896414
9.042095382045291
1.825129759362329
