====================
0
1
0.0
3.454987367278929e-08
0.0
3.454987367278929e-08
0.0
1.3311399656694514e-07
0.0
1.3311399656694514e-07
====================
50
1
0.027330595176892514
0.028859330673602024
0.0
0.0015287354967095101
0.17371475242183015
0.20020142881112882
0.0
0.055190223427434855
====================
100
1
0.0018238172740265846
0.0030408792681639873
0.0
0.0012170619941374028
0.2878011102251274
0.33612621859019237
0.0
0.17410047869723583
====================
150
1
0.027207490836042902
0.024471004701623666
0.0
0.002736486134419236
0.11019735776617284
0.442583901504412
0.0
0.4350369602201889
====================
200
1
0.0016903388296505189
0.0018213470367388226
0.0
0.0035116858663893414
0.18820284011306865
0.869014037597155
0.0
0.6818606930401354
====================
0
1
0.0
3.503124841723863e-08
0.0
3.503124841723863e-08
0.0
1.0633979906486483e-07
0.0
1.0633979906486483e-07
====================
50
1
0.027330460425234904
0.02586636311242696
0.0
0.0014640973128079438
0.17371375867327216
0.19678812157959932
0.0
0.05547799541561124
====================
100
1
0.0018238098794860491
0.00041712888485712085
0.0
0.00224093876434317
0.28779919697463374
0.29315199131800257
0.0
0.15193941162929547
====================
150
1
0.02720798212985409
0.02158354387773498
0.0
0.005624438252119113
0.11019423320304264
0.4456527843928661
0.0
0.3983066579509323
====================
200
1
0.001690461500226793
0.0007886061642405078
0.0
0.002479067664467301
0.18820257513646133
0.7941801230702011
0.0
0.6114541010901066
