====================
0
0
0.0
6.9541827530328e-07
0.0
6.9541827530328e-07
0.0
5.000053684236593
0.0
5.000053684236593
====================
50
0
0.027330626618513154
0.030333481154802167
0.0
0.0030028545362890124
0.17371471333346428
0.19789311047632868
0.0
0.06460270349107722
====================
100
0
0.0018240536074909386
0.00404722976847971
0.0
0.0022231761609887712
0.287800565340299
0.369917893602163
0.0
0.17687263747112222
====================
150
0
0.027207409515091818
0.02550514249414504
0.0
0.0017022670209467794
0.1101962804640129
0.4272074256426077
0.0
0.41103343082105775
====================
200
0
0.001690381756261509
0.001184897442830594
0.0
0.0005054843134309151
0.18820248805545903
0.8496925569584314
0.0
0.6628713049641273
====================
0
0
0.0
4.0739305710586686e-08
0.0
4.0739305710586686e-08
0.0
6.841769675026895e-07
0.0
6.841769675026895e-07
====================
50
0
0.02733062131509234
0.02346654558597905
0.0
0.003864075729113292
0.17371290384901403
0.16809546460800417
0.0
0.05474474811606195
====================
100
0
0.0018238247987163447
0.0015894501907376402
0.0
0.00023437460797870457
0.28779868086952903
0.31700774232443174
0.0
0.15596339910104945
====================
150
0
0.027207847471271362
0.00894353337157594
0.0
0.018264314099695422
0.11019342036244231
0.5819854391131749
0.0
0.5022612446533357
====================
200
0
0.001690488593007264
0.030825230084625985
0.0
0.03251571867763325
0.1882030912304247
1.0877101007969596
0.0
0.9709919987144078
