====================
0
3
0.0
3.4121524667861616e-08
0.0
3.4121524667861616e-08
0.0
1.3207134703782127e-07
0.0
1.3207134703782127e-07
====================
50
3
0.02733036035780345
0.02761772127513029
0.0
0.0002873609173268399
0.17371421192216419
0.18710846773909626
0.0
0.049906654804996335
====================
100
3
0.0018236499036965448
0.0037175395478272755
0.0
0.0018938896441307307
0.28779950575630114
0.3485213653830822
0.0
0.1937092044883077
====================
150
3
0.027207577325829124
0.02976646406000305
0.0
0.0025588867341739263
0.11019446686688122
0.46511752093092984
0.0
0.4607356198921062
====================
200
3
0.0016904999383046846
0.0009814538540385818
0.0
0.0007090460842661026
0.1882022915137335
0.884440568677331
0.0
0.6963217628109688
====================
0
3
0.0
3.0401422827168785e-08
0.0
3.0401422827168785e-08
0.0
3.908857232670139e-07
0.0
3.908857232670139e-07
====================
50
3
0.02733077108568671
0.02755063258428314
0.0
0.00021986149859642978
0.17371506597875108
0.19490379941332509
0.0
0.06005743875266255
====================
100
3
0.001824063504854756
0.000999351853711694
0.0
0.0008247116511430619
0.2878020131322598
0.2940464504107118
0.0
0.1951244023563965
====================
150
3
0.027207297455617896
0.028426963294746477
0.0
0.0012196658391285808
0.11019884500024801
0.3801410834731951
0.0
0.4057353199125871
====================
200
3
0.0016904282942425343
0.026421255342882994
0.0
0.02473082704864046
0.18820316100234233
0.9117245240503206
0.0
0.7769279601366603
