====================
0
4
0.0
4.0124722748782255e-08
0.0
4.0124722748782255e-08
0.0
6.871784314995072e-07
0.0
6.871784314995072e-07
====================
50
4
0.027330626007930903
0.02801314386496956
0.0
0.0006825178570386559
0.17371416108077223
0.1834802321127217
0.0
0.05280214047048154
====================
100
4
0.0018237444335573727
0.0013331287258067093
0.0
0.003156873159364082
0.28780033788273324
0.302395036135582
0.0
0.17328456401961362
====================
150
4
0.0272073994801032
0.03139335723194825
0.0
0.004185957751845049
0.11019615356268835
0.40357438529454837
0.0
0.4226510358500144
====================
200
4
0.0016905105152826261
0.00823210022510621
0.0
0.006541589709823584
0.18820291132206513
0.8424588126297081
0.0
0.6553964335703863
====================
0
4
0.0
3.8419524298526085e-08
0.0
3.8419524298526085e-08
0.0
4.837490009045111e-07
0.0
4.837490009045111e-07
====================
50
4
0.027330635278800308
0.02953647396119674
0.0
0.0022058386823964327
0.173714606192785
0.20277312248124815
0.0
0.044368358243464266
====================
100
4
0.0018240435664362842
0.001222391756066088
0.0
0.003046435322502372
0.2878003938490093
0.26513379145140503
0.0
0.1490023970122246
====================
150
4
0.027207552581403505
0.042175129661155
0.0
0.014967577079751493
0.11019650836181655
0.3214208223483693
0.0
0.4010371630962769
====================
200
4
0.0016903645643646685
0.022221434804196076
0.0
0.02053107023983141
0.18820248696539474
0.7684703586756384
0.0
0.6327373122526947
