====================
0
2
0.0
3.646589295853259e-08
0.0
3.646589295853259e-08
0.0
3.5832354177637285e-07
0.0
3.5832354177637285e-07
====================
50
2
0.027330624677378568
0.029265319947798574
0.0
0.001934695270420006
0.17371552997512893
0.17915200573256468
0.0
0.05125807736632187
====================
100
2
0.0001233934103326284
0.0013548378958043727
0.0
0.0014782313061370012
0.27434657538631285
0.30310054139999215
0.0
0.1845244628446556
====================
150
2
0.028908191126467697
0.033560358056034634
0.0
0.0046521669295669366
0.09105435531964144
0.4076127583779178
0.0
0.4301448138877269
====================
200
2
0.0033910301983811697
0.003946186378689991
0.0
0.0005551561803088212
0.19052788174037272
0.8263990166657076
0.0
0.636425602734709
====================
0
2
0.0
3.2816963963646984e-08
0.0
3.2816963963646984e-08
0.0
1.0601973057494534e-08
0.0
1.0601973057494534e-08
====================
50
2
0.02733061873468401
0.025420240434514296
0.0
0.0019103783001697128
0.173714945592678
0.18151776399694178
0.0
0.048955978658934876
====================
100
2
0.0018240993944158568
0.0015835023985522056
0.0
0.00024059699586365113
0.28780145455803413
0.27864600556321645
0.0
0.18084568062072273
====================
150
2
0.027207571577272383
0.02256325867019937
0.0
0.004644312907073012
0.11019787538460503
0.38519359988913676
0.0
0.37177816022761795
====================
200
2
0.0016905908731961565
0.02198929596535653
0.0
0.023679886838552686
0.18820293753828787
0.9041360916270942
0.0
0.7690494175118282
