====================
0
2
0.0
0.0
1.2092408578943153e-08
0.0
0.0
9.791538429936148e-08
====================
50
2
0.0003038010410216785
0.040860810724197894
0.012167553410129983
0.11983009836016194
0.4216915076385894
0.08244495308772333
====================
100
2
0.06576851962348407
0.0625259038195276
0.012636120978882115
0.3968531015665662
0.4954838514046173
0.12081058091232157
====================
150
2
0.06924023336582907
0.012064220726835773
0.0025184542188869674
1.1044532906885853
1.0824838734478297
0.44752979201292337
====================
200
2
0.06118655739587693
0.07166406994014793
0.004091005388963648
1.9345226491032068
1.2701150460767918
0.8403902955319253
====================
250
2
0.09622900962648684
0.13010727880000283
0.0005213715198615354
0.9331663609241003
2.038355683492264
0.16119603037154184
====================
300
2
0.00014255981392841122
0.13620703101796305
0.009346923029276866
2.5906696123386985
3.1899968010273896
1.1195761761353817
====================
350
2
0.04580376079159265
0.1073510455760216
0.0017447615177559328
2.101067936750813
4.524382685932224
0.3937335704667154
====================
400
2
0.19140434872783113
0.09557205847500524
0.01676742925170604
3.523108685607791
5.439603863628226
2.727117586573977
====================
450
2
0.19658936544146743
0.1106908557110331
0.00050778296822096
4.726698238707168
6.2599077828503615
2.2097023195055403
====================
500
2
0.21038740800082856
0.20561381272644175
0.010060449750720846
7.492085332578188
7.8897283676304575
1.4103529832401678
====================
550
2
0.23615758291437094
0.23069684844078286
0.0029351106041324293
9.865545115069642
10.358291376204605
0.616422535406441
====================
600
2
0.3078314506561797
0.21613731955978027
0.015405632750959325
13.06959230813903
12.40123704955476
1.1183569633011792
====================
650
2
0.3174581084108593
0.22710005203180517
0.0021125520308338253
15.324920643619055
14.445475594285606
0.39705699381368703
====================
700
2
0.23066933062715744
0.302184955537665
0.012850456749647243
17.65972688199893
16.97201562254345
2.744855963616434
====================
750
2
0.22792717966205833
0.3064597717587185
0.0020850405331720445
19.48155746963894
20.295916677907076
2.06772705747973
====================
800
2
0.2776110029630198
0.2818199028814998
0.013303412962851327
19.36757086238079
22.559420718540196
1.6140626620926426
====================
850
2
0.1309689740486506
0.2217790804077524
0.0009706559160707062
22.715808141806633
25.294924155619697
2.712957081494446
====================
900
2
0.05440041865374967
0.2526493124971263
0.004668496525041199
23.2836863168188
27.50144057974806
1.8346427515264543
====================
950
2
0.06462537215037245
0.17491203047309534
0.01855893403987463
23.796442186275545
29.659132395413
0.4156593608816446
====================
1000
2
0.18358748955080362
0.187462092131783
0.00857613407590943
25.585399523465686
31.009835407656016
1.2143896530131466
