====================
0
3
0.0
0.0
1.0060751993801466e-08
0.0
0.0
1.267695280495505e-07
====================
50
3
0.00908172734807522
0.027383156139239695
0.0024308529946270863
0.11363539724587239
0.3494043933433017
0.013953997036531399
====================
100
3
0.07361723940501008
0.06499318625119388
0.0019009144114536802
0.15560542596364862
0.405392758291792
0.051910190379105686
====================
150
3
0.09003857259610526
0.019454266517298313
0.0019133443862666688
1.730606835595307
0.7017229238743212
0.7829592977933489
====================
200
3
0.02474048643977897
0.05822635622181686
0.00490844720061414
1.973385343062955
1.3939363178546147
1.5385428051203984
====================
250
3
0.0518222086105109
0.1122154717900552
0.004065897859439671
1.7246614106075546
2.8682834075318
1.392518830568507
====================
300
3
0.053892142617692596
0.16138539008844077
0.00021148593041608876
0.8597095553280517
2.907922377103701
0.32643602364481705
====================
350
3
0.03279811652127185
0.15599396151656086
0.0008504462124279133
0.8903008353857955
4.340781011475355
1.1141957789899306
====================
400
3
0.18376423393604674
0.1747656712680965
0.005336033939889167
1.9735965305340224
5.946237978126403
4.291300476774342
====================
450
3
0.1026891999837014
0.15382445270738043
0.0029639812696420353
4.005797908585311
7.771302306701082
3.1116176480208853
====================
500
3
0.07531963347378179
0.16586273268876273
0.0029054835210868823
6.401956546051892
8.779658068241563
2.2488224031703
====================
550
3
0.12634905964209553
0.14617236789271537
0.008363450181915866
7.077582035842037
9.89811153399883
3.0454059806429843
====================
600
3
0.16177084888094317
0.11868856003813778
0.00792609369581963
10.683613227900079
11.667510799118762
3.6144340414757457
====================
650
3
0.271702254987897
0.22395284102598856
0.0035576933177796644
13.81005450707841
14.113840418756054
2.1821030738825233
====================
700
3
0.15055429389044583
0.2416406571214158
0.005659033856653117
15.60976642423197
15.840214890321668
0.08767237870733563
====================
750
3
0.13603657770603217
0.18471052273766508
0.0009957236980837614
17.136592683155538
17.756541559254483
0.2676213848840221
====================
800
3
0.20380259579560484
0.17936148043419975
0.005539403717713991
18.50650051303049
19.36225040781145
0.1297083080949683
====================
850
3
0.21246932655057882
0.1976256604257638
0.0028792098169712066
20.754001649368448
21.03153580057075
0.41693234971922233
====================
900
3
0.17127302857583526
0.20180265919499618
0.0016416570825712462
22.693492618475638
22.78754970293647
0.7077450479525175
====================
950
3
0.16007154612887597
0.14988212038546878
0.0004924269741897191
24.42915263362672
24.333026200785774
0.3265247230388324
====================
1000
3
0.22118198332284517
0.1545745974949277
0.004335957830023558
26.679368607370215
26.033446218793177
0.661997934758921
