====================
0
0
0.0
0.0
1.2038203951235086e-08
0.0
0.0
8.75099926402566e-08
====================
50
0
0.04623062186047733
0.008088651701072092
0.013778669006322852
0.17561389717872156
0.2200508298736013
0.07135700668528262
====================
100
0
0.12680329095798237
0.003074969267492289
0.010268499249369789
0.8046338870553539
0.4074985145766192
0.07357768409046901
====================
150
0
0.12734174272324572
0.016410563169507064
0.004547910389347765
2.16232083195103
0.3597876910254797
0.7022043383378194
====================
200
0
0.0157158726887721
0.010788194325969227
0.00837409727349659
3.0130655083206515
0.21634389144268862
1.411813110064241
====================
250
0
0.03418724358404557
0.04330777379980422
0.00709274359428802
2.3457710460661523
0.3341410355621905
1.011116413163891
====================
300
0
0.019997306654280234
0.06801665614769314
0.00488274890100282
2.137412729478286
0.25799608708963967
0.13023203041949868
====================
350
0
0.011609442468295761
0.029665971828056747
0.0005698787810208827
2.578511080781244
1.0041360706295968
0.8324376065503519
====================
400
0
0.08688366553752301
0.024766862735102785
0.0040773373694504254
3.7857246814227214
1.3775321094358357
4.471421631334965
====================
450
0
0.14995617784374637
0.010707638754151372
0.003941568174793186
3.5394996660664577
1.1656046195731757
3.4936678542813726
====================
500
0
0.0770844854983399
0.018882268996964324
0.002599689447985387
5.736623522835089
1.7775047349985982
1.635513701302843
====================
550
0
0.01480561367703892
0.10557334645662841
0.002713750573257956
6.015976550425283
1.370369869839394
2.816609572629946
====================
600
0
0.16010984029781616
0.14928297531102636
0.01570380521746482
8.385200647098596
1.5051474147099153
6.200186698048906
====================
650
0
0.23802079528260345
0.1422975646105462
0.003644669329809558
10.848716348705354
3.0628860017147357
4.877633044912975
====================
700
0
0.12342415452785716
0.12270282503096563
0.014141391465121167
13.562335387604744
3.4905613131727846
1.8250735469541914
====================
750
0
0.1258434548985432
0.14879462536785404
0.004687939868560198
15.159096111507782
4.2714226537319275
1.75816312790357
====================
800
0
0.18994984091387418
0.09265237145086043
0.002601736342196008
18.00937953412823
5.910819134938673
1.9300841374104485
====================
850
0
0.2740292952229235
0.024943697122018715
0.005556780327142574
19.080174141171163
5.908998317906712
1.174928738140989
====================
900
0
0.1405766275657685
0.004038382797304063
0.008653189393382554
21.38236336133769
5.398596574111824
0.16750889257696136
====================
950
0
0.15997348978591774
0.013068181163998327
0.004475711094994894
22.778673458477314
5.339920109221978
0.8099992569509857
====================
1000
0
0.22199626180310889
0.010336412492327675
0.0029274192295178844
25.291380897587025
5.72716683961285
1.4921439015805087
