====================
0
1
0.0
0.0
9.654564253421269e-09
0.0
0.0
9.578048955882364e-08
====================
50
1
0.021025745697007103
0.036329768962056086
0.0016131048657159752
0.23910077737884852
0.4726680049181611
0.016534914475025274
====================
100
1
0.02246945861856986
0.11385592519927945
0.004351739454021786
0.5837328003257558
0.5344195912581525
0.0463426995901003
====================
150
1
0.03090276033104855
0.12440388761578913
0.0003229875890491396
0.677116176822693
1.875210249474885
0.4593574031978917
====================
200
1
0.054660333906575806
0.11632671526936463
0.0018569560592091895
1.0115408415839953
3.059284258254118
0.2361503721687252
====================
250
1
0.0662852143418351
0.13642067155383297
0.01599881400486436
2.0991146344474974
4.364813841903081
1.1675174609446368
====================
300
1
0.005707312316128643
0.1795610624434505
0.001177986354808258
2.873228482959367
5.595107981620517
1.7414624570868176
====================
350
1
0.048807591472164624
0.2448954384929415
0.013292401566678214
2.3611475559934805
8.110472572329966
0.5732961737193145
====================
400
1
0.21163607857428168
0.26130024075668906
0.007451385131135621
4.321031425426335
10.163916137624346
3.0060003944720854
====================
450
1
0.2129173147286021
0.2446812835427863
0.0007036369578266033
6.812288773210686
12.943132697854738
0.6674156820058799
====================
500
1
0.11949217981331195
0.24767348044147752
0.0028805642965834544
8.380935530141292
14.519449521793698
0.11051532952994464
====================
550
1
0.09577654424164184
0.20646673450846698
0.007850188604920927
8.997269488028747
16.670907677645403
0.5750880032128936
====================
600
1
0.1664157351159144
0.14862664167207795
0.009865972367363293
12.16983955559382
18.725528150811225
2.5187716113845373
====================
650
1
0.1909119344374497
0.13162035303510322
0.007820791200533028
13.291730891430225
19.864750343074025
2.323287275636055
====================
700
1
0.17028358573969538
0.1959697172373116
4.706718428515444e-05
15.139830745511974
20.901866772977257
0.4078215302842875
====================
750
1
0.09083909164690773
0.10079115057823151
0.010933431488979073
15.983343787564385
22.343256515201862
0.6123121418055542
====================
800
1
0.17563133609031617
0.10354906791968933
0.005300181848047864
18.18188525401885
23.42903411414949
1.6522032857773326
====================
850
1
0.21509060534157243
0.13200273029597498
0.010528735841594417
19.195781232650354
24.471396646515718
1.1127781880067618
====================
900
1
0.16589340855672718
0.15959623376312404
0.010544493226746443
21.267827774928033
25.50042061874685
0.26307538180068035
====================
950
1
0.03249194090019758
0.06011424571269641
0.011658832862623703
21.68501854190874
26.2327202181473
1.6783127512957243
====================
1000
1
0.1510707200176583
0.03823921296267416
0.007187423220398344
24.082512922249503
26.556883982115387
2.6506079943239818
