====================
0
4
0.0
0.0
1.2352126842298097e-08
0.0
0.0
1.1178084124979611e-07
====================
50
4
0.03165381334689177
0.0012371873176102444
0.00041300109887032477
0.11446866672131653
0.269721744466581
0.01814038311514848
====================
100
4
0.03358211683956647
0.06900938143733715
0.02083398633831912
0.666026278462952
0.5308823934313188
0.25999357028204945
====================
150
4
0.006210561910003687
0.0783491233543454
0.014410727695391312
0.8235555913652366
1.480345519420263
0.1559889079711579
====================
200
4
0.10220761400123228
0.06649077723474195
0.011842903820040301
1.283250918960296
2.0093191738650793
0.045058802183539574
====================
250
4
0.04041636690507988
0.05369507994295941
0.001506029023165656
1.4689742899672997
2.2311379285635478
0.5932693837327653
====================
300
4
0.09007628711382809
0.02053048367130561
0.009998751177795029
2.559721783885511
2.710256420983826
1.0353885295931358
====================
350
4
0.05859943760056607
0.00960112467636276
0.0035142687911899895
1.7406917376280413
2.7944777213877914
0.9634145160403209
====================
400
4
0.12062820464909284
0.013471857885042259
0.009595019344432285
3.730883334299782
2.744681478880307
4.288277311828758
====================
450
4
0.18497444590137624
0.015647868484957472
0.006420797800373856
4.361252831334438
2.8826532427189693
3.1371639518777514
====================
500
4
0.1270907679827853
0.048890393126688636
0.0019398453093657508
6.856756598540045
3.405431586456168
1.7072622482284587
====================
550
4
0.12785985372501152
0.00990036132563965
0.006984585591222503
8.333311041099275
3.5524209529428266
2.3703669139147494
====================
600
4
0.24747826120039468
0.0009972555193499336
0.002214610904533433
11.286600152292452
3.5145350756246274
2.915695283749424
====================
650
4
0.20028338362174192
0.02276057378424845
0.0012366880492471477
13.217971400177069
3.375662920304074
1.8463305225985311
====================
700
4
0.16546737478452345
0.03415726100290506
0.0005396723787636226
14.705147931533151
3.119548818857639
0.580521328827946
====================
750
4
0.23785659056964692
0.04696080355317611
0.0008349253924853084
16.989342309569217
3.7158100347524363
0.8098227447570676
====================
800
4
0.29578504289434343
0.027489849838182874
0.009954852517071837
19.097972628569615
4.466473866786062
0.54824592840512
====================
850
4
0.24159270392196164
0.08033206094003642
0.01328798789404706
21.881777135944798
5.067309830950469
1.2155073280103186
====================
900
4
0.2076097133604744
0.14075978251810062
0.012072836774236873
24.109028091378075
6.441215177481119
1.7470970317967363
====================
950
4
0.2119955505893305
0.1279480622040805
0.0010512305947847356
26.342399898553474
8.010486793086098
0.7167730954921496
====================
1000
4
0.23488345170978442
0.1645292063484899
0.004391205075361296
27.190380513518107
8.917720098636345
0.7366667025963701
