====================
0
1
0.0
0.0
-2.474996407819674e-08
-1.6017904045563772e-08
0.0
0.0
-3.9386360839444023e-10
-8.282660234112479e-11
0.0
0.0
-2.2732780144975848e-08
-0.03217944061368233
====================
50
1
-0.5344107070099664
-0.04748885346542309
-0.5759294420693593
-0.05117829512413683
-1.1968234607570292
-0.09201225954076397
-1.2667423225825516
-0.0973876492051807
-0.06485999936184617
-0.05032326914375479
-0.049598480416314095
-0.03848223409912135
====================
100
1
0.5663114619062739
0.028377831891428715
-1.3588365003948404
-0.06809121193899481
-2.2614521190271866
-0.11076904109952608
-0.2413846988650583
-0.011823355181573462
-0.13417061294396665
-1.0042591602820246
0.01619915544476383
0.12124972739768684
====================
150
1
2.7979075517998524
0.10352288794870264
-2.391667358181781
-0.08849195598773438
-3.4323359688222332
-0.11982267559404029
0.6997930405925707
0.02442973975961427
-0.30711622760283985
-0.2005823098981563
-0.11215434085791798
-0.07324971698818282
====================
200
1
4.455729982623069
0.12668193758176216
-5.755417980947357
-0.16363368163303785
-7.262651054681136
-0.1870876060639991
1.3551433649790852
0.03490881306544892
-0.17266216428848244
-1.003306526768288
0.23174472831464532
1.3466239081409286
====================
250
1
5.113999725088199
0.11671341352522056
-6.039019940930061
-0.13782453452139504
-9.074994393509137
-0.1902906058577356
1.4226400533354138
0.02983087657445886
-0.22741170565890023
-0.15668236158140922
0.15725926273476332
0.1083486559957108
====================
300
1
7.651778939134289
0.14979286716736823
-6.896256857329213
-0.13500260470133765
-11.436652780597903
-0.20279219973057044
2.591227129483734
0.04594706682719331
-0.19064604795773812
-1.0029936841450071
0.253700532840995
1.3347249252192677
====================
350
1
9.019554980292554
0.15282966477771862
-6.450840068427887
-0.1093046971105144
-13.157760441898425
-0.20188246401934995
1.838392009906073
0.028206860159233498
-0.2759616835466594
-0.18397830047711497
0.049653339809696995
0.033102918324732444
====================
400
1
11.7582908118423
0.17793549998237734
-5.067689534949977
-0.07668817565292918
-15.727512705225976
-0.21227813358782902
0.5750023249091072
0.007760948767175956
-0.26726719613298666
-1.0021336125507163
-0.06478967550468767
-0.24293258772092077
====================
450
1
13.28386595354442
0.17985535994753565
-3.462379180449446
-0.04687848070376166
-19.298061014110246
-0.22779160907986884
-2.516648923651246
-0.029706171381076885
-0.30518794323946663
-0.19957426009440726
-0.11972427995605517
-0.07829236087749697
====================
500
1
15.512497319148764
0.19049299947447557
-3.309757439267571
-0.04064372158574119
-22.74823581443482
-0.24069074081515066
-5.257941300305987
-0.055632348682185785
-0.34838454370779287
-1.001636012575095
-0.22034862348190234
-0.6335215513634931
