====================
0
4
0.0
-0.0
1.7009759822883552e-07
-4.205094513448676e-08
0.0
-0.0
-4.096789574248305e-10
1.3939727298913524e-10
0.0
0.0
-2.019015618606837e-08
-0.0289520308090021
====================
50
4
-0.364005943412927
-0.06444178315265231
-0.2863942986074042
-0.05070180754185694
0.757481385285868
0.2403668542431977
0.33979017400680744
0.10782350142893847
0.01031338980542329
0.008657381493720516
-0.03290738710320951
-0.027623488444528006
====================
100
4
1.1548209001548546
0.08205974824790256
0.034917893842969505
0.0024812103571357582
1.1388231132982387
0.1280610763418011
1.0324864653336085
0.11610348131767947
0.005844529799392397
-0.2027638119085834
0.05198594878015183
-1.8035444256685618
====================
150
4
-0.2958290769297278
-0.011841768777968702
-2.4173207439157807
-0.09676314988616798
2.0966774297834867
0.1418298140222231
1.7014182927740755
0.11509249663791847
0.08103442262679517
0.07231588997583732
0.17001176054654987
0.15172011315370731
====================
200
4
-0.6903499221153666
-0.01954585447577668
-3.252035252121061
-0.09207476636382039
2.885057668076602
0.1434105631394599
2.373239636711567
0.11796909175565791
0.14633760379634952
-0.864279782068749
0.2177131670185065
-1.2858286842397089
====================
250
4
-2.5173195882557096
-0.054014251308223175
-4.989739533691484
-0.10706508875265248
4.763866663601917
0.18989569663340053
2.206849054672986
0.08796869606023613
0.10310337465129082
0.09385894174534967
0.10631098758984692
0.09677895437306241
====================
300
4
-3.54851320523791
-0.06162851883800412
-6.653045993472951
-0.11554624334880162
5.4293371540385
0.17775414230613462
3.0344141896700947
0.09934540375433598
0.16659036686126394
-0.8787794765472302
0.21061490244114744
-1.1110129427496553
====================
350
4
-4.087400751333455
-0.060485786998469925
-5.42205305204876
-0.0802361123737705
7.668127597891903
0.21813340406548523
2.1750598950984923
0.06187341210839873
0.047488030164021255
0.04114694892941008
-0.08220095484888712
-0.0712246534428475
====================
400
4
-3.172156147984083
-0.04140972915396724
-4.357193338185169
-0.05687935511005103
7.663824613231299
0.18565247629761042
1.4714196812929288
0.03564443620401369
0.05177647398742494
-0.6926037813067499
0.04809533173712472
-0.6433618603002097
====================
450
4
-3.706002352008312
-0.04279634879703138
-3.629719261638513
-0.04191544332728384
8.873878380104223
0.1891337822020071
-2.408660505990639
-0.05133708757604803
0.0835038114876896
0.07468417807744225
-0.1443963097954174
-0.1291452392694231
====================
500
4
-4.293551804490463
-0.04420557516857124
-3.131527310756667
-0.03224159675523372
8.680928967204323
0.16307029706148418
-3.9932092150978917
-0.07501199645737668
-0.05216646569173864
-1.7873386355384795
-0.2152723949778883
-7.3757089656509525
