====================
0
2
0.0
0.0
-3.5730577296888555e-07
-2.3124433197414497e-07
0.0
-0.0
-5.533866698215206e-10
1.1637307611212692e-10
0.0
0.0
-2.5020985018058922e-08
-0.03556361057690458
====================
50
2
-0.5070870319461793
-0.044782724676533964
-0.6265964242836191
-0.05533703956951565
-0.18517070777121303
-0.0785695693682677
-0.37787233612904614
-0.16033457496162362
-0.04695832510349618
-0.037355636367649686
-0.03996972252645947
-0.0317961600445394
====================
100
2
-0.7463588368786667
-0.034790006301325005
-1.6512131308923443
-0.07696795748921244
-0.7830103166423736
-0.0854649264651184
0.5694603274716243
0.062156122311212515
0.04460564875576216
-0.7550212569124586
0.18867753261690048
-3.193666089413198
====================
150
2
-0.9773418627144217
-0.03144206608443721
-2.811973443488956
-0.09046400058246228
0.18859728671100484
0.012474627805456873
1.8938754233718083
0.125268986783821
0.09973069253998079
0.08981734633524405
0.31076973579082057
0.27987886456164573
====================
200
2
-1.364060416087142
-0.0329791302582719
-4.2091074253764305
-0.10176433566684544
0.3063190552288688
0.014443623949477635
2.2291185644981866
0.10510789235868886
0.012441408220663938
-0.46225798794321854
0.18468698151392524
-6.862007174729416
====================
250
2
-0.6079358937318418
-0.012157537444970529
-4.829927800379281
-0.09658917773247393
-0.03925229757954085
-0.0013781544678253585
1.910082664678388
0.0670633089160708
-0.14128102288003275
-0.10454543068742246
-0.007032152199100139
-0.0052036668855285585
====================
300
2
0.590702473641386
0.010063601676660408
-6.233546415239047
-0.10619885806339885
-1.7065710696423935
-0.04694022262760994
2.887432862629261
0.07942050806152239
-0.11883446315117828
-1.1386816487912546
0.12507884457405155
1.1985158277468424
====================
350
2
1.6206546328874367
0.024164843554776376
-5.410680107152238
-0.08067618828900464
-2.550883084513785
-0.05780530023120852
1.4680202807880889
0.03326665717908951
-0.02087189052207794
-0.016955578036008244
0.1375667183443945
0.11175428625301782
====================
400
2
1.8466013381665078
0.024065786876315737
-5.208758590513867
-0.06788301921948592
-2.653258153182783
-0.052603917139009596
0.8913559019684385
0.017672163544383435
0.012819296263564576
-0.4697035376039117
0.021782430755228354
-0.7981159474738638
====================
450
2
1.9066788965975263
0.022152403324585117
-3.4485693786130156
-0.04006657854354757
-1.249021297935407
-0.022318904968413166
-2.1474354706171894
-0.03837277096373681
0.06089419002393459
0.052987925619590134
-0.19987265138185217
-0.17392196497973125
====================
500
2
1.3097292138473478
0.013564082278594639
-2.7445858784001587
-0.02842403474068624
-0.3628830840831867
-0.005921382843059503
-3.9745189907486846
-0.06485463112917765
0.24684252179740723
-0.9446147848035125
0.003991543800339337
-0.015274804602287695
