====================
0
0
0.0
0.0
-3.5722081115352466e-07
-7.144339409070488e-08
0.0
-0.0
-3.1286078031648246e-10
0.0003356328523593421
0.0
0.0
-2.5786306622513433e-08
-0.03732775272628438
====================
50
0
-0.17131396533113197
-0.01185004854237105
-0.4971379703065395
-0.034387792431290774
0.6572035721328371
0.1051465608768393
0.3327467159034345
0.05323643130356732
-0.07765579269124245
-0.06040073733310923
-0.02822415772411513
-0.021952772331107456
====================
100
0
-0.10092109042804154
-0.004154834855983079
-1.5807187332090926
-0.06507683639155072
-0.8679205065784181
-0.06216291495779762
0.3853308879731454
0.027598485158644027
-0.10042864767799013
-1.197388163524443
0.00159074514184869
0.018966096308902843
====================
150
0
0.20611233223812775
0.006171569546920912
-2.8911263371306504
-0.08656826626910523
-1.5501959135729244
-0.07192476719792158
1.2859639749796195
0.05966514213815978
-0.11843072744602745
-0.08928389522418682
0.07899958054560607
0.05955709657700995
====================
200
0
1.817389756900937
0.04359356407162278
-3.870925951533323
-0.09285155143188883
-3.207604981968057
-0.10911342730981383
1.7701614929098817
0.06021576486788777
-0.1613946247036906
-1.1143031069989844
0.06900950579849313
0.4764564301004686
====================
250
0
2.6642227336427524
0.053012355151048504
-4.56457105377531
-0.09082523722935079
-5.541496841836754
-0.14341502608668563
1.0410302565319824
0.026942067397818337
-0.24763365843862317
-0.17011847660633495
-0.07596803180728129
-0.052188244212526706
====================
300
0
4.073595995359426
0.06933676738413247
-6.6163628489622965
-0.11261725814492245
-7.282272688174189
-0.15638299774611483
2.9431803861936245
0.06320325967028903
-0.09025083135837939
-1.2246488047483315
0.24589369287591212
3.3366276248454767
====================
350
0
5.385484145903732
0.08055703766625615
-5.658662248754943
-0.08464328471940545
-9.01375501122044
-0.1632716502461018
1.3691640764652675
0.024800505221618686
-0.2912956102198434
-0.19428566066814876
-0.08257524521603843
-0.05507527579809555
====================
400
0
6.944957459722431
0.09235660076066005
-6.218616287825199
-0.0826974484882394
-12.562427072553575
-0.19343974851059875
0.12196005028644663
0.001877974798937851
-0.25141718181309736
-1.0704906794686182
0.01992580612157635
0.08484062059809085
====================
450
0
8.799221716900163
0.10632601399946816
-4.1326470996439895
-0.04993713165877644
-15.147974671998554
-0.2035017368538886
-2.7247839963278295
-0.03660543985655047
-0.43912676144877794
-0.26659837074227943
-0.28529666812313437
-0.17320653983576545
====================
500
0
13.833331448932753
0.15786698225705476
-2.0384884052021874
-0.023263377595141285
-20.664241307662394
-0.2398930193658748
-4.437711034508453
-0.05151778298033827
-0.6116776147294325
-1.0278187564355639
-0.33244353576485397
-0.5586140366866571
