====================
0
3
0.0
-0.0
1.3590817182773662e-07
-3.3598751774404404e-08
0.0
0.0
-3.4700775586316013e-10
-1.1807285846142342e-10
0.0
0.0
-2.0443451555822823e-08
-0.02950035016026415
====================
50
3
0.052347385175526284
0.00998749348465815
-0.24410460181774685
-0.04657335055141669
-0.6208275932911853
-0.05972262129680871
-0.6962953816673885
-0.06698250180792786
-0.23433826714251227
-0.16334605719402348
-0.21774651001886736
-0.151780732669284
====================
100
3
1.9545718508416137
0.14706745227971582
-1.1557278511451976
-0.0869601956681449
-3.693560717325685
-0.18866294299355782
-0.7633908027723919
-0.038993146864940154
-0.24255518752840488
-1.1113474413006377
0.016886087621815316
0.07736923898972542
====================
150
3
2.8341138889271313
0.12954133016263064
-3.9932854822537855
-0.18252460323184197
-6.323217621180856
-0.21772064259351548
0.48059753891552504
0.016547905080959317
-0.18758835959620956
-0.1351635126282987
0.28571790870811986
0.2058690434999752
====================
200
3
5.238537525301837
0.17803087041600035
-4.76808017772635
-0.16204245176328855
-7.715012924975635
-0.21111430751702762
2.039488399250665
0.055808743975393274
-0.17600702567511217
-1.1601919974471997
0.221929723484147
1.4629023369627094
====================
250
3
5.978731594786694
0.15670825403109878
-4.762585291269673
-0.12483190018428815
-8.551337008841976
-0.1933984935339933
2.138337029829202
0.048360994287713684
-0.10913364039345552
-0.08334580620745373
0.10846783516178538
0.0828373280369224
====================
300
3
6.837627096382263
0.14472904209835438
-6.569800062985621
-0.13906006520839664
-10.845615330011874
-0.20611173681589542
2.670847327200427
0.05075719215820366
-0.08030639601441475
-1.4339287012347117
0.1695284091516364
3.027052185402002
====================
350
3
7.091298628234988
0.1256031636566982
-6.196200649011352
-0.10974892540398073
-11.630402682195857
-0.19306634434373587
1.3076260634893089
0.021706779270243268
-0.15854609202815273
-0.11667923224543407
-0.11405528426654032
-0.08393699795130621
====================
400
3
9.09468482042739
0.1412090626408005
-5.441585390358512
-0.08448903809470223
-13.938471621632168
-0.2030125952312719
-0.0283752375477917
-0.00041328280253774893
-0.13997654632914447
-1.2100888129070417
-0.039896624654478824
-0.3449039173577899
====================
450
3
10.562581613266062
0.1458814957171876
-4.0033690854191235
-0.05529116758306464
-15.58520955560725
-0.20203671464717649
-2.2601937940523413
-0.02929971053562005
-0.3394079710835456
-0.22044030154535077
-0.2904408087649264
-0.18863687632561862
====================
500
3
12.010200027750699
0.14844113474034312
-2.996513593882014
-0.03703567610139248
-18.460414841182285
-0.2143436074505107
-4.236020417594801
-0.04918437128052853
-0.15074064829459433
-1.1922033295358363
-0.12548363212852437
-0.9924463355995905
