====================
0
3
0.0
-1.0430697371643232e-08
0.0
1.0430697371643232e-08
0.0
2.3143311461042584e-10
====================
50
3
0.012367347137866469
0.004680420844386246
0.012367347137866469
0.004680420844386246
0.809971519818421
0.7991433286053244
====================
100
3
0.017718919948539913
0.008370860568560623
0.017718919948539913
0.008370860568560623
1.307933192991645
1.117783509694495
====================
150
3
-0.0005773271134237312
-0.046703892240280265
0.0005773271134237312
0.046703892240280265
1.575364778912624
0.8028470414992143
====================
200
3
0.07257328939494309
0.03947186027087244
0.07257328939494309
0.03947186027087244
2.593928121619076
1.35655179824439
====================
250
3
0.04851578479724816
0.011108655982824178
0.04851578479724816
0.011108655982824178
2.1240889940161876
1.1722587317563034
====================
300
3
-0.08516579733899965
-0.12374624570000403
0.08516579733899965
0.12374624570000403
2.433131948181522
1.8350686475543942
====================
350
3
-0.09495911283830827
-0.1288734231070927
0.09495911283830827
0.1288734231070927
1.4533657152714783
1.929336201203773
====================
400
3
0.05748843361038236
0.017888272699161663
0.05748843361038236
0.017888272699161663
2.9528155795214066
2.8912960082202463
====================
450
3
0.0846937473301459
0.02659852956128561
0.0846937473301459
0.02659852956128561
3.7313382878562282
3.63169144936032
====================
500
3
0.05689363708728257
0.013545164616524996
0.05689363708728257
0.013545164616524996
4.599521613942061
4.129114787417008
====================
550
3
0.12749468342062587
0.07130271291059698
0.12749468342062587
0.07130271291059698
6.136613941550548
5.391046921644185
====================
600
3
0.16974961776415115
0.11483662409340384
0.16974961776415115
0.11483662409340384
7.9202596450640215
6.918074076576636
====================
650
3
0.03629694329922484
0.05783350978038615
0.03629694329922484
0.05783350978038615
8.060018559639708
5.575712593038062
====================
700
3
0.00405473028665293
-0.013220831971724412
0.00405473028665293
0.013220831971724412
8.731223520601644
5.785750672865137
====================
750
3
0.006818921430835179
-0.020720016742197034
0.006818921430835179
0.020720016742197034
8.546651159723561
6.090740039214963
====================
800
3
0.07862773481397481
0.0599902852505297
0.07862773481397481
0.0599902852505297
8.124183537021636
6.592452737662565
====================
850
3
0.04769157717049022
0.030209585191743882
0.04769157717049022
0.030209585191743882
8.325792913321582
6.0105156674895985
====================
900
3
0.045377674736339024
0.01845258866861066
0.045377674736339024
0.01845258866861066
9.349090482258433
6.4181197797496665
====================
950
3
0.02334022243545908
-0.02045696504764405
0.02334022243545908
0.02045696504764405
9.134213484313506
6.945759216835444
====================
1000
3
0.09434011836049933
0.04614284740581835
0.09434011836049933
0.04614284740581835
8.054533044612825
7.760589698768374
====================
0
3
0.0
-2.1339347088755624e-08
0.0
2.1339347088755624e-08
0.0
1.2908897599280212e-07
====================
50
3
0.062380411115931844
0.06621453291767887
0.062380411115931844
0.06621453291767887
0.8882572151001004
0.8365270765269909
====================
100
3
0.02515058258220515
0.026340231749438114
0.02515058258220515
0.026340231749438114
1.8660156902592018
1.752352892772937
====================
150
3
-0.04191841782456396
-0.04993731411809099
0.04191841782456396
0.04993731411809099
2.069978271544733
1.6237088529266976
====================
200
3
-0.015782036711589342
-0.016887841381979976
0.015782036711589342
0.016887841381979976
3.7787899073795863
3.0561881504985227
====================
0
3
0.0
-1.256756421898551e-08
0.0
1.256756421898551e-08
0.0
1.4329677643180842e-07
====================
50
3
0.00255534945671676
0.0033482323536893066
0.00255534945671676
0.0033482323536893066
0.8345547593181946
0.8390591246529339
====================
100
3
-0.0932049052750954
-0.09907680887460346
0.0932049052750954
0.09907680887460346
0.49783043423817774
0.3601261845805369
====================
150
3
-0.07734923876626354
-0.06979096839597054
0.07734923876626354
0.06979096839597054
1.4995250229627404
1.4211477670832302
====================
200
3
0.009879548502903582
0.010290441358325558
0.009879548502903582
0.010290441358325558
2.441813639621006
1.6344316460670643
====================
250
3
0.10076955156614575
0.10475361041794584
0.10076955156614575
0.10475361041794584
1.9667686781329021
1.885052049372596
====================
300
3
0.0317028865278246
0.024130582984326132
0.0317028865278246
0.024130582984326132
4.140456474387017
3.1067273771432062
====================
350
3
0.026519274551181082
0.02933313570889151
0.026519274551181082
0.02933313570889151
2.377320682349127
2.290827066518594
====================
400
3
0.2319713560080105
0.22630560505214195
0.2319713560080105
0.22630560505214195
3.148212868220785
2.3966573813797876
====================
450
3
0.18985845847542926
0.1886674701362503
0.18985845847542926
0.1886674701362503
3.5524171617630227
2.8688894144416905
====================
500
3
0.13270895564271834
0.13867458278131428
0.13270895564271834
0.13867458278131428
5.335934572777897
4.646938820152734
====================
550
3
0.08002160559511107
0.07220548000023608
0.08002160559511107
0.07220548000023608
6.481790322871764
4.775836670267238
====================
600
3
0.24607335114649126
0.2428163090725604
0.24607335114649126
0.2428163090725604
6.55968829292439
6.376252743960237
====================
650
3
0.19712651753361765
0.18967573234758883
0.19712651753361765
0.18967573234758883
10.078977313238264
7.9819849781254195
====================
700
3
0.13718099360327862
0.13669030486826372
0.13718099360327862
0.13669030486826372
11.26716121259838
9.665354052412019
====================
750
3
0.1282082997594567
0.12682965415035286
0.1282082997594567
0.12682965415035286
12.496849321516123
11.42425284465513
====================
800
3
0.2619243059104983
0.26098562274511194
0.2619243059104983
0.26098562274511194
13.511682408648001
13.625919492314262
====================
850
3
0.2750879884894727
0.27166940734182965
0.2750879884894727
0.27166940734182965
16.575840247244553
15.012789583751228
====================
900
3
0.1534064352630442
0.13707575743384792
0.1534064352630442
0.13707575743384792
18.4093664549221
16.829387097206556
====================
950
3
0.0845221428945202
0.0812746835749183
0.0845221428945202
0.0812746835749183
19.421865498043307
17.886847751917895
====================
1000
3
0.16961647916298422
0.1762178877773678
0.16961647916298422
0.1762178877773678
20.894219971069198
21.464795526943792
====================
0
3
0.0
-1.2644192640790906e-08
0.0
1.2644192640790906e-08
0.0
1.5057855247763447e-07
====================
50
3
-0.11465787680235873
0.4602160686735266
0.11465787680235873
0.4602160686735266
3.253925681142394
3.1513980679374396
====================
100
3
13.75256725954453
-5.72650122579671
13.75256725954453
5.72650122579671
13.832990606339726
13.750328965019227
====================
150
3
20.416242284997697
-11.818322539722168
20.416242284997697
11.818322539722168
25.47711706459924
24.528448463523254
====================
200
3
16.52903894514386
-12.379817829601674
16.52903894514386
12.379817829601674
25.38185213003866
25.777822536698046
====================
0
3
0.0
-1.0328886703240524e-08
0.0
1.0328886703240524e-08
0.0
9.288270966580865e-08
====================
50
3
-7.4732340418576495
6.13109538229255
7.4732340418576495
6.13109538229255
1.804150643606595
0.9193843485556195
====================
100
3
-15.113773259066669
-3.5619070064465124
15.113773259066669
3.5619070064465124
12.926392695177523
12.037873764399542
====================
150
3
-32.22213179229952
-7.5523063877909244
32.22213179229952
7.5523063877909244
27.051277576464543
26.70525155961957
====================
200
3
-50.43540091783062
-6.59302125087607
50.43540091783062
6.59302125087607
24.027286505900648
27.270489554251597
====================
0
3
0.0
-1.2739934645474806e-08
0.0
1.2739934645474806e-08
0.0
1.6002076965069945e-07
====================
50
3
-9.08917304727699
-8.628966317662899
9.08917304727699
8.628966317662899
15.68361112619066
9.122611845273568
====================
100
3
-8.146109552573204
-8.482587974483067
8.146109552573204
8.482587974483067
30.730814554662523
22.73181993418054
====================
150
3
-9.666062197235508
-8.713342813973298
9.666062197235508
8.713342813973298
51.00844906194869
40.2373847085441
====================
200
3
-10.708481984262752
-8.788550592158746
10.708481984262752
8.788550592158746
69.33188441221492
58.8003013789785
====================
0
3
0.0
-1.037878657376652e-08
0.0
1.037878657376652e-08
0.0
8.538365076814928e-08
====================
0
3
0.0
-1.1590556438940591e-08
0.0
1.1590556438940591e-08
0.0
4.3131236729039246e-08
====================
0
3
0.0
-2.0086010366144916e-08
0.0
2.0086010366144916e-08
0.0
1.7409588451746262e-07
