====================
0
1
0.0
-1.2809132363160712e-08
0.0
1.2809132363160712e-08
0.0
1.719197736525215e-07
====================
50
1
0.059365489006260486
0.05114987943021787
0.059365489006260486
0.05114987943021787
0.8323932068245767
0.7931681056376315
====================
100
1
0.026273821950011378
0.016456497099330836
0.026273821950011378
0.016456497099330836
1.5524184533794312
1.2769087209411578
====================
150
1
-5.1074594207056734e-05
-0.0628916258585066
5.1074594207056734e-05
0.0628916258585066
1.6299416326036178
0.23718445249404377
====================
200
1
0.08390994160757237
0.03213099137992351
0.08390994160757237
0.03213099137992351
2.680831916567426
0.982324153587329
====================
250
1
0.13047259144561196
0.06606804954421897
0.13047259144561196
0.06606804954421897
3.444925426775398
1.1729162054796265
====================
300
1
0.055062722596503466
-0.03960586985361525
0.055062722596503466
0.03960586985361525
4.921597708757664
1.979454378426005
====================
350
1
0.03913223036218105
-0.06995181631374381
0.03913223036218105
0.06995181631374381
4.9727272457003195
2.420002237597251
====================
400
1
0.1993733536739919
0.09433026947845859
0.1993733536739919
0.09433026947845859
6.738533474236122
3.388775116207482
====================
450
1
0.28787597203613446
0.15671624536872197
0.28787597203613446
0.15671624536872197
9.958097739104051
3.7059584015915754
====================
500
1
0.21476556971381155
0.08399314043123107
0.21476556971381155
0.08399314043123107
12.99563019129198
4.1048572899819735
====================
550
1
0.19175661898389906
0.04378367742208167
0.19175661898389906
0.04378367742208167
15.184686343024515
5.210859431260587
====================
600
1
0.30423012011553235
0.17774768693316395
0.30423012011553235
0.17774768693316395
17.46896270300754
6.951630588960158
====================
650
1
0.13130097466351387
-0.06474867242316606
0.13130097466351387
0.06474867242316606
19.444505334521608
5.4997287314744305
====================
700
1
0.031843825998072894
-0.12998917195362614
0.031843825998072894
0.12998917195362614
19.91544896700089
4.982891107399488
====================
750
1
0.15141536694144841
0.022563118891432365
0.15141536694144841
0.022563118891432365
20.126027891998188
4.604182412061218
====================
800
1
0.20691260311891568
0.024961783683940697
0.20691260311891568
0.024961783683940697
20.32507157556307
4.536389556772097
====================
850
1
0.1871445544193291
0.04588201603257902
0.1871445544193291
0.04588201603257902
21.582548597593874
4.1626797699375375
====================
900
1
0.18579385260452108
0.03221962018548519
0.18579385260452108
0.03221962018548519
23.749569271798382
4.874794553517771
====================
950
1
0.29872213456445873
0.13785197114797854
0.29872213456445873
0.13785197114797854
26.467971274411124
5.8442803041754425
====================
1000
1
0.4403901919179381
0.23210567805684174
0.4403901919179381
0.23210567805684174
28.398790128940817
5.8845756862972065
====================
0
1
0.0
-2.1352196405587368e-08
0.0
2.1352196405587368e-08
0.0
1.3452456896045205e-07
====================
50
1
0.021058764189233914
0.024212436477236032
0.021058764189233914
0.024212436477236032
0.7928331289783573
0.7972618530806603
====================
100
1
0.014844811446451
0.01655131637217533
0.014844811446451
0.01655131637217533
1.5182863334810022
1.3785507002392263
====================
150
1
-0.03606633015488114
-0.0280863001235776
0.03606633015488114
0.0280863001235776
1.1531826385752364
1.0647248847526039
====================
200
1
-0.009050995972291101
-0.0018274296271279383
0.009050995972291101
0.0018274296271279383
0.9941997568291114
1.2358542988961427
====================
0
1
0.0
-1.0835661417819482e-08
0.0
1.0835661417819482e-08
0.0
5.31404640523744e-08
====================
50
1
0.035124768779057236
0.030558148076670344
0.035124768779057236
0.030558148076670344
0.6137119673432369
0.6626519992546451
====================
100
1
-0.07066750494738727
-0.061071024120896045
0.07066750494738727
0.061071024120896045
0.6048098071922307
0.5670249783655091
====================
150
1
-0.1340925172106895
-0.14162068812271422
0.1340925172106895
0.14162068812271422
0.6454820904298846
1.1974590739415194
====================
200
1
0.034339224980213905
0.04528863251429363
0.034339224980213905
0.04528863251429363
1.2384752965360821
0.9793263191958977
====================
250
1
0.08967222928616736
0.08396492357300422
0.08967222928616736
0.08396492357300422
0.9122606004123207
1.3325250166949312
====================
300
1
-0.0159815752864354
-0.040058714974825715
0.0159815752864354
0.040058714974825715
3.234793337669865
3.0485843855606465
====================
350
1
0.002111359358314635
0.0020870012034617247
0.002111359358314635
0.0020870012034617247
2.4243788077643305
2.383417569343453
====================
400
1
0.2062245469792654
0.21785587956809013
0.2062245469792654
0.21785587956809013
3.0151077560412456
2.7857430325150467
====================
450
1
0.10763023364535051
0.09625857526122394
0.10763023364535051
0.09625857526122394
2.5231247771851804
2.6494962946290608
====================
500
1
-0.030076116687889787
-0.032293303679466145
0.030076116687889787
0.032293303679466145
3.2389642413434228
2.925223331268924
====================
550
1
-0.04829595853284929
-0.052579432759487066
0.04829595853284929
0.052579432759487066
2.2237053537903364
2.669617852211602
====================
600
1
0.0350116648261116
0.04457206043037075
0.0350116648261116
0.04457206043037075
5.562033633041038
5.412119753463865
====================
650
1
0.14348740973451912
0.14631260522407397
0.14348740973451912
0.14631260522407397
4.122879521780413
6.9120677507191255
====================
700
1
0.15960537467481295
0.16479463270648598
0.15960537467481295
0.16479463270648598
6.40236358824237
7.551151982003976
====================
750
1
0.18909024176501288
0.17297323499280481
0.18909024176501288
0.17297323499280481
7.815819870891361
9.43019141469353
====================
800
1
0.31934878009106443
0.3230058388163675
0.31934878009106443
0.3230058388163675
12.700182494407644
13.813526091570088
====================
850
1
0.3106526702161484
0.31316983770570805
0.3106526702161484
0.31316983770570805
12.189519695413493
15.24939214027423
====================
900
1
0.20341436969138504
0.19660130100881235
0.20341436969138504
0.19660130100881235
15.444710683534396
15.977292541390016
====================
950
1
0.03692090837002571
0.042844807929942164
0.03692090837002571
0.042844807929942164
15.01754133183419
17.9581395696097
====================
1000
1
0.12618918891802244
0.13061059290584737
0.12618918891802244
0.13061059290584737
18.938020992509497
21.014054202199326
====================
0
1
0.0
-1.2038208953313935e-08
0.0
1.2038208953313935e-08
0.0
8.751776973919787e-08
====================
50
1
0.3682688889715454
0.10840049596197676
0.3682688889715454
0.10840049596197676
0.42210066660410783
0.3450389478584908
====================
100
1
-1.4867360060401955
-0.9926507261932729
1.4867360060401955
0.9926507261932729
3.5162641364010176
3.301828071329066
====================
150
1
6.966292489609758
-5.94063957577959
6.966292489609758
5.94063957577959
13.251330433045716
13.238175426944903
====================
200
1
44.70469764662692
-4.556698335116373
44.70469764662692
4.556698335116373
10.675804995158048
9.34056028316485
====================
0
1
0.0
-1.0814095504631056e-08
0.0
1.0814095504631056e-08
0.0
4.483447492894795e-08
====================
50
1
-0.038133491130825536
-0.15944262069235116
0.038133491130825536
0.15944262069235116
0.8241345186817167
0.8222409672839873
====================
100
1
-1.4760533267043008
-1.0386544350169236
1.4760533267043008
1.0386544350169236
4.859068433289023
4.721778250581096
====================
150
1
-2.5606453552152457
-3.2641873405800266
2.5606453552152457
3.2641873405800266
19.135468563426294
18.64318260835242
====================
200
1
-15.963185648403423
-13.491188759648088
15.963185648403423
13.491188759648088
16.047345073595675
16.33897285225309
====================
0
1
0.0
-9.486773127560893e-09
0.0
9.486773127560893e-09
0.0
1.0445160440309874e-07
====================
50
1
-6.230563927334846
-5.782170295642475
6.230563927334846
5.782170295642475
6.951408030035618
3.23973457996767
====================
100
1
-5.4581494843501535
-5.7812220349613685
5.4581494843501535
5.7812220349613685
6.079769384991829
6.6181388925475275
====================
150
1
-6.96486898481749
-5.7638645436017715
6.96486898481749
5.7638645436017715
9.177076011654817
10.193604999477937
====================
200
1
-8.12035007460279
-6.082948505153748
8.12035007460279
6.082948505153748
15.074957506597533
8.481428894020427
====================
0
1
0.0
-1.0662982086474264e-08
0.0
1.0662982086474264e-08
0.0
1.8303686972921567e-08
====================
0
1
0.0
-1.0066890182057322e-08
0.0
1.0066890182057322e-08
0.0
1.2961420429097954e-07
====================
0
1
0.0
-2.4318451779564273e-08
0.0
2.4318451779564273e-08
0.0
2.8877154295545723e-07
