====================
0
2
0.0
-1.2467201620408028e-08
0.0
1.2467201620408028e-08
0.0
2.1839027399341908e-07
====================
50
2
-0.0018071299086364068
0.006105997682249953
0.0018071299086364068
0.006105997682249953
0.4327041696996934
0.37557125993435997
====================
100
2
-0.13869736477826455
-0.11052060794450069
0.13869736477826455
0.11052060794450069
0.7636626849167353
0.3152875684072175
====================
150
2
-0.1324470360606087
-0.08682549279134677
0.1324470360606087
0.08682549279134677
2.5207468390448096
1.0279431847643554
====================
200
2
-0.11174368773443161
-0.08581422561024396
0.11174368773443161
0.08581422561024396
3.696132799912089
2.2559693097343074
====================
250
2
-0.06625918421792898
-0.03195787219128543
0.06625918421792898
0.03195787219128543
4.226209605759777
2.935047418427762
====================
300
2
-0.17142583979390702
-0.09770495529982615
0.17142583979390702
0.09770495529982615
5.415225757087745
3.6540536340859173
====================
350
2
-0.16002060905895865
-0.0638249814156564
0.16002060905895865
0.0638249814156564
6.916746108412484
3.393060531601439
====================
400
2
-0.05802997725419653
0.05183940122903769
0.05802997725419653
0.05183940122903769
7.939389478801866
3.158190763831495
====================
450
2
-0.07237050138308754
0.02940664589999864
0.07237050138308754
0.02940664589999864
7.649835754424113
3.132523749084414
====================
500
2
-0.1394691122335141
0.006227550220363476
0.1394691122335141
0.006227550220363476
7.149270440907739
3.6188693607969804
====================
550
2
-0.0838124484206677
0.10176599482597681
0.0838124484206677
0.10176599482597681
8.610277472456684
4.841068275846868
====================
600
2
0.026980599627068093
0.17575637682946246
0.026980599627068093
0.17575637682946246
8.907563025158645
5.717457433135122
====================
650
2
-0.08816015651624998
0.0923359613161765
0.08816015651624998
0.0923359613161765
9.800371420108597
4.385045151697528
====================
700
2
-0.13684142124228194
0.038260677909536245
0.13684142124228194
0.038260677909536245
11.094556778134413
4.912973183289477
====================
750
2
-0.08962604892907833
0.061572292583548016
0.08962604892907833
0.061572292583548016
12.392085060409885
5.711648341461453
====================
800
2
-0.08962731944300134
0.053071263234121216
0.08962731944300134
0.053071263234121216
14.293454225835193
5.823235285786331
====================
850
2
-0.08236424080180127
0.05785690281041678
0.08236424080180127
0.05785690281041678
15.192849047333292
5.599227034801259
====================
900
2
-0.12398186626440344
0.014236135148883111
0.12398186626440344
0.014236135148883111
16.490481772109085
6.222569092038223
====================
950
2
-0.09166924783908192
0.03495104310982233
0.09166924783908192
0.03495104310982233
18.427680809884105
7.207839686120687
====================
1000
2
-0.02565156392567499
0.09827504292452763
0.02565156392567499
0.09827504292452763
19.434524043039428
8.876139049052636
====================
0
2
0.0
-2.1235109489171575e-08
0.0
2.1235109489171575e-08
0.0
1.3076783859085153e-07
====================
50
2
-0.01395425306597109
-0.013161856518202342
0.01395425306597109
0.013161856518202342
0.14643263013035443
0.2003926904294989
====================
100
2
-0.025173122783802793
-0.010241456510013514
0.025173122783802793
0.010241456510013514
0.20342396916124922
0.3602759657526321
====================
150
2
-0.04490897811173089
-0.05654302630212005
0.04490897811173089
0.05654302630212005
0.5678390448647589
0.23434081884559674
====================
200
2
-0.016203770605214007
-0.03321394883409982
0.016203770605214007
0.03321394883409982
1.6729222940413462
1.1499253014476718
====================
0
2
0.0
-1.0378854629792385e-08
0.0
1.0378854629792385e-08
0.0
8.537688284589536e-08
====================
50
2
-0.029326780407154418
-0.021780907483482714
0.029326780407154418
0.021780907483482714
0.5035345498261142
0.5012220467090466
====================
100
2
-0.23390414246185465
-0.2191240952994744
0.23390414246185465
0.2191240952994744
0.6568129511299162
0.5928465888207864
====================
150
2
-0.1485851915128611
-0.14519815436919892
0.1485851915128611
0.14519815436919892
3.613732921105277
2.2563989887960436
====================
200
2
0.07738617682928395
0.0753511768474868
0.07738617682928395
0.0753511768474868
3.6822057457028143
2.18203621539872
====================
250
2
-0.04994487048559226
-0.038245705557785836
0.04994487048559226
0.038245705557785836
3.7855875708035827
3.618642884606022
====================
300
2
0.04017908419814553
0.049606494965928505
0.04017908419814553
0.049606494965928505
3.3757491167676457
3.14425850737633
====================
350
2
0.06728402069792083
0.06586900682684749
0.06728402069792083
0.06586900682684749
3.2394616630321584
2.6945866023381875
====================
400
2
0.3123766701435554
0.3122038794360735
0.3123766701435554
0.3122038794360735
2.3603824708123757
1.1445709252034055
====================
450
2
-0.009812645986572832
-0.002068414065140134
0.009812645986572832
0.002068414065140134
0.890070869921038
0.8814522558174589
====================
500
2
-0.034207517890791905
-0.020655855438482362
0.034207517890791905
0.020655855438482362
1.3804573201344321
2.1324623736548296
====================
550
2
0.1678828391118632
0.17704230077556105
0.1678828391118632
0.17704230077556105
1.6412513834734523
2.389177939527373
====================
600
2
0.214528529316242
0.20370252010396644
0.214528529316242
0.20370252010396644
4.086057906658018
3.5035012467382196
====================
650
2
0.192667481065391
0.19584171584515575
0.192667481065391
0.19584171584515575
4.635763878488389
6.2589362727213675
====================
700
2
0.2506383924299005
0.25470140427351406
0.2506383924299005
0.25470140427351406
7.297813945151754
7.846242546377825
====================
750
2
0.27819627371797495
0.28554641444085693
0.27819627371797495
0.28554641444085693
10.051464065479228
10.624729782862437
====================
800
2
0.20390936978952956
0.19575635505685537
0.20390936978952956
0.19575635505685537
12.559659690117206
12.75352562869657
====================
850
2
-0.005199263253928388
0.0043576085752965454
0.005199263253928388
0.0043576085752965454
12.315057165402374
13.806871127542777
====================
900
2
0.019266089117365937
0.031119442632705052
0.019266089117365937
0.031119442632705052
13.765092439765407
14.884288306797552
====================
950
2
0.11828248944646047
0.12091770945404012
0.11828248944646047
0.12091770945404012
13.97522651745152
17.298615599231
====================
1000
2
0.2233039129811641
0.22742904975189324
0.2233039129811641
0.22742904975189324
19.017259504268377
19.472868707065494
====================
0
2
0.0
-1.2092408578943153e-08
0.0
1.2092408578943153e-08
0.0
9.791538429936148e-08
====================
50
2
-2.1059976297971437
-2.931733367715693
2.1059976297971437
2.931733367715693
4.529755525578687
4.46874937990447
====================
100
2
16.677916227573927
-10.468384684044583
16.677916227573927
10.468384684044583
21.654487133233914
21.518889144147384
====================
150
2
47.20189260525344
-3.1729363941474844
47.20189260525344
3.1729363941474844
40.12383529119761
39.981235607020245
====================
200
2
46.34743152013393
-3.1106113826379698
46.34743152013393
3.1106113826379698
60.66720446394335
63.3166750187762
====================
0
2
0.0
-1.2858465326031572e-08
0.0
1.2858465326031572e-08
0.0
1.7640522096091483e-07
====================
50
2
-5.977531235939088
-0.8045398253437623
5.977531235939088
0.8045398253437623
0.17273000060020174
0.25670494426103607
====================
100
2
-0.6555055470431439
-2.5937586145501763
0.6555055470431439
2.5937586145501763
13.679615612461825
13.555705812270645
====================
150
2
2.342658419642601
-10.073492349986761
2.342658419642601
10.073492349986761
33.39156417971078
30.911189684057355
====================
200
2
5.254353506044612
-13.492940052861936
5.254353506044612
13.492940052861936
40.41619817210731
42.77923513972396
====================
0
2
0.0
-1.1029814438022893e-08
0.0
1.1029814438022893e-08
0.0
2.817736502168665e-08
====================
50
2
-7.710196035456351
-7.249254226629967
7.710196035456351
7.249254226629967
14.232563220613311
4.765052908593359
====================
100
2
-6.56703213500961
-6.932115804652271
6.56703213500961
6.932115804652271
20.80539724576323
8.441042302153608
====================
150
2
-7.4068493504393444
-6.416264458739441
7.4068493504393444
6.416264458739441
28.465398978477886
10.073876669255714
====================
200
2
-7.60711723249121
-5.820912334187311
7.60711723249121
5.820912334187311
37.687730608927666
7.541787613328016
====================
0
2
0.0
-7.049562707906686e-07
0.0
7.049562707906686e-07
0.0
5.000016617152915
====================
0
2
0.0
-9.929732244793333e-09
0.0
9.929732244793333e-09
0.0
1.3876577019869934e-07
====================
0
2
0.0
-2.392225081357729e-08
0.0
2.392225081357729e-08
0.0
2.3116263730018956e-07
