====================
0
4
0.0
-9.929664453263036e-09
0.0
9.929664453263036e-09
0.0
1.387724306508509e-07
====================
50
4
0.0027189763921973142
0.0005232356136359861
0.0027189763921973142
0.0005232356136359861
0.16065819475843895
0.16228335699329346
====================
100
4
-0.0551093575112791
-0.038127920663294734
0.0551093575112791
0.038127920663294734
0.3569369467196256
0.37796558154998305
====================
150
4
-0.10773956025412712
-0.08615663199884227
0.10773956025412712
0.08615663199884227
1.7730623841228859
0.742073855819237
====================
200
4
-0.08667308666789819
-0.05818919896164822
0.08667308666789819
0.05818919896164822
3.1292225503755957
1.6833772960408062
====================
250
4
-0.014336888040773044
0.024234826302749646
0.014336888040773044
0.024234826302749646
2.779617995514101
1.2489106659307148
====================
300
4
-0.20114439216954771
-0.1434741995817883
0.20114439216954771
0.1434741995817883
3.381734538999057
1.74679578486901
====================
350
4
-0.16666343429597807
-0.08901908457722874
0.16666343429597807
0.08901908457722874
5.815420163362512
1.9192889758318612
====================
400
4
-0.07147659947491164
-0.013261643112332362
0.07147659947491164
0.013261643112332362
6.38032752267656
2.4664445094806635
====================
450
4
-0.016637279142085237
0.020423198752214988
0.016637279142085237
0.020423198752214988
5.676748324009508
3.595368849459841
====================
500
4
-0.07913615827403753
-0.012423213501631114
0.07913615827403753
0.012423213501631114
4.26556217502947
3.6536537485375433
====================
550
4
-0.06398334088795288
0.04641946409178188
0.06398334088795288
0.04641946409178188
5.839329453172069
4.9424049920874955
====================
600
4
-0.00652803235597068
0.10401581259966344
0.00652803235597068
0.10401581259966344
6.431693329305284
6.549527543492226
====================
650
4
-0.06134368556107561
0.07908897857785613
0.06134368556107561
0.07908897857785613
7.40163640319469
4.86841684471345
====================
700
4
-0.20538203550500267
-0.0554096863086051
0.20538203550500267
0.0554096863086051
9.104500914465994
5.219925120179078
====================
750
4
-0.20137359416191059
-0.0579895417891092
0.20137359416191059
0.0579895417891092
11.203886912639275
5.753555718057636
====================
800
4
-0.1448268632543504
-0.010477448237883547
0.1448268632543504
0.010477448237883547
13.630297765538726
6.358011833897997
====================
850
4
-0.1164140025392224
0.061634059179710654
0.1164140025392224
0.061634059179710654
15.23790028522771
6.293608401370602
====================
900
4
-0.21994642314397694
-0.06873234084787283
0.21994642314397694
0.06873234084787283
16.734414890644857
6.195659747941032
====================
950
4
-0.16721798333779447
0.00622813169642189
0.16721798333779447
0.00622813169642189
18.630181468593864
6.823946002564036
====================
1000
4
-0.055904417366251624
0.1062439437606278
0.055904417366251624
0.1062439437606278
20.472330402152473
8.475918305106724
====================
0
4
0.0
-2.273267163999527e-08
0.0
2.273267163999527e-08
0.0
2.4740005845922067e-08
====================
50
4
0.003382779949405279
0.005276245219867137
0.003382779949405279
0.005276245219867137
0.46508875395950916
0.4594273440005252
====================
100
4
-0.07508411671311954
-0.06348894386593695
0.07508411671311954
0.06348894386593695
1.0825972875205643
1.2311324239445605
====================
150
4
-0.11125825132771205
-0.11857822137051799
0.11125825132771205
0.11857822137051799
1.6910227972386251
0.6619446855674577
====================
200
4
-0.01311225837685294
-0.019618188952618704
0.01311225837685294
0.019618188952618704
3.733825875460756
1.717839115031198
====================
0
4
0.0
-1.17755773200737e-08
0.0
1.17755773200737e-08
0.0
5.4284594460366406e-08
====================
50
4
-0.052293481945072884
-0.05851840469607472
0.052293481945072884
0.05851840469607472
0.2388880899510564
0.1640290315892564
====================
100
4
-0.09439101569811115
-0.08897685828992685
0.09439101569811115
0.08897685828992685
0.6960773645327389
0.4474808371152582
====================
150
4
-0.0747218532658449
-0.08600534625197165
0.0747218532658449
0.08600534625197165
2.202644092849829
1.6615840796055106
====================
200
4
0.09260528182184181
0.07918813939118748
0.09260528182184181
0.07918813939118748
2.0107863056824553
1.9968561136651324
====================
250
4
0.0004436061747432607
0.007026580890084011
0.0004436061747432607
0.007026580890084011
2.4802032090527697
2.459718032296429
====================
300
4
-0.01183245333991545
-0.0025218640187896213
0.01183245333991545
0.0025218640187896213
2.086268895231205
1.895343072360477
====================
350
4
0.04494588692560386
0.044331678112377704
0.04494588692560386
0.044331678112377704
2.728094131895998
0.8452801736643385
====================
400
4
0.20760292226142618
0.19320552395010313
0.20760292226142618
0.19320552395010313
2.906171920598748
0.6642879179535371
====================
450
4
0.21218163597339346
0.21365188911915256
0.21218163597339346
0.21365188911915256
1.821499647419728
2.660680679045998
====================
500
4
0.13387752198903113
0.1376794617167607
0.13387752198903113
0.1376794617167607
4.158117432912531
4.377000611087264
====================
550
4
0.012076081477864209
0.00985719819309816
0.012076081477864209
0.00985719819309816
4.6782083676478114
5.054095690411054
====================
600
4
0.20416126815043228
0.1977471041945604
0.20416126815043228
0.1977471041945604
6.285445132118266
6.112480716277564
====================
650
4
0.014297255545553611
0.031826475417820355
0.014297255545553611
0.031826475417820355
6.492121101489657
7.471839540521862
====================
700
4
-0.06130173054139876
-0.0669967092232473
0.06130173054139876
0.0669967092232473
7.922978309272818
8.46019238760581
====================
750
4
0.08916235777294435
0.08435958958691425
0.08916235777294435
0.08435958958691425
7.155752238578758
10.57753556164455
====================
800
4
0.1194368722515811
0.11513049798259231
0.1194368722515811
0.11513049798259231
12.492878288515612
13.517717012455307
====================
850
4
0.09830771223848589
0.10491112137628722
0.09830771223848589
0.10491112137628722
11.042912585306388
14.592921598372232
====================
900
4
0.04395752172269907
0.04376772849948285
0.04395752172269907
0.04376772849948285
13.990394908058706
15.440067315409532
====================
950
4
0.17140375546749764
0.1661633893646084
0.17140375546749764
0.1661633893646084
12.910671816063822
17.16747809018607
====================
1000
4
0.2189434061305362
0.21384875933004993
0.2189434061305362
0.21384875933004993
18.834068903229667
20.475244187452255
====================
0
4
0.0
-1.2352126842298097e-08
0.0
1.2352126842298097e-08
0.0
1.1178084124979611e-07
====================
50
4
-6.542961303824502
-1.1546006962743771
6.542961303824502
1.1546006962743771
2.221215105023685
2.1547015032548655
====================
100
4
9.967986254639282
-2.074257006191244
9.967986254639282
2.074257006191244
15.14519878572723
14.776928320811367
====================
150
4
16.002579988861797
-9.351300295990265
16.002579988861797
9.351300295990265
33.15720207515241
32.106890124460655
====================
200
4
16.030042051993153
-2.8970108670842087
16.030042051993153
2.8970108670842087
46.82504500081881
45.716562359305954
====================
0
4
0.0
-1.1323590617386563e-08
0.0
1.1323590617386563e-08
0.0
1.0110860991869098e-08
====================
50
4
-9.950189664561847
-3.7642512526528513
9.950189664561847
3.7642512526528513
8.058345176931487
7.173565552998522
====================
100
4
-10.54119933418347
-6.488172362607128
10.54119933418347
6.488172362607128
21.50685110656158
21.470890834135197
====================
150
4
-13.7400245324575
-7.974889501332675
13.7400245324575
7.974889501332675
26.153464397242114
23.893107029327872
====================
200
4
-17.59510873614752
-10.740167490194887
17.59510873614752
10.740167490194887
19.64087369657924
19.905603338623166
====================
0
4
0.0
-1.032988313507551e-08
0.0
1.032988313507551e-08
0.0
1.8827650074113688e-08
====================
50
4
-11.36686197155848
-10.901166932032357
11.36686197155848
10.901166932032357
8.67516980612088
7.986846093154855
====================
100
4
-10.856852768177477
-11.073279843265047
10.856852768177477
11.073279843265047
16.276800101473178
16.468194923899745
====================
150
4
-12.086006296900624
-9.980680945222332
12.086006296900624
9.980680945222332
25.198988517840338
39.026756338564375
====================
200
4
-12.0826148333652
-10.485370720244488
12.0826148333652
10.485370720244488
29.934682474215034
57.7094866712372
====================
0
4
0.0
-7.084124361370621e-07
0.0
7.084124361370621e-07
0.0
4.999963365768301
====================
0
4
0.0
-1.2809096272703286e-08
0.0
1.2809096272703286e-08
0.0
1.719133212758305e-07
====================
0
4
0.0
-1.9130489938772664e-08
0.0
1.9130489938772664e-08
0.0
2.795820403730142e-07
