====================
0
0
0.0
-1.1546975129000424e-08
0.0
1.1546975129000424e-08
0.0
2.8180503656031398e-08
====================
50
0
-0.03340915326988303
-0.04242956607001158
0.03340915326988303
0.04242956607001158
0.6085669617158026
0.6115900119906165
====================
100
0
-0.13420198644966597
-0.12975839516712995
0.13420198644966597
0.12975839516712995
0.2860468029124701
0.26827637033210294
====================
150
0
-0.07347860579979981
-0.05687290083667751
0.07347860579979981
0.05687290083667751
1.8043142659695934
1.0935877658312279
====================
200
0
0.017860141408897558
0.02627198527817108
0.017860141408897558
0.02627198527817108
2.165175355641392
1.3559945232702153
====================
250
0
0.046146064401225706
0.04159360179478888
0.046146064401225706
0.04159360179478888
1.0923803210945475
0.9979572853630794
====================
300
0
-0.045873965541686434
-0.03884082240846087
0.045873965541686434
0.03884082240846087
1.9196930375149317
2.566553983722071
====================
350
0
-0.07843114502825976
-0.08250920603028944
0.07843114502825976
0.08250920603028944
2.647346495282598
2.7253470304453566
====================
400
0
0.07999276391583925
0.090044061253271
0.07999276391583925
0.090044061253271
3.3271433451711823
2.3471691898807965
====================
450
0
0.14456619911642044
0.1535115461767118
0.14456619911642044
0.1535115461767118
2.52960618102062
3.8050059179673674
====================
500
0
0.10294899707374938
0.08985058308665783
0.10294899707374938
0.08985058308665783
3.7030532128221227
4.91401727469576
====================
550
0
0.16745603307878643
0.10668953472929821
0.16745603307878643
0.10668953472929821
5.394007090862321
5.735898873781959
====================
600
0
0.23435790733398
0.11721555740225251
0.23435790733398
0.11721555740225251
7.163986600244117
6.644822676294917
====================
650
0
0.10251780092161611
0.005014419056020847
0.10251780092161611
0.005014419056020847
7.932336980596415
5.089633974278314
====================
700
0
0.04275638192669762
-0.09500166832531454
0.04275638192669762
0.09500166832531454
8.780679575560429
4.823116419789844
====================
750
0
0.10884349379015368
-0.012844748269625228
0.10884349379015368
0.012844748269625228
9.40249357446811
5.193948779550201
====================
800
0
0.17140404612089039
0.019107067000083494
0.17140404612089039
0.019107067000083494
9.097606603299345
5.269850965427636
====================
850
0
0.12824698153537706
0.02752551841274742
0.12824698153537706
0.02752551841274742
10.156033860556867
5.540962842498104
====================
900
0
0.06192004445489019
-0.05179109090766332
0.06192004445489019
0.05179109090766332
11.211615526323483
5.77827170961196
====================
950
0
0.10921777160933166
-0.001387231125957955
0.10921777160933166
0.001387231125957955
11.852390621051542
6.327923386520384
====================
1000
0
0.19577629962460535
0.06280616677721201
0.19577629962460535
0.06280616677721201
12.293215351997887
7.275461855947315
====================
0
0
0.0
-2.5549050615843307e-08
0.0
2.5549050615843307e-08
0.0
3.3193103058918046e-07
====================
50
0
-0.040836336618542246
-0.05011441997446897
0.040836336618542246
0.05011441997446897
0.2754606830900326
0.293077090818481
====================
100
0
-0.056141303609225535
-0.035363695181734656
0.056141303609225535
0.035363695181734656
0.2034268978938744
0.35453256450549725
====================
150
0
-0.054744815205864494
-0.06777211698785313
0.054744815205864494
0.06777211698785313
0.9951276839916121
0.6423724880933669
====================
200
0
0.031195271061677396
0.03432633498727608
0.031195271061677396
0.03432633498727608
1.5383644071480327
0.5746755414938605
====================
0
0
0.0
-1.1046697643392217e-08
0.0
1.1046697643392217e-08
0.0
2.6792304708787972e-08
====================
50
0
0.057361229109005096
0.05796453859146178
0.057361229109005096
0.05796453859146178
0.5950163330840068
0.5631609065466671
====================
100
0
-0.20443238903364058
-0.20325491949443508
0.20443238903364058
0.20325491949443508
0.45098125529060157
0.3974712647769427
====================
150
0
-0.11510032042544016
-0.1205505951826169
0.11510032042544016
0.1205505951826169
2.193123707189699
2.0458785099539676
====================
200
0
-0.08367875396469047
-0.07982696397468007
0.08367875396469047
0.07982696397468007
2.376363196351946
2.064639459470105
====================
250
0
-0.05446813204752665
-0.049477455593651465
0.05446813204752665
0.049477455593651465
2.572745344334863
2.3533378458196315
====================
300
0
-0.12226170817122517
-0.12353753671666778
0.12226170817122517
0.12353753671666778
2.8877021464585995
2.920047724571979
====================
350
0
-0.0019688322017872295
-0.006198220851300507
0.0019688322017872295
0.006198220851300507
4.047141378043755
2.8473424603818676
====================
400
0
0.11207246786531631
0.11133334377324985
0.11207246786531631
0.11133334377324985
4.047280532404388
1.5897454302980838
====================
450
0
0.1879135845068205
0.18334669541377968
0.1879135845068205
0.18334669541377968
1.3447360431140107
1.3232045321263766
====================
500
0
0.1221214388757188
0.12888355825640563
0.1221214388757188
0.12888355825640563
1.7970988420676504
3.113841694743266
====================
550
0
0.008136621454133852
0.006222597881015313
0.008136621454133852
0.006222597881015313
2.902608989020742
3.039548594335535
====================
600
0
0.18392623647760015
0.19504789806783596
0.18392623647760015
0.19504789806783596
6.170119399956314
5.446454207566801
====================
650
0
0.20054412254408738
0.20667995615813162
0.20054412254408738
0.20667995615813162
4.519979053496615
6.6971131167972064
====================
700
0
0.1620201099174956
0.1620295111449228
0.1620201099174956
0.1620295111449228
6.8256998999291945
7.743871426975675
====================
750
0
0.1880875434433491
0.1920104189344256
0.1880875434433491
0.1920104189344256
8.347954628081204
10.237904492708703
====================
800
0
0.33430654497621126
0.3444220695960633
0.33430654497621126
0.3444220695960633
13.34645743301751
13.91482737189763
====================
850
0
0.27759030560886666
0.271346734474633
0.27759030560886666
0.271346734474633
13.697979122629645
14.054931267652567
====================
900
0
0.12690336944223546
0.11871946951489498
0.12690336944223546
0.11871946951489498
15.739243477575698
15.274784066248838
====================
950
0
0.21573372136614588
0.20929966860920346
0.21573372136614588
0.20929966860920346
17.066594166204588
17.024222634633762
====================
1000
0
0.3172594564910272
0.30920436426309617
0.3172594564910272
0.30920436426309617
19.67566700159147
19.23159615049129
====================
0
0
0.0
-9.756102629721984e-09
0.0
9.756102629721984e-09
0.0
1.5526996294717366e-07
====================
50
0
0.485982957804024
1.2053242669582527
0.485982957804024
1.2053242669582527
1.7729937167221292
1.8274084047809187
====================
100
0
6.8093648099208774
-6.099686812103671
6.8093648099208774
6.099686812103671
11.197720258634261
11.348856762883225
====================
150
0
8.144520437592075
-5.016747178606696
8.144520437592075
5.016747178606696
19.857545514499833
19.90254396500768
====================
200
0
4.068990902633428
-2.4768892420164432
4.068990902633428
2.4768892420164432
29.883913014704447
28.886911564600954
====================
0
0
0.0
-1.2739966752691611e-08
0.0
1.2739966752691611e-08
0.0
1.6001921533967486e-07
====================
50
0
-0.7639366974634196
-0.44500515228335513
0.7639366974634196
0.44500515228335513
0.6305825710564719
0.5632669783659796
====================
100
0
11.168652667583828
-1.3768193847641594
11.168652667583828
1.3768193847641594
5.187389381283052
4.719638024862727
====================
150
0
13.357309445704534
-5.064935037886983
13.357309445704534
5.064935037886983
12.3899601807363
12.114968810282523
====================
200
0
3.3767553767701517
-9.243180636963661
3.3767553767701517
9.243180636963661
20.655715995851647
20.614244987901355
====================
0
0
0.0
-1.2567562198476929e-08
0.0
1.2567562198476929e-08
0.0
1.432953073821429e-07
====================
50
0
-9.113337741212776
-8.64282620923212
9.113337741212776
8.64282620923212
15.69872426721509
9.102027239889896
====================
100
0
-8.486407392708045
-8.273259260135164
8.486407392708045
8.273259260135164
34.10884663253568
26.250534047263898
====================
150
0
-8.540350935363321
-7.663923886109622
8.540350935363321
7.663923886109622
55.97348339531735
43.748999879203915
====================
200
0
-8.971552419224281
-7.144521143938148
8.971552419224281
7.144521143938148
68.35013435985599
51.497938683181175
====================
0
0
0.0
-1.0835646298567353e-08
0.0
1.0835646298567353e-08
0.0
5.314786344258009e-08
====================
0
0
0.0
-1.2680181496460727e-08
0.0
1.2680181496460727e-08
0.0
1.607453628862184e-07
====================
0
0
0.0
-2.3439078584986623e-08
0.0
2.3439078584986623e-08
0.0
9.917821154922453e-08
