====================
0
4
0.0
-0.0
-1.600203614060547e-07
3.9559685089507587e-08
0.0
-0.0
-3.614624155545698e-10
1.229911229313452e-10
0.0
0.0
-1.2739934645474806e-08
-0.01842946948924036
====================
50
4
-0.7330987249361272
-0.12154532913612069
-0.2220592256647267
-0.036816680691243726
0.5138469394900467
0.15219853940541234
-0.17712978420247794
-0.052464834114936326
-0.04698009522353419
-0.03768780108564636
-0.15558369955387596
-0.12481046479484635
====================
100
4
-0.41948348409847114
-0.0267641260195691
-0.5667937613888032
-0.03616290088158633
-1.2542679652764264
-0.11152010435757204
-1.2521221805716234
-0.11132931726834285
-0.13531051681981568
-1.2265925298425053
-0.13754879343746132
-1.2468825519594207
====================
150
4
1.87857768521107
0.08222306459031653
0.8685078937725699
0.03801353609650604
-1.0407868936887859
-0.05826646428235079
-1.3250465010943167
-0.0741801949050598
-0.07632310291471467
-0.05981890353895933
-0.048622585278856656
-0.03810837908229223
====================
200
4
1.9317764010951635
0.05898623487985588
1.5995865535825544
0.04884291375895718
-2.138915902015814
-0.0853402083104606
-3.197447430888701
-0.12757436117830656
0.007466624315620979
-0.23000422626309366
-0.0627909966058837
1.9342334608171194
====================
250
4
1.1247138641554457
0.026138677664532976
1.6162465892478437
0.037562041305922195
-2.0995389142692957
-0.06591331699980264
-4.293276662634202
-0.13478392979943887
0.0968166205019445
0.0877945842100334
-0.020675279720868023
-0.018748615445457393
====================
300
4
0.8473163508350581
0.015908579121429497
1.5182822606502526
0.02850613404121508
-1.115875926694578
-0.03018156499625023
-5.732490104437321
-0.1550490682149035
0.2112082586979131
-0.8941749616925517
0.06771104813421391
-0.2866626724013207
====================
350
4
-1.4081951036105878
-0.021668155490270197
0.53798578967195
0.008278085694431728
1.4108403574182873
0.03418197720627958
-6.745196128502656
-0.1634232669231797
0.20749681360677252
0.2091527126028832
-0.05592282470134735
-0.05636910890047788
====================
400
4
-1.09092836162651
-0.014618341712918611
1.6478878882511623
0.022081549167096058
1.9591416090458296
0.04183623088767457
-9.122286918976656
-0.1948006718880285
0.07777274965579546
-0.7567716362225484
-0.12555954830111338
1.2217634741183023
====================
450
4
-0.49560107961082167
-0.005935051911132444
2.1432607274007722
0.025666537462355664
1.66412020647563
0.030843969666379666
-10.197571218332712
-0.18900892862489657
-0.1130542976378619
-0.08612781878330486
-0.21495048641511594
-0.163755088733082
====================
500
4
0.23430042492321945
0.0025267041423107654
3.330677326069761
0.035918143124319235
0.9615251682118853
0.015825442682176845
-11.786691720024201
-0.1939934807682819
0.03948300250212197
-0.6123354673091337
-0.08950134321875643
1.3880617823253678
