====================
0
1
0.0
0.0
4.253831908940242e-08
2.7530332607898227e-08
0.0
0.0
-2.0613910578504147e-10
-4.334952856418233e-11
0.0
0.0
-1.0070772472885344e-08
-0.014515884621556082
====================
50
1
0.39515672774053456
0.037657615612720845
0.30232713044994064
0.028811147751117816
0.18179616022806577
0.015943641982311293
-0.18499073979189262
-0.016223808696425424
-0.15641957330827028
-0.11535372785208561
-0.17380724093837485
-0.1281764982852508
====================
100
1
1.555522182176702
0.0806449646812182
0.2931838954191264
0.015199914962377286
-3.049558618164106
-0.14706225772223694
-2.0718605173683997
-0.09991363456826732
-0.31818563975654385
-1.0852564408695715
-0.2352869951314746
-0.8025086459422116
====================
150
1
3.691523947968623
0.1386510550022583
0.5936571434776496
0.022297346682011224
-5.611046699444113
-0.18624638796386483
-2.5951554041730454
-0.08614049144877332
-0.2735180728588389
-0.18567543472641926
-0.10476398337122861
-0.07111814569622003
====================
200
1
5.986347113861598
0.1746043042999896
1.3763954580686573
0.04014544543220078
-8.9270335766055
-0.22573949335102705
-4.271154252788911
-0.1080054408639603
-0.18308258667663924
-1.1581179415684442
-0.0499543176204018
-0.3159939595848951
====================
250
1
6.66656679995635
0.1547591478118243
1.1639778169622872
0.02702083702605824
-10.732698195433017
-0.22276065174116189
-5.308245281694532
-0.1101743622172648
-0.32753110497025095
-0.21447762655748998
-0.2020168980750674
-0.13228699249062842
====================
300
1
8.906042533887849
0.17533979014405673
0.12340308404404254
0.0024295270067575324
-13.269697954991216
-0.23353863659510035
-5.069879442490915
-0.0892268035577634
-0.13672878533548616
-1.2237153942464498
-0.060586202727238
-0.5422433087103221
====================
350
1
8.09354450435692
0.13251250362579894
1.5049131883653004
0.024639367118129488
-14.34964333148777
-0.22168769649740516
-8.313962166597385
-0.12844243434505334
0.030756018781941563
0.026313650879719423
-0.07573888196293099
-0.06479923530164501
====================
400
1
7.683231289278979
0.10754293664739577
1.0624537459414825
0.014871268557281147
-14.666875020396667
-0.20614292121401764
-9.545817594595569
-0.13416646160750326
0.027548035015192124
-0.5242819203675827
-0.077458515009821
1.4741559234905366
====================
450
1
6.652535427553815
0.08118181955669453
1.6320696132388548
0.019916373582491403
-13.46024184316547
-0.1753287805612286
-10.497818790219839
-0.1367412107811836
-0.008764631643438658
-0.007253422122839538
-0.14349721195700949
-0.11875523058107758
====================
500
1
6.394288876490293
0.06938258793098599
2.623507352011714
0.028466923070646678
-13.020418896941862
-0.15794895487321417
-12.715827843814338
-0.15425400167040104
0.3092785679668875
-0.9252223693407204
0.12036623310142369
-0.36008163162033224
