====================
0
0
0.0
0.0
-1.7639715732542527e-07
-3.527905137011586e-08
0.0
-0.0
-2.459888586334577e-10
0.00026396802814090443
0.0
0.0
-1.2858406511343744e-08
-0.018248670332143377
====================
50
0
0.6705587552722765
0.049042846752428676
0.4145370120572256
0.030318111568429652
0.19753381191942054
0.0297876239334064
0.0018096229409518827
0.0002728867888618919
-0.06638861241111083
-0.052440976403906756
-0.050615822308540226
-0.03998190422944076
====================
100
0
2.3302434200783146
0.10607100877283002
1.0564447378274195
0.048088606575847036
-0.9391829261768887
-0.06770907433719577
-0.5146136408137814
-0.03710034785516603
-0.051014079053048784
-1.960742048134538
0.03628920877849945
1.3947870640092337
====================
150
0
2.1700619592443573
0.06867080896793051
0.7905014503948351
0.025015126345903145
-0.2981137781371892
-0.014861998386419516
-1.389045952392923
-0.06924872386685195
-0.02265184354416583
-0.01853318576700149
0.0819126611355121
0.06701894097643496
====================
200
0
1.9942337887788923
0.047786400037598376
0.7648703319861809
0.01832804150989881
-2.0035496652681033
-0.07189694243830949
-3.1497844101121615
-0.11302932607693315
-0.08943431794665513
-1.3879131204661312
-0.09370273843627845
-1.4541538761092647
====================
250
0
1.5134741835475296
0.029282629857388862
0.7533831549972732
0.014576423112065699
-2.300998167928597
-0.06575516444608816
-4.306172454462931
-0.12305662899824253
0.020264954232749544
0.01718366954788638
-0.07184411091694276
-0.06092021954647849
====================
300
0
0.8712266859983444
0.01398824403703706
0.5529202549029435
0.008877578686355584
-2.3438664073876225
-0.056974282109272655
-5.461823620641795
-0.13276502398460796
0.02463305989130453
-0.49634009239870297
-0.031236337312672974
0.6293918261223412
====================
350
0
0.5477449366096607
0.007599303962241395
0.8524116327639462
0.011826188916356773
-2.9393880752586057
-0.06052662729691312
-7.977171839705022
-0.16426252487357507
-0.033086979817607
-0.02684179054805344
-0.19589192927084764
-0.1589171983821907
====================
400
0
1.9031300883121105
0.023589091183757637
1.3726283641389045
0.017013579808305035
-3.3106505881996497
-0.060152578237276884
-8.425908667732308
-0.15309381550637743
-0.05403479566122488
-1.8608011529940394
-0.1450287204852973
-4.994367184957242
====================
450
0
2.554794320203669
0.028545577580902634
1.7552647768672358
0.019612164653276292
-3.5611527898370667
-0.05732970635582269
-10.41977496523564
-0.16774417563758698
-0.12050370241765407
-0.09128491855721989
-0.2105426009856437
-0.15949189774424763
====================
500
0
3.4019527412948634
0.034500079112232934
3.1244309642669634
0.031685659280173264
-3.7843883884197282
-0.055292530937021786
-12.636061676186067
-0.18462159784936497
0.03810937232613372
-0.603897368121241
-0.06710077548113716
1.0633075078007739
