====================
0
2
0.0
0.0
7.395637413587508e-08
4.786374803066566e-08
0.0
-0.0
-2.2155610679419624e-10
4.659159153058424e-11
0.0
0.0
-9.850504679614265e-09
-0.014080172995850062
====================
50
2
-0.16122883894630746
-0.01472354409370556
-0.13953767366063907
-0.01274268985810723
-0.22648675347398006
-0.093047884265162
-0.6998990202193462
-0.28754053838363575
-0.15242724566719668
-0.11155236632247735
-0.19402892065052502
-0.1419981391044729
====================
100
2
0.5175433384259591
0.025699666091048134
0.25571979565568626
0.0126982860627862
-0.05065561715335143
-0.005956799931330283
-1.1516648695803102
-0.13542895342214997
0.09865175047900497
-0.9031045991276605
0.08809045088875075
-0.8064214872070715
====================
150
2
0.43745084374984344
0.014783303136212822
1.1607984179269835
0.03922825875737495
1.4234141238630666
0.10171193736442653
-1.7283345480191503
-0.12350042924669587
0.007582935397482338
0.006285545007159239
-0.09565136126904417
-0.07928604224325064
====================
200
2
0.29568931099439055
0.007467065522213863
1.563684935409178
0.039487859163839
1.7869039465742453
0.08989966803606582
-2.9188139760291065
-0.1468463976517069
0.10596753009078604
-0.9091865649508623
0.07261715330651078
-0.6230450036411427
====================
250
2
-0.8322686533946424
-0.01661223653931377
1.3963367391145098
0.027871140050861876
2.6118652524539137
0.10039269239224685
-4.6128861485478545
-0.17730626023548757
0.056922217142046705
0.04919516701019443
-0.0785165004310473
-0.06785807977441141
====================
300
2
-0.9201140682697897
-0.01532142526887484
1.0887053588463118
0.018128749869843728
1.7752245510933449
0.0536342649550238
-6.075498789355301
-0.18355701063367863
-0.05150976505221336
-1.2586296372170553
-0.07869230548178566
-1.922828958740468
====================
350
2
-0.18002746970475414
-0.0026209970008223378
1.018553077668713
0.014828984521785786
1.438988919324295
0.03561876693344561
-7.028736070149925
-0.17397973574176762
-0.13765262614432117
-0.10184087836854021
-0.14701825251411282
-0.1087699406224716
====================
400
2
0.9119411143998377
0.011772881359370442
1.0564514953391182
0.01363846625639006
-0.9242006219665484
-0.018857964770670033
-8.241258485312095
-0.16815976800719593
-0.0830539790049983
-1.1460544191903763
0.022716453225992153
0.31346230391217034
====================
450
2
1.6713799706565737
0.0194178583161098
1.958584020640231
0.0227545547276414
-1.7073384330145345
-0.03008184342539959
-10.34779240343844
-0.1823192548469531
-0.1536569915134458
-0.11235123005486641
-0.20310388883217434
-0.14850591251635203
====================
500
2
2.4952148738029933
0.02623310194323556
3.1470766216935573
0.03308636170248266
-3.997603313953263
-0.061226277073388256
-12.172346444104228
-0.1864285666911249
-0.22440720006816753
-1.049501239582721
-0.20383784810642525
-0.953303076713151
