====================
0
3
0.0
-0.0
-1.06922701803569e-08
2.643306368643479e-09
0.0
0.0
-9.025358238545778e-11
-3.0709683797551204e-11
0.0
0.0
-1.059192806910465e-08
-0.01498227311428638
====================
50
3
0.37272827846834655
0.07567077564640738
0.21480962425695438
0.04361035054982415
0.2270222000313442
0.02379476336540336
0.21216924082802713
0.022237987642720187
-0.16731341622209883
-0.12240417186718687
-0.1726013188567206
-0.12627272800285258
====================
100
3
2.002381300591164
0.15110619719132087
1.2058156373237203
0.09099476479131297
-1.2884222038209217
-0.07508713660120026
-1.318246299305848
-0.07682523605729684
-0.07030714596360546
-1.5516636551802259
-0.05713524279794245
-1.2609625730698444
====================
150
3
2.730754666250931
0.12415255539918432
1.6619577503695346
0.07556017544305352
-1.7284443523427342
-0.07075652563474476
-2.3587040187476873
-0.0965571735885442
-0.15422525774321705
-0.11391985256419178
-0.20240670645262582
-0.1495095063836967
====================
200
3
5.159553094575859
0.17477073862184586
2.3077636248648083
0.078171412502037
-2.6766801806828653
-0.08503058811309766
-3.2996413130314473
-0.10482030816911402
-0.094926868093631
-1.3574451304227582
-0.04346199863883936
-0.621502421764733
====================
250
3
5.44644667034359
0.1407096522007338
2.2953080459280812
0.059299579411049574
-2.89921488873604
-0.07524453997383493
-4.230835157255143
-0.10980463930066925
0.03285591596541759
0.028160835723297202
-0.043862648101989254
-0.037594715937581194
====================
300
3
4.587954784277706
0.09264672806951445
1.8375410941514687
0.0371063312676502
-3.1408119647326416
-0.06999039340677736
-5.3845404797891305
-0.11999002510398273
0.06493920841361246
-0.7220639292820257
-0.008549596592572373
0.09506360579712543
====================
350
3
2.932996379197263
0.048361005203805534
1.2591520013414979
0.02076165416403428
-1.5925002553376189
-0.03175119808167991
-7.001737815168731
-0.13960033195616622
0.10153775213888361
0.09247165386704673
-0.14728460535032428
-0.13413386409491093
====================
400
3
2.0475113606379836
0.02864095837825198
1.1943628923708616
0.016706963656730932
-1.5379065707659052
-0.02736306585617346
-8.62786940721432
-0.15351059893742122
-0.017744652432751397
2.4469719882663257
-0.2008377243563497
27.695345825995442
====================
450
3
2.420285205057098
0.03003275045276197
2.3048237205270397
0.028600016019418657
-2.155248767488395
-0.03386089308977197
-10.628735123879302
-0.16698697112750777
-0.1865675937162996
-0.13459435272900636
-0.310875130939809
-0.2242728021245478
====================
500
3
3.429093753700002
0.03829897589993495
3.541708356634956
0.03955674960738544
-3.5400988301274054
-0.04976405243243989
-11.722963578272463
-0.16479262364314798
-0.09068654616438786
-1.3805183142055466
-0.10830261588506605
-1.6486871650694261
