====================
0
2
0.0
0.0
1.38765634538629e-07
8.980758754703072e-08
0.0
-0.0
-1.9403589845978786e-10
4.0804297629336073e-11
0.0
0.0
-9.929732244793333e-09
-0.01421560537725727
====================
0
2
0.0
0.0
-1.1178686110113745e-07
-7.234721654868314e-08
0.0
-0.0
-3.339719611972214e-10
7.023180459484987e-11
0.0
0.0
-1.2352187355754123e-08
-0.01757515026869829
====================
0
2
0.0
0.0
-1.9706454357226733e-07
-1.2753798868680607e-07
0.0
-0.0
-2.789040109973939e-10
5.865142669300196e-11
0.0
0.0
-1.2277433497953683e-08
-0.01779981543259654
====================
0
2
0.0
0.0
1.38765634538629e-07
8.980758754703072e-08
0.0
-0.0
-1.9403589845978786e-10
4.0804297629336073e-11
0.0
0.0
-9.929732244793333e-09
-0.01421560537725727
====================
0
2
0.0
0.0
-1.46289558466961e-07
-9.467697986707177e-08
0.0
-0.0
-3.227338396527557e-10
6.78685117157149e-11
0.0
0.0
-1.1930920910082245e-08
-0.01730944799078549
====================
0
2
0.0
0.0
1.442522201688945e-07
9.335845051151978e-08
0.0
-0.0
-1.134310423367424e-10
2.3853699488537277e-11
0.0
0.0
-9.105830162731144e-09
-0.013094162692525028
====================
0
2
0.0
0.0
-1.587956028892279e-07
-1.0277075235990873e-07
0.0
-0.0
-2.6063506908258205e-10
5.480960490360052e-11
0.0
0.0
-1.275484140300249e-08
-0.018129110916263593
====================
0
2
0.0
0.0
1.38765634538629e-07
8.980758754703072e-08
0.0
-0.0
-1.9403589845978786e-10
4.0804297629336073e-11
0.0
0.0
-9.929732244793333e-09
-0.01421560537725727
====================
0
2
0.0
0.0
2.6523928406962938e-06
1.716599277357587e-06
0.0
-0.0
1.9419381658281054e-09
-4.08375066308048e-10
0.0
0.0
-8.918709832724104e-08
-0.12484345249263716
====================
0
2
0.0
0.0
3.942888611829787e-06
2.551793800705654e-06
0.0
-0.0
-2.2175687952596945e-08
4.663381253411034e-09
0.0
0.0
-6.394644998849885e-08
-0.09110568733873667
====================
0
2
0.0
0.0
-9.919368415545193e-08
-6.419705426956592e-08
0.0
-0.0
-5.166489458474643e-10
1.0864740763880683e-10
0.0
0.0
-2.3439164658260367e-08
-0.03344723103473235
====================
0
2
0.0
0.0
-1.607537178927032e-07
-1.0403803064361425e-07
0.0
-0.0
-2.98046032298771e-10
6.26768505480802e-11
0.0
0.0
-1.2680264254048775e-08
-0.01836471283451149
====================
0
2
0.0
0.0
1.884895541870435e-07
1.2198835985734983e-07
0.0
-0.0
-1.4794920843996806e-10
3.111261154669526e-11
0.0
0.0
-8.79386571499608e-09
-0.012837150036937507
====================
50
2
0.6147614923684888
0.059837765163648866
0.8592232569014211
0.08363243324094731
-0.1268145425060081
-0.05763058196775361
0.7080783978677769
0.3217846261282002
-0.07463750280835968
-0.05857518611115923
-0.24619505634796113
-0.1932128045904285
====================
100
2
0.9877095424473268
0.04974278799488129
0.11931944027368502
0.0060091366602528645
-1.9598085026235896
-0.19334742790393877
0.37527731336200887
0.037023465911139
-0.14917384983531723
-1.2012959945907982
0.6056080593530944
4.876957568608234
====================
0
2
0.0
0.0
3.486780242312193e-08
2.2566057539665552e-08
0.0
-0.0
-3.3101965613013817e-10
6.96109569277853e-11
0.0
0.0
-2.1405457767905686e-08
-0.030300546288582336
====================
50
2
-0.6456955559913524
-0.05598066235725038
1.4796511232583356
0.1282831346275527
0.5040912356917242
0.32116556439177246
-0.6207544815970643
-0.3954938100783892
0.02397136471100314
0.02039060505541015
-0.09690206917388444
-0.08242717281214092
====================
100
2
-1.2046718264038745
-0.054636822626498244
1.2677058818554698
0.05749567632561601
-0.2896314637188855
-0.03421102805672077
-4.628791813953638
-0.546749046469573
0.04068701566961479
-0.6194419150950706
-0.444220994456351
6.763069224980689
====================
150
2
-3.005639373055253
-0.09020058344652138
2.3134855286357165
0.0694287366437788
0.8267291552471896
0.058307938599937784
-14.383991505751538
-1.0144808468604427
0.13802685894029798
0.13002354393720414
-1.4911052600801102
-1.4046453841486213
====================
200
2
-4.51798401214576
-0.10087137955101719
-12.69487923219235
-0.2834339337948695
1.8288848429559366
0.09486285215212295
-22.982693731176184
-1.1920946722672452
0.2264997698739648
-0.9006094828070726
-3.7016893146126395
14.718674994684664
====================
250
2
-6.6429531214471425
-0.11781091695165803
-28.009299929572457
-0.4967371058548269
3.792178941560934
0.15705879040500564
-18.34214298038154
-0.7596674192670347
0.21523835976001215
0.21866232464186058
-5.456538598731869
-5.54334002464563
====================
300
2
-7.451846939414189
-0.11097159496657426
-31.282163229299975
-0.4658484769995878
6.8550305896354224
0.2521636490113464
-23.92309221288102
-0.8800156540739577
0.33791542101431515
-0.9311228493378131
-7.328872807545602
20.19464193292081
====================
350
2
-9.776678586805488
-0.12383722622693956
-48.32023161795605
-0.6120527949324915
10.685812715237759
0.3540332928425287
-39.182458053322726
-1.29816000111073
0.25070404576476457
0.26421170342040434
-9.012437405952447
-9.498017599726875
====================
400
2
-11.048947996092664
-0.12252707195171035
-68.7348865145511
-0.7622340505665655
12.775444075609599
0.37359275683542525
-49.18940577853716
-1.4384475093890792
0.2104013139266298
-0.893812329465791
-9.248195922210577
39.28754714654301
====================
450
2
-14.616056984826784
-0.14160826231850668
-82.90021850116621
-0.8031821372865144
14.739140456024863
0.37733177758485464
-56.79552403287916
-1.4540031086703875
0.20811715503055306
0.20990925152620668
-8.427874247655955
-8.50044665958815
====================
500
2
-15.107374776321407
-0.13291547793982172
-93.37057267694968
-0.8214792097646971
15.659585042201542
0.35393869296128583
-69.7908037057572
-1.5774150961065712
0.15495734848439852
-0.8610957677476435
-8.255100397372651
45.87347475957343
====================
0
2
0.0
0.0
1.8204571006208425e-07
1.1781798004702777e-07
0.0
-0.0
-3.7782488249149537e-10
7.945374582660561e-11
0.0
0.0
-2.080286540505623e-08
-0.029365705844182122
====================
50
2
-0.4653398430325293
-0.04099218815870889
-0.2750458813593024
-0.024229028933957616
-0.5899474714552748
-0.22125836066124827
0.061988834479962396
0.02324876122022289
-0.08032020110490135
-0.06274078541949303
-0.0787298131320937
-0.061498480380872085
====================
100
2
0.3862700940103281
0.018884813111728984
0.6266281400503502
0.03063596043002177
-2.7513876099461605
-0.2516496769719718
-2.516267723522649
-0.23014494850177233
-0.1969736509050956
-1.1434097617771615
-0.2566125814074781
-1.4896070069672276
====================
150
2
1.9406660546985357
0.0684063781408292
3.174993030496669
0.11191506818641746
-4.266703888870309
-0.22129648909964048
-4.922865416364891
-0.2553289052454102
-0.299182523522016
-0.1995809488504405
-0.3246531294296069
-0.21657207398365216
====================
200
2
4.413800399492196
0.12311776235456703
4.828496085151762
0.13468520996329278
-6.936130982092788
-0.24722849152814746
-9.656048081568507
-0.3441760554252331
-0.2631881483927676
-1.1035922501819637
-0.40320868038818003
-1.690721932578936
====================
0
2
0.0
0.0
-1.607537178927032e-07
-1.0403803064361425e-07
0.0
-0.0
-2.98046032298771e-10
6.26768505480802e-11
0.0
0.0
-1.2680264254048775e-08
-0.01836471283451149
====================
50
2
-0.07881362105407241
-0.007202212410934598
-0.20850367861601704
-0.019053658006951864
-0.7076484761076101
-0.25142289021024344
-0.862150301510946
-0.3063163815370841
-0.24860967369745368
-0.1712477442682809
-0.14552771944596454
-0.10024265473256166
====================
100
2
1.7708174867619313
0.09306865373542429
-0.42773273794166045
-0.022480300977595458
-4.219223918823767
-0.3385036265042172
-3.7073766286340977
-0.2974386896155722
-0.19921360135327215
-1.1205475545709986
-0.4215279453834188
-2.371033429314434
====================
150
2
3.001999891842452
0.11019158734326413
2.7110798249941297
0.09951305799250175
-4.779963405620503
-0.2403463897269555
-9.874977781910472
-0.49653419014156236
-0.12783813570248626
-0.09604791704267181
-0.7797133385111649
-0.5858176955010815
====================
200
2
3.9533548735338115
0.10913103187275201
4.227286589385145
0.11669282477266629
-6.32230516241772
-0.22933208705258745
-13.318112004595237
-0.48309443203876573
-0.13735631637189122
-1.1848713750376194
0.4137152326306518
3.5688153956741084
====================
0
2
0.0
0.0
-1.600273542567976e-07
-1.0356794140195668e-07
0.0
-0.0
-3.6146285964377967e-10
7.60129348415668e-11
0.0
0.0
-1.2740025222609607e-08
-0.01842975356278924
====================
50
2
0.22582166593386965
0.0211785700992451
-2.1752378081628816
-0.20400357163336433
0.030192895701054212
0.01477533448952869
-0.3025508587876662
-0.1480576816130241
-0.11117311650397022
-0.08481623725068128
0.028810778718065366
0.0219803304969061
====================
100
2
1.8820327514003523
0.09925279496642724
-1.3499320259250105
-0.0711913894633639
-2.4162209441491456
-0.22810428980589892
-2.820638210714262
-0.26628346112649337
-0.2280605594071789
-1.123095866383016
-0.20319943070974902
-1.0006659690510147
====================
150
2
3.1513087812184892
0.11600714724584031
-1.2290057512879144
-0.045242615387411846
-4.106131324792711
-0.2148509797576385
-5.757630307149144
-0.3012647221252027
-0.27251891803729356
-0.18512274000662732
-0.3196205116612003
-0.21711896299597244
====================
200
2
5.148457806489489
0.14658318930561837
-0.9284628607036112
-0.02643452707375922
-6.893593984728916
-0.24618457845691583
-10.21536488857079
-0.3648119260355994
-0.20410764293879358
-1.139557727460893
-0.5312733392101152
-2.9661634928212233
====================
250
2
5.59706175220132
0.12678366438306213
-21.202468824928804
-0.48027461739811483
-7.402201503626021
-0.2094606407751838
-8.602801904327311
-0.2434341186820803
-0.059593156117606405
-0.04732722661358161
2.180103057008476
1.7313771939915572
====================
0
2
0.0
0.0
-2.1839011021818067e-07
-1.4133966714416313e-07
0.0
-0.0
-2.674580557027184e-10
5.6244427935733044e-11
0.0
0.0
-1.2467201620408028e-08
-0.01805613613577844
====================
50
2
0.6420447282100437
0.06265977924848151
0.9138357874401368
0.08918498384060947
0.32844507319449057
0.1881975944349391
-0.6778506275997012
-0.38840545318497227
0.0028375650223670945
0.0023710748402873245
-0.3428403136077143
-0.28647803148959977
====================
100
2
-0.6981420260435449
-0.03240813067754566
-0.9576586243712555
-0.044455031620122626
-0.6910547204139341
-0.07793162685961089
-0.46779615541432307
-0.05275431069810616
0.06101896748015566
-0.709396437723407
0.5210580135058125
-6.057734404445143
====================
150
2
-1.9165488791569736
-0.05945988105749137
-10.650201210183631
-0.3304166692969602
-0.3874717555005489
-0.02517215428165186
5.123635706109189
0.3328576770984229
0.0731344080568519
0.06492495687821458
0.7918904835159848
0.7029995437247123
====================
200
2
-2.1180263588116333
-0.049965711846548175
-13.549844279608575
-0.3196502309916402
0.1056890575054581
0.005032225984722181
6.7437884383534055
0.32109537369276336
0.08730117732328105
-0.7774095387381733
0.1910982940747839
-1.7017140112578055
====================
250
2
-3.054085393108906
-0.05784504604941652
-16.391238595530567
-0.31045364792510527
2.571744999592454
0.10138792636121739
9.058636583363825
0.35712575663320684
0.14617771278067382
0.13876727307613457
0.1697205047207606
0.16111656953165124
====================
0
2
0.0
0.0
-1.4413807591928673e-07
-9.328456673778653e-08
0.0
-0.0
-3.0544722307013217e-10
6.423326559508779e-11
0.0
0.0
-2.3116621213268797e-08
-0.03235847848351327
====================
50
2
-1.6949403448814913
-0.13469540176709496
-0.9914399219205752
-0.078788848831353
0.04890631021639491
0.02415420916092463
-1.1620404305701695
-0.5739170975943606
0.06520309951579462
0.05747923636242062
-0.3981348302436085
-0.3509723645290989
====================
100
2
-2.8927662287358658
-0.1218683589424591
-0.5971071457795141
-0.025155322696353788
0.05713002753078733
0.007036354645056404
-7.85349273478312
-0.9672664704131007
0.12647255355407683
-0.8349738758571565
-0.598763054867463
3.953043522830341
====================
150
2
-3.6756886141659706
-0.10813463819052399
-4.435623817422673
-0.13049107990207298
1.9264808187644356
0.1472966190632161
-22.972947594280036
-1.7564864791771688
-0.006066336590332622
-0.005031606718449313
-2.586575117757709
-2.1453852001921168
====================
200
2
-3.4953138241048975
-0.07986206903527172
-21.04983370897531
-0.48095345867196304
-0.43220555688780493
-0.0200649340690152
-28.318450865873317
-1.3146703935319695
-0.10901642862078674
-1.2975040400172877
-4.991923190520628
-59.41343510423429
====================
250
2
-4.531788193554043
-0.08349617053618363
-21.86961173239561
-0.40293781456193084
-0.13130837554422925
-0.004678148065004754
-24.498500303607162
-0.8728126543019671
0.006271647289459503
0.005255681789329958
-6.809041868899107
-5.706021990953248
====================
0
2
0.0
0.0
-6.070217573039827e-08
-3.9285777298046175e-08
0.0
-0.0
-4.2377656939152075e-10
8.911704175982225e-11
0.0
0.0
-3.447930649956685e-08
-0.04928423629862681
====================
50
2
0.30446668349562955
0.028978000718782683
0.12743514849012705
0.012128801030534061
1.1303891646637858
1.0788579301827605
0.6986654941605939
0.6668153167802229
0.08086039063885142
0.0715610756161796
0.08641084622960404
0.07647320340947834
====================
100
2
0.07755269712180635
0.0037610325262151705
-1.4490644376291613
-0.0702745189370408
1.4243169827559816
0.20440870947503106
2.022266583263998
0.2902225470201347
0.09075869733798542
-0.8682968862629853
0.22258323523579454
-2.129474482978206
====================
150
2
-0.7921478836550868
-0.02564870803238082
-3.5582058300611976
-0.115210031280084
2.770773300585409
0.22066490142235232
3.404085807191242
0.27110202733597094
0.07547996638706245
0.06648285662974038
0.22573615131371927
0.1988287078319597
====================
200
2
-1.1229286059376804
-0.027320790943180993
-5.294062774288015
-0.12880425481335248
2.6219769034147795
0.13858653492406237
4.771765525446309
0.2522152078381935
-0.007840965939229524
1.3233034994595974
0.1532147175479001
-25.857728941974297
====================
250
2
-1.4208360628699452
-0.027972363408362518
-7.288358774657937
-0.1434877855531464
2.4779967517466552
0.09531363111669398
5.423436041771367
0.20860696524562214
-0.0880579219220976
-0.06779591538591001
0.1102730389259936
0.08489936456810425
====================
0
2
0.0
0.0
-5.160342795296202e-07
-3.339716603346836e-07
0.0
-0.0
-5.734959174219512e-10
1.20601900421027e-10
0.0
0.0
-3.8541280738523326e-08
-0.05478070101279852
====================
50
2
-0.2672417996065679
-0.023992113126374916
-1.5364692134925484
-0.13793928659204982
0.21140269980615733
0.11211706047282043
-0.16584314826613045
-0.08795463019254736
0.02419547287446666
0.02054154566381818
0.31327133555603925
0.26596204496092274
====================
100
2
0.057069733858643446
0.0027497334375651307
-4.845022640544586
-0.23344284018327874
0.2988288930870251
0.03770383749985784
1.6231567064249557
0.20479691927924962
0.05108473383528836
-0.6942237355292366
0.03153238696432426
-0.4285141533497632
====================
150
2
0.16404181085050595
0.0054494156775663416
-2.1933026341010162
-0.07286080114544631
2.119511246547125
0.1635724338827894
0.9438357286963601
0.0728401453778118
0.04905681233811032
0.0425464219184659
-0.13585688120641892
-0.11782714597305316
====================
200
2
-1.8211290342118716
-0.043331295010983394
-4.14489381432994
-0.09862212577136675
2.1005686412182136
0.1099536084574828
-4.4720427891345995
-0.23408768092265067
0.2532211766936815
-0.9183935907029117
-0.7350769534738453
2.6660091053934636
====================
250
2
-3.3532502694644677
-0.0632508227921426
-7.014659497639428
-0.13231430677056805
5.767525242070658
0.25875173375505145
-17.12015438966488
-0.768071130086555
0.2537458991617825
0.2675714692315566
-1.6081783730406218
-1.6958013961303178
====================
0
2
0.0
0.0
-1.2289404383025726e-08
-7.953562280561035e-09
0.0
-0.0
5.100275757285999e-11
-1.0725498301305077e-11
0.0
0.0
-1.1491634851195006e-08
-0.010293131169225297
====================
50
2
-2.1059339218819453
-0.16206355086444535
-1.430660920547151
-0.11009746623942979
0.6063835648044955
0.4132695669424702
-0.1417869780762966
-0.09663230738544942
0.1580187621318645
0.15171329643281176
0.011829482930233892
0.011357447851311585
====================
100
2
-3.4532902174872007
-0.14212635060364276
-2.693514038690484
-0.11085639969678465
1.4051609208273463
0.2075187020378031
-0.10782011014397419
-0.01592322201607804
0.14672524035012774
-0.8544409116930503
0.0007259140280836129
-0.004227293426042064
====================
150
2
-3.4811393482162813
-0.10300077947427068
-3.5262687463580917
-0.10433607884635498
3.961880024876111
0.3587507552330053
0.9480836718993935
0.08584957928619356
0.14564827776698586
0.1381951106768806
0.12324629560826761
0.11693949096568543
====================
200
2
-3.83761293788087
-0.08700262625833538
-4.350224598069502
-0.09862405901066598
4.865963443070772
0.29958761603998924
2.6470080617356047
0.16297098079996172
0.17624707546862506
-0.8757941021643161
0.2156553695387977
-1.0716189204272335
====================
250
2
-5.636197584405664
-0.10177355377665154
-6.404723103443715
-0.11565091915804915
7.424611254478528
0.36195419456915495
5.099319132422384
0.24859482687577575
0.19306413726839677
0.19181420953661577
0.2234436416301886
0.22199703218674005
====================
300
2
-7.409043261605575
-0.11040459489371525
-9.844737722026082
-0.1466996806008161
8.033171574341782
0.30888789063465294
8.100088386534647
0.31146094571943034
0.16500964619205488
-0.8684482228723193
0.3017239507782401
-1.5879776419034248
====================
350
2
-7.977866974377861
-0.1034086017444126
-12.403681829265963
-0.16077573097751435
9.010400472549922
0.282825279106503
10.973203947792339
0.34443524221611715
0.06815422011321814
0.0602374386564936
0.27193641694513104
0.2403483336319777
====================
400
2
-7.856025704635741
-0.09031720720708
-16.314071503199983
-0.1875555696662465
9.32700512360875
0.24776423635159542
14.524484446837128
0.3858310089550866
0.0872476103399497
-0.7773091548126787
0.4380917413869667
-3.903060724541032
====================
450
2
-8.013111240317471
-0.08294139356628129
-18.66010176746518
-0.19314530876534697
9.350656624163832
0.2103632811800864
16.284686203684714
0.3663593007941877
0.00031006464225469266
0.00025854439288510535
0.2936334721392071
0.24484342114254024
====================
500
2
-8.281628349249843
-0.07751741144016405
-20.76062584865572
-0.19432289252769033
9.625620672604981
0.19144864355859842
18.19632157784838
0.3619154756170487
0.21694634599888102
-0.896687920942366
0.5403242816378697
-2.233281480293002
====================
0
2
0.0
0.0
-4.683858612075653e-07
-3.0313413762870794e-07
0.0
-0.0
-6.957954212793993e-10
1.4632057101423484e-10
0.0
0.0
-3.805818745026879e-08
-0.054053476759829445
====================
50
2
0.08569225786286871
0.00793235802888685
0.13583752982011355
0.012574203868184348
-0.056325835874114105
-0.02644423984722296
-0.40798922184476427
-0.1915455788646917
-0.10549292277915989
-0.08083299302283412
-0.12985790681684217
-0.09950244053489518
====================
100
2
0.12135882392184172
0.005856326792629107
-0.1334648462205088
-0.006440518534512737
-2.538041346486505
-0.23688053856437502
-2.003725459446107
-0.18701175480289495
-0.15217739015184512
-1.196541410176257
-0.13973454443968836
-1.0987057189466087
====================
150
2
1.4922824645399544
0.051772565858966293
1.3043563457808247
0.04525274297605359
-3.085891981304915
-0.17057332375250642
-3.1045916048104463
-0.1716069493471749
-0.1205330287224835
-0.09130510597835242
-0.11789299025112898
-0.08930524755806046
====================
200
2
3.7661471982188246
0.1031667885123162
-1.6398586393520205
-0.044920960475505735
-4.161962619983857
-0.16469910238431967
1.353714831101886
0.05356982700812587
-0.1178660060462196
-1.2691550878496103
0.20222540779188053
2.177518470345753
====================
0
2
0.0
0.0
-2.837465087335289e-07
-1.8363759861335182e-07
0.0
-0.0
-6.440874500412974e-10
1.3544677155393986e-10
0.0
0.0
-3.638971338486894e-08
-0.050938056505836146
====================
50
2
-0.2225425232014313
-0.02024025564587818
0.04399767242281172
0.004001590908786757
1.1713749589405338
1.1068314100072383
0.522212798868825
0.49343852204130206
-0.005879473770472821
-0.004810320004837812
-0.07145515779567613
-0.0584613842006717
====================
100
2
-0.560336749619907
-0.02645047726553773
-0.16745639668486945
-0.007904713757372747
-0.3383016564130461
-0.0382817949447756
-1.1686166476499364
-0.13223920730605307
0.06400094677019778
-0.8865143928804157
-0.0016271498116442878
0.022538599820636072
====================
150
2
-1.6079641359955055
-0.05090433335129975
0.8824390703095375
0.02793592941016521
1.7639875316119618
0.12855131224394595
-2.7786511557223967
-0.20249533850721516
0.098592748959341
0.08820326198829716
-0.15988942109875182
-0.14304062567670428
====================
200
2
-0.7035931262271475
-0.017357616466968446
0.18549008414407098
0.004576033532708297
2.0967827657503975
0.10666087245760773
-0.5294076278063464
-0.02693034318570857
0.04384261823117343
-0.8425506325583917
-0.04989436782014715
0.9588508365605632
====================
0
2
0.0
0.0
-3.319469508156203e-07
-2.1483238715734942e-07
0.0
-0.0
-6.082254699890655e-10
1.2790526547380766e-10
0.0
0.0
-2.554915758577032e-08
-0.03628708796498144
====================
50
2
0.12226951257659202
0.011356692186021044
0.148757124914491
0.013816926579085608
0.15497207643059685
0.0807698702987115
0.06724813680953856
0.03504904504760217
-0.045249897936818995
-0.036350277405723525
-0.05604926028182078
-0.045025652046211305
====================
100
2
0.24136589799595143
0.011715267043324184
-0.0858364685376003
-0.004166276840777024
-0.9138359738285029
-0.10052947097992578
-0.5334778422759854
-0.058686949079968846
-0.018705369600369733
2.973344298989465
-0.017880238017528947
2.842184084560593
====================
150
2
-0.4050158720430126
-0.013183635502616678
-0.5848430236873163
-0.01903717306595568
-2.600206443555182
-0.14769195827005444
-2.999086699665485
-0.1703483924490436
-0.20161204479798212
-0.14388613014193885
-0.2259280706507827
-0.16123994877860112
====================
200
2
1.917630188633062
0.04999825712363208
-3.2672321761963445
-0.08518634896153429
-3.014491018467684
-0.12496529505476509
1.6616049305792657
0.0688815953148332
-0.0921344847568255
-1.37231306715234
0.14518942267676402
2.162549044231423
====================
250
2
1.1032744288100176
0.022682292083970844
-0.2437057686030002
-0.005010363044454956
-4.105362301905707
-0.12812239792198737
-4.713019062244058
-0.14708648331145857
-0.17342751350007113
-0.12631217313445772
-0.20559975355154347
-0.14974412734686268
====================
300
2
3.088023347757783
0.05454804528560676
-2.479147004769054
-0.04379261678316365
-5.391342536853429
-0.13672777097098135
-0.4326823958252817
-0.010973092344843335
-0.03272124624534196
-4.235838849236797
0.22362216944520913
28.9483923009648
====================
350
2
0.8468980661366601
0.012395279231426823
-3.880753037983183
-0.05679906408742151
-5.395345503821858
-0.11662024547888714
-1.3170041669620574
-0.02846700904307899
0.10832478754233077
0.09926626239052198
0.2572039333729468
0.23569557547570627
====================
400
2
1.495188411105275
0.019260090454704525
0.032019678068124335
0.0004124576483753738
-3.1311104170265907
-0.06249381265628123
-7.123816848963941
-0.1421842146274688
0.24640319989499732
-0.9078982028029242
0.011770739307847777
-0.04337051250880976
