====================
0
4
0.0
-0.0
-4.3130346405462205e-08
1.0662536206122796e-08
0.0
-0.0
-2.771294305148331e-10
9.429599977617801e-11
0.0
0.0
-1.1590556438940591e-08
-0.01672542782550154
====================
0
4
0.0
-0.0
-1.9705789444657285e-07
4.871597902808289e-08
0.0
-0.0
-2.789040109973939e-10
9.489981814309439e-11
0.0
0.0
-1.2277341228999636e-08
-0.017799534246079753
====================
0
4
0.0
-0.0
-1.1178034231562606e-07
2.7633954271008112e-08
0.0
-0.0
-3.3397951071378884e-10
1.136397957154189e-10
0.0
0.0
-1.2352126842298097e-08
-0.017574921760263443
====================
0
4
0.0
-0.0
6.089777215834147e-08
-1.50549390514861e-08
0.0
-0.0
-1.6673018521373706e-10
5.673157656979949e-11
0.0
0.0
-1.0718788395160487e-08
-0.015588478155136478
====================
0
4
0.0
-0.0
-1.5989909485369935e-07
3.9529706985689597e-08
0.0
-0.0
-2.5356516886176905e-10
8.62780292366641e-11
0.0
0.0
-1.1971825164753755e-08
-0.016982228672985496
====================
0
4
0.0
-0.0
-1.5989909485369935e-07
3.9529706985689597e-08
0.0
-0.0
-2.5356516886176905e-10
8.62780292366641e-11
0.0
0.0
-1.1971825164753755e-08
-0.016982228672985496
====================
0
4
0.0
-0.0
1.552683128736021e-07
-3.8384900044198964e-08
0.0
-0.0
-2.0054935490065873e-10
6.82388798990526e-11
0.0
0.0
-9.756127231069406e-09
-0.01398997083367631
====================
0
4
0.0
-0.0
-1.6074664888066081e-07
3.973923616275397e-08
0.0
-0.0
-2.980473645664006e-10
1.0141353146666965e-10
0.0
0.0
-1.2680213912853135e-08
-0.01836448684885885
====================
0
4
0.0
-0.0
-5.955882727448625e-06
1.4723929316730909e-06
0.0
-0.0
-1.43622722603709e-08
4.88690363719871e-09
0.0
0.0
-1.6403430483629476e-07
-0.23255284895750533
====================
0
4
0.0
-0.0
-3.936872072785036e-07
9.732600614423273e-08
0.0
-0.0
-1.990146092367695e-08
6.7716667677352435e-09
0.0
0.0
-1.0811282013619897e-07
-0.15382568357933288
====================
0
4
0.0
-0.0
2.7958177817311025e-07
-6.911724766605765e-08
0.0
-0.0
-3.8290037807087174e-10
1.3028559939919697e-10
0.0
0.0
-1.9130489938772664e-08
-0.02754470870420815
====================
0
4
0.0
-0.0
-4.3130346405462205e-08
1.0662536206122796e-08
0.0
-0.0
-2.771294305148331e-10
9.429599977617801e-11
0.0
0.0
-1.1590556438940591e-08
-0.01672542782550154
====================
0
4
0.0
-0.0
-1.5057811708629742e-07
3.722540693117647e-08
0.0
-0.0
-3.621063449088524e-10
1.232102261935726e-10
0.0
0.0
-1.2644192640790906e-08
-0.018321646301944505
====================
50
4
1.2614835228335757
0.31248801954392336
1.5006918037025274
0.3717434284289642
0.6797620900039112
0.2117476036345406
-0.44590316930559304
-0.13889996065088434
-0.05162213864067011
-0.04125804470960787
-0.22142486885410406
-0.17696975327954168
====================
100
4
1.276635021539402
0.09133676512356241
-0.7172374546957521
-0.051314704541297704
-2.535172234384042
-0.20236184296173268
0.10925123570624606
0.008720623042297615
-0.25354844777081614
-1.1093683626317996
0.6530499828367262
2.8573355370377143
====================
0
4
0.0
-0.0
-3.5729274294737934e-07
8.832869117960855e-08
0.0
-0.0
-5.533942193380881e-10
1.8829779677128327e-10
0.0
0.0
-2.5020860829513068e-08
-0.03556314558728427
====================
50
4
-0.7790271919729692
-0.12867253665520956
1.4580715389819119
0.24083082783081813
0.15003447407711912
0.039781826145767134
-0.07203740250033075
-0.019100806263950852
-0.034011409381903945
-0.027495919508173837
-0.29369510460278125
-0.23743258814788668
====================
100
4
-0.44378919598351807
-0.02834997757365638
-0.22348509617054013
-0.014276592404283223
-1.3231560397429671
-0.11626127556362134
-4.947294598121579
-0.43470215400925877
-0.07545340798327232
-1.4017485030529684
-0.5194884764691498
-9.650885410044499
====================
150
4
0.5210340705433794
0.02158554682315681
4.562531568072803
0.18901784808824143
-1.5622290914107992
-0.08453229762734077
-10.3084855652941
-0.5577926916632013
-0.2476197986608759
-0.1707051166530863
-0.7373684880565294
-0.5083300061251833
====================
200
4
2.633194223207596
0.08238827072629151
6.879793505689712
0.2152573041867332
-3.408865449184624
-0.12881263151875194
-17.16243332464162
-0.6485260954905104
-0.18876337771946866
-1.129386134451233
-0.9548121756765673
-5.712716339590648
====================
250
4
2.7238085368268017
0.06592122067615239
8.219594140780949
0.19892942983946757
-5.453990425252865
-0.15419918706831665
-29.088423944590115
-0.822409094190222
-0.1343976716081723
-0.10049563665861293
-1.4733393904239256
-1.1016870923667237
====================
300
4
4.336895725772294
0.08736535548233533
5.784972871217292
0.11653639914516609
-8.360994675961813
-0.18825540603202534
-46.30911623222158
-1.0426919065437934
-0.21638996180651288
-1.1110332274137995
-1.8530820254845493
-9.51446955417242
====================
350
4
6.545911409536892
0.11508108212241677
3.1313566063485823
0.05505114325940261
-9.017565996597902
-0.17364678921701787
-67.89294421130374
-1.3073807030889324
-0.25791649240199255
-0.17655027200808934
-2.460459363671889
-1.68424580326592
====================
400
4
8.684516734507383
0.1342749659816003
1.1219827579406854
0.017347447331848943
-11.026023549917667
-0.18353694616016106
-82.28189948145497
-1.369647768909069
-0.14494283275397735
-1.175363156721978
-0.8451085988213638
-6.853112303728648
====================
450
4
9.293129301141207
0.12640709223627042
-3.2425562562263366
-0.044105929712154573
-11.882610593649268
-0.17527858681199043
-83.47073193841018
-1.2312641080863527
-0.12460321388705187
-0.09385925251092946
1.0475900060223615
0.7891129918391012
====================
500
4
10.89633537307516
0.13312710478602818
-29.319766686696525
-0.35821728300018096
-12.9558556758166
-0.17273963695813607
-86.54209615889096
-1.1538605126627952
-0.12774470547637715
-1.2037832098558547
2.9752791508270655
28.037100035133143
====================
0
4
0.0
-0.0
-2.4120477970512866e-07
5.962982013134863e-08
0.0
-0.0
-4.714717505294175e-10
1.6042287534615483e-10
0.0
0.0
-2.465991262116135e-08
-0.03498048705399859
====================
50
4
-0.22601015880757291
-0.04091129274852272
-0.3986569742253492
-0.07216300481722883
-0.8086682768331261
-0.17210550250765816
-0.872960273669332
-0.1857885005177301
-0.12531050161079094
-0.0945818031320809
-0.11955666187391345
-0.09023892260529807
====================
100
4
-0.1697631644248201
-0.011006694559241198
-0.38155125745613994
-0.024738100068663255
-4.251382119271581
-0.29846561542030814
-3.385835757389522
-0.2377004759135823
-0.15017213485924719
-1.1996897654284415
-0.12880379275380086
-1.0289831203367603
====================
150
4
1.295485253780484
0.055290729807494186
0.32886886073587007
0.014035975529619226
-5.400268344712661
-0.24301428901261724
-4.9224837459269395
-0.22151378622949702
-0.20845904866231124
-0.1480492301402542
-0.31476924853989385
-0.22355155709094915
====================
200
4
2.777517775935163
0.08705895716862293
3.958680388835635
0.12408150522092434
-7.550494314332678
-0.24776042521942923
-9.426147373960582
-0.30930773328578925
-0.08259369915654882
-1.4339838244564467
-0.4935192383454062
-8.568433331748468
====================
0
4
0.0
-0.0
6.089777215834147e-08
-1.50549390514861e-08
0.0
-0.0
-1.6673018521373706e-10
5.673157656979949e-11
0.0
0.0
-1.0718788395160487e-08
-0.015588478155136478
====================
50
4
-1.9949944508101725
-0.2743597783273022
-1.806899647140268
-0.24849221332308113
1.0960068408154884
0.38811797988158847
0.46425447298401856
0.16440180982034838
0.3212741099699262
0.3644591300650893
0.04631178270635106
0.05253691945018581
====================
100
4
-3.049064439744029
-0.16696771773779612
-1.7245446941865552
-0.09443660421598951
4.891273647679239
0.947327664933202
-1.9540405791174722
-0.37845290047887126
0.5121161415295626
-0.9591829169998978
-0.6387855225418106
1.1964320418000107
====================
150
4
-6.325597158770506
-0.20413020199690146
-4.339913600361221
-0.14005119479708192
12.346228036049155
2.703003388572898
-9.195150809719248
-2.0131269019605367
0.6427573286506609
1.1477275049210507
-0.881554003125248
-1.5741302842616212
====================
200
4
-7.495974214493081
-0.17807573095159593
-15.770610314549184
-0.37464949571015044
19.41179835709672
5.33786138354669
-15.622014253362568
-4.295745560624697
0.7710713468647268
-0.972514077014379
-2.2844058871233823
2.8812079347460955
====================
0
4
0.0
-0.0
1.0445771891909317e-07
-2.5823678768836126e-08
0.0
-0.0
-2.1437385200329118e-10
7.294280027739734e-11
0.0
0.0
-9.48670861340658e-09
-0.01365927512334016
====================
50
4
-0.02804766583571272
-0.0052657502832999265
-2.7356976067277
-0.5136078179206979
0.05253609153224348
0.013690282898037013
-0.6501950126811127
-0.16943311546185505
-0.05105101024687242
-0.04082021333546898
0.28955210110218754
0.2315248705474676
====================
100
4
0.45514457448875234
0.030755670466086266
-7.344557783473157
-0.49629680670446297
-0.7448964888608955
-0.06937245336802629
1.9354898911061795
0.18025280589035464
0.019402286585602287
-0.43700182975132545
0.4001634713084252
-9.012967022721433
====================
150
4
0.6437485956062012
0.026731346506942536
-12.545072098073124
-0.5209280012368526
-0.09272338632563049
-0.005481895896217233
5.745478727800215
0.3396782355329627
-0.034763253657446924
-0.028163368241636552
0.1625075760349135
0.1316551307603681
====================
200
4
2.3423182010412944
0.07242997689853052
-15.760841039035714
-0.48736220034121797
-2.0338579499498053
-0.08149010032339489
7.9790881523065345
0.3196962177406333
-0.11701555135761578
-1.271642798508206
0.6287343937920071
6.832643650898736
====================
250
4
3.719807997758899
0.09199788240907732
-22.086670573206835
-0.5462451081953964
-2.6995951421558395
-0.08318453959604273
12.428126314937998
0.3829566698375325
-0.2076532379702496
-0.14756138812332398
0.6602899427031621
0.46921156376626255
====================
0
4
0.0
-0.0
-9.68403490730907e-09
2.3940540190278425e-09
0.0
-0.0
-2.3587887199028046e-10
8.026009369858114e-11
0.0
0.0
-1.1409682635492589e-08
-0.016569744029215076
====================
50
4
-1.227167493558479
-0.18805570565257002
0.04028931528684687
0.0061740843497708
1.11527931345233
0.40194160458252504
-0.4081952093181589
-0.14711170146997735
0.026713463586946817
0.022776224782327634
-0.3836260471177245
-0.3270842454805672
====================
100
4
-3.314272278319878
-0.17849244249343163
-1.1338981461229523
-0.06106687460900454
1.1984716425983777
0.1362786566746371
-1.135347848233085
-0.12910082651617177
0.11438312621548712
-0.8206596695111025
0.6451665352562395
-4.628848442256696
====================
150
4
-4.1287311474601935
-0.14308724511042034
-10.870181798202772
-0.3767221240140742
3.29101167586148
0.24322483326175812
4.531103889437745
0.33487483380371513
0.0122671050145704
0.010331824765933693
0.9983138267270679
0.8408180664387973
====================
200
4
-3.358378263881839
-0.08828598062487086
-14.061325072050618
-0.3696480191710619
1.9968134200144299
0.09541498016343447
5.003393984907849
0.2390802931484604
-0.08036621954314523
-1.451443542147224
-0.22149425503216555
-4.000267872704333
====================
250
4
-2.972118275943423
-0.06306808249745137
-10.989830190554308
-0.23320320819697243
1.344945771017123
0.04734299913440779
3.6568712696447463
0.12872433750433182
-0.12745384874257404
-0.09604418440760859
-0.3329160893779096
-0.25087241064844523
====================
0
4
0.0
-0.0
1.7009759822883552e-07
-4.205094513448676e-08
0.0
-0.0
-4.096789574248305e-10
1.3939727298913524e-10
0.0
0.0
-2.019015618606837e-08
-0.0289520308090021
====================
50
4
-0.29393064729075036
-0.05262226515450902
-0.013115802361939544
-0.002348115910898542
-0.05697479366386027
-0.014401878760088357
-0.3504467065936967
-0.08858462937156895
-0.11588397593420607
-0.08802856279048564
-0.13628940940593615
-0.10352907498082597
====================
100
4
0.3104718779885225
0.020794042871120653
1.9706519075801534
0.1319856101485374
-2.3745079334312553
-0.19170881235179557
-7.215333241389709
-0.5825387849643499
-0.15717990447841496
-1.1804191849451202
-0.8420134358672676
-6.323510737441461
====================
150
4
1.3761676223068982
0.05898574391790217
4.7821148926051045
0.20497256283964893
-3.8694980164851103
-0.18675888465150775
-14.899675583556627
-0.7191234578230843
-0.3011523835469754
-0.20054037693332333
-0.6544694687722536
-0.4358177491843325
====================
200
4
4.150442540456648
0.13605430919358313
8.745299198041533
0.2866768132512989
-6.995498286259213
-0.23351306118414566
-19.48914876835342
-0.6505570586316339
-0.407840059519752
-1.0625922005169062
-0.2522026563603907
-0.6570923315227148
====================
250
4
6.869038028065184
0.1843909260165802
12.931236054704002
0.34712321884429564
-8.986553644504351
-0.23169042460243272
-25.300063876761435
-0.6522837089678143
-0.46537486479526025
-0.2793488995068128
-1.4741292336239724
-0.8848702632980536
====================
0
4
0.0
-0.0
4.469281469354769e-07
-1.1048804267593086e-07
0.0
-0.0
9.838707626386167e-11
-3.347716517921314e-11
0.0
0.0
-2.9104344386200488e-08
-0.04195028975366041
====================
50
4
-0.48367798311167576
-0.083698620142952
-0.9598036649696349
-0.16609034351592217
0.5616088557959542
0.16850676686937427
0.5658000745417313
0.1697643124240865
-0.018926176268795336
-0.015526204110378285
0.023613030130005264
0.019371093254977365
====================
100
4
-0.20081637309202804
-0.012999076427194762
-2.309271481171711
-0.14948181770584915
-0.6522239798837752
-0.06121770345405138
1.5698319851342717
0.14734433553908843
0.10562634121840715
-0.8116007953421752
0.3189097030478376
-2.450405511072052
====================
150
4
-0.5757525619933048
-0.022764006668260596
-3.925017971210874
-0.15518669158909623
0.8457102620784926
0.05289073404875066
3.335666325010328
0.20861262820424445
0.09086794394140396
0.08192288914556942
0.22154147733860863
0.19973289921537205
====================
200
4
-1.2174284500827497
-0.03392443515339601
-5.6957412560578895
-0.15871553262824153
0.3300717926995489
0.014596625150660052
4.3185930112035535
0.1909793104319534
-0.045546655826360645
-2.1660712075010746
0.0702417977425926
3.3405028951716362
====================
250
4
-1.25912307174886
-0.02773584721377097
-6.672313204192292
-0.14697710156074076
-0.12763225897191077
-0.00426805045857623
4.805231345594198
0.1606879797735288
-0.053388966605613764
-0.04259376363917603
0.10843810000476584
0.0865120097791642
====================
0
4
0.0
-0.0
1.19537459930541e-07
-2.9551641365646326e-08
0.0
-0.0
-3.2298075325343234e-10
1.0989736088672864e-10
0.0
0.0
-3.28650023008277e-08
-0.04704981658582489
====================
50
4
-0.002047104656919707
-0.00038746696083169887
-0.04976538695065269
-0.00941937344102246
1.0740378394951446
0.3782690459444882
-0.6342667946776395
-0.22338458336789713
0.06798390012513789
0.05994523815130906
0.029164060832727712
0.02571559691131477
====================
100
4
0.2627756805778745
0.01756681186955722
-3.5548030221548075
-0.23764206712812871
1.764449571854362
0.21318569305542687
1.6215280587712204
0.19591751928317314
0.055488043511369614
-0.7115671610281704
0.21626678197394641
-2.773360355413636
====================
150
4
-1.5178437201794708
-0.05794584746672423
-3.1551254433444065
-0.12045141093761494
2.42443585971853
0.16755717171314208
-2.2772465451175226
-0.1573846504801803
0.08843979098441657
0.07941476358755568
-0.4055980412099087
-0.3642079226525556
====================
200
4
-1.9481283772904945
-0.05327904581013713
-3.6382022899288984
-0.09950060208109335
2.9583702152286584
0.1474538917566254
-2.583978787737614
-0.12879311943688854
0.1626070073666307
-0.8784866169507505
-0.2947158065531026
1.592206240392797
====================
250
4
-2.197543811958653
-0.04749499653199837
-5.716811706111756
-0.1235561041733507
5.556996665416083
0.22852219109591954
-16.446113670122717
-0.6763189105904552
0.1689909398331888
0.16357765585212808
-2.00527274160638
-1.9410378730358482
====================
0
4
0.0
-0.0
-3.268276671519743e-08
8.07972345033965e-09
0.0
-0.0
4.305356071654387e-11
-1.464939520267062e-11
0.0
0.0
-1.1681408605539124e-08
-0.010384458591928245
====================
50
4
-1.232314917486062
-0.18869581958528023
-1.2749675517498842
-0.19522692106403366
0.14111657331400185
0.037642122400448196
-0.06429719877944429
-0.017150948110654308
0.09565249492013272
0.0866474029548674
0.079642153886061
0.07214433670257173
====================
100
4
-1.4675578642691658
-0.08776518249834828
-2.2623877628928053
-0.13529883878970453
0.2456595331825291
0.02520334250031976
0.21271200841468563
0.021823104247384813
0.028128197446248566
-0.5294849607403701
0.031766426864008435
-0.5979709618112977
====================
150
4
-1.4397125376322926
-0.055023090735562115
-3.5154434469405125
-0.13435360094512694
0.32979719226999293
0.019997430816587617
0.6463931283573494
0.039194396336950994
-0.13847014763183862
-0.10348647683945313
-0.0804459707395615
-0.06012176797775553
====================
200
4
0.5970140966566078
0.017515781230609855
-3.9595648223119575
-0.1161695705083603
-1.5068117445264306
-0.06167538537318351
2.0332773098888346
0.08322417323429887
-0.15850573783366612
-1.187217828707532
0.09726323428954808
0.7285076704761613
====================
250
4
-0.2357710436702547
-0.005311453200701202
-7.228218132014469
-0.16283739400309727
-0.5162614700211137
-0.01705533417534757
5.027111210919308
0.1660768169186798
0.1807327733388322
0.17738938620255768
0.46198406877686815
0.45343779593338895
====================
300
4
-0.8166826952054791
-0.014868899377854008
-9.671783779883974
-0.1760889274031608
0.8777397721240803
0.02509366696295722
8.162717378381913
0.23336359808576973
0.20725818829581777
-0.892378468534748
0.4439517598896471
-1.911495004617985
====================
350
4
-2.7896739001244484
-0.042031774957722555
-12.969800563654594
-0.19541486139786948
3.5694054075051653
0.09125206497097829
11.660489533807201
0.2981011196697044
0.30169486503719734
0.3360058925039278
0.41729944498464255
0.46475790178321663
====================
400
4
-3.9752567323023413
-0.05128592436121671
-16.772544538141602
-0.21638739544504113
5.818006671007971
0.13539685270333163
15.626290643995596
0.3636555769465913
0.2954417415234044
-0.9219956537351225
0.38363284744270376
-1.197216805412657
====================
450
4
-5.888647814992183
-0.06624118226122389
-17.494954076967673
-0.19680009368427412
8.727356676758262
0.18612526656915745
16.543425686328206
0.3528158215459369
0.24785778486917387
0.26043066981054236
0.15099395909274493
0.1586533096978382
====================
500
4
-7.460238176187389
-0.07428729435925853
-19.05517629712962
-0.18974695676215872
12.54568476364551
0.25512785110374053
19.152449484045633
0.3894823895461601
0.5486397017385701
-0.9564261443919754
0.43261139917850366
-0.7541576944307129
====================
0
4
0.0
-0.0
-9.795997701900205e-08
2.421733005185542e-08
0.0
-0.0
-6.035287825056912e-10
2.053565723397747e-10
0.0
0.0
-3.4739013667901915e-08
-0.04877581592279192
====================
50
4
0.18458752441534276
0.036137438617888804
-0.09582780863130491
-0.018760593725221097
-0.27845089222733677
-0.06667118014555463
-0.17151609378359822
-0.04106713501629598
-0.08496802557598504
-0.06610207316232955
-0.040488042527295987
-0.031498243382687925
====================
100
4
0.5167204382153923
0.035088908400681566
0.47001045850055156
0.031916976194414685
-0.6501305985537478
-0.06099105362891365
-1.0578050898437805
-0.09923644127367756
0.09905387714895642
-0.8040639714248528
0.07906999000186478
-0.6418459530444802
====================
150
4
-0.1333152491097387
-0.005366473221592698
1.2133850820788155
0.04884361386967808
1.1641151343281404
0.07423098860060076
-3.4264172104465125
-0.218488987376967
0.13451264401200014
0.12619326525621222
-0.04880484399313367
-0.04578634721702542
====================
200
4
-0.40325136015684393
-0.011500956892039463
-1.8303573444390722
-0.05220282681063716
1.518314772029136
0.07081885024903548
1.3153771683830513
0.06135321899307191
0.15550902292816282
-0.8656381504451641
0.19872860763651923
-1.1062191834006114
====================
0
4
0.0
-0.0
1.968878811098307e-07
-4.867394670806905e-08
0.0
-0.0
-5.869598140861854e-10
1.9971881874790301e-10
0.0
0.0
-3.12367902740869e-08
-0.04409407384830731
====================
50
4
-0.19668101523033688
-0.035792292829316744
-0.3649083981678283
-0.06640655290396962
0.45855839834873846
0.1336339615723989
0.5207010066753006
0.1517436788145742
-0.08642518919897957
-0.067204402684984
-0.06459085488741612
-0.05022597997011421
====================
100
4
1.2648667197486176
0.09041867860301682
0.7089322697880185
0.05067784459220302
0.09638013653968969
0.009738943306215457
0.02680155129620232
0.002708221817934978
-0.039478052196139465
-2.7260583898163895
-0.02385487053809885
-1.6472385629686008
====================
150
4
1.4646574890876032
0.06296554932878745
1.850825134424742
0.07956687633036807
-0.16808853048663153
-0.009893473268506538
-1.8142198599223107
-0.1067826319581191
-0.114856789732803
-0.08738101249374142
-0.20788545548974868
-0.15815557465671423
====================
200
4
2.684072398584867
0.08388429708732864
0.4486568042495662
0.0140217010084246
-1.5411344950395396
-0.06299183842134534
-0.155561226547686
-0.006358359817951338
-0.11723431789133411
-1.2709980529318465
-0.020371373995978187
-0.22085663268356548
====================
0
4
0.0
-0.0
1.1682801215329164e-07
-2.8881821783248375e-08
0.0
-0.0
1.2879919353281366e-11
-4.382518558752978e-12
0.0
0.0
-2.173160770156968e-08
-0.031604569419885674
====================
50
4
0.6586411355388773
0.14582616780587282
0.023781406064133925
0.005265312359408949
-0.48318693598907103
-0.10646292377729143
0.030734276067454047
0.006771832279823065
-0.1668034630139894
-0.12050557946062501
-0.04812989355254915
-0.03477098500911645
====================
100
4
2.01513051961334
0.1549466137349983
0.21972741693756603
0.01689519307451443
-1.8934497534549912
-0.15484651979498854
0.3194659909649271
0.026125962309541746
-0.05685242337916312
-1.1446034840964046
0.16596084984978138
3.3412712364919472
====================
150
4
1.7470974009478901
0.07722915648758177
0.07636974432339372
0.0033758684158467817
-2.250484708099407
-0.11492856480859537
-1.203600232794578
-0.06146589081922436
-0.016931383851339188
-0.013717120509717042
0.0713184065124175
0.057779280493628536
====================
200
4
1.5241644666484575
0.04662425481733793
-2.5273692836843153
-0.07731233215213705
-1.708663536240028
-0.06748575208054852
2.133122993059885
0.08425029645317755
0.09365862238658343
-0.9287745478277244
0.26809222447576564
-2.6585617876787904
====================
250
4
1.419128102371694
0.033673065073301804
0.3905475758775694
0.009266911080661
-1.6465141583546234
-0.05104935731385949
-3.472666286945671
-0.10766830106777713
-0.12147772728997364
-0.0907314462906584
-0.18967658903158435
-0.14166902554271696
====================
300
4
2.917535832949291
0.0577831759682783
-2.21391758775664
-0.043847684099663164
-2.507248866967295
-0.0636467184572713
0.5774143056645968
0.01465770958360743
-0.0010684897750959281
0.1747622738315804
0.06392134151360722
-10.454979775805592
====================
350
4
1.9627260445289139
0.0322844385702576
-1.74562493600736
-0.0287133913417682
-1.7368286282279257
-0.03807211400792359
-0.835095319224564
-0.01830568870426784
0.020234010374047706
0.016901682459275365
0.056697944870435224
0.047360391863923705
====================
400
4
2.2084427567219365
0.03137247558007326
0.9620675517126642
0.013666843154806152
-2.13661152506279
-0.04085429796024235
-6.472916640859182
-0.12376909045723723
0.07301302840324429
-0.9104382054703539
-0.04906960352627218
0.6118749318390948
