====================
0
3
0.0
-0.0
-2.0236766129499983e-07
5.002864086220121e-08
0.0
0.0
-3.724576203012475e-10
-1.2673242929433445e-10
0.0
0.0
-1.2328664858496985e-08
-0.017864441275901453
====================
0
3
0.0
-0.0
1.842061223555902e-07
-4.553880577888071e-08
0.0
0.0
-2.3667023896223327e-10
-8.052941513172938e-11
0.0
0.0
-8.762419748758352e-09
-0.012582956464115837
====================
0
3
0.0
-0.0
1.2676937455324833e-07
-3.13394899836529e-08
0.0
0.0
-1.9727464106722437e-10
-6.712466905482146e-11
0.0
0.0
-1.0060751993801466e-08
-0.014447379601075264
====================
0
3
0.0
-0.0
-1.719131441646482e-07
4.2499779872869665e-08
0.0
0.0
-2.4677015986185324e-10
-8.396601419715295e-11
0.0
0.0
-1.2809096272703286e-08
-0.018192421250023155
====================
0
3
0.0
-0.0
8.538345941389025e-08
-2.1108205896983773e-08
0.0
0.0
-1.8076784513709754e-10
-6.150806669972441e-11
0.0
0.0
-1.037878657376652e-08
-0.014924548580423375
====================
0
3
0.0
-0.0
-1.1235970998058065e-07
2.777718207297092e-08
0.0
0.0
-1.7595480628074256e-10
-5.987038210777775e-11
0.0
0.0
-1.1459933680168456e-08
-0.0165662959783177
====================
0
3
0.0
-0.0
-4.3130346405462205e-08
1.0662536206122796e-08
0.0
0.0
-2.771294305148331e-10
-9.429605958887045e-11
0.0
0.0
-1.1590556438940591e-08
-0.01672542782550154
====================
0
3
0.0
-0.0
-9.68403490730907e-09
2.3940540190278425e-09
0.0
0.0
-2.3587887199028046e-10
-8.026014461284798e-11
0.0
0.0
-1.1409682635492589e-08
-0.016569744029215076
====================
0
3
0.0
-0.0
-5.366626744773839e-06
1.3267191125160072e-06
0.0
0.0
-1.5812999354380963e-08
-5.380531134949759e-09
0.0
0.0
-1.587419911668219e-07
-0.22528724879283873
====================
0
3
0.0
-0.0
-2.4994479215223464e-06
6.179049716330264e-07
0.0
0.0
-1.8708203874950868e-08
-6.365653420359864e-09
0.0
0.0
-1.300652595873804e-07
-0.18472825420554542
====================
0
3
0.0
-0.0
-2.887583399058258e-07
7.138584937447469e-08
0.0
0.0
-4.2194647775772864e-10
-1.4357150784483296e-10
0.0
0.0
-2.431835445911304e-08
-0.034512702851920034
====================
0
3
0.0
-0.0
-1.1178034231562606e-07
2.7633954271008112e-08
0.0
0.0
-3.3397951071378884e-10
-1.1363986777695582e-10
0.0
0.0
-1.2352126842298097e-08
-0.017574921760263443
====================
0
3
0.0
-0.0
-4.3130346405462205e-08
1.0662536206122796e-08
0.0
0.0
-2.771294305148331e-10
-9.429605958887045e-11
0.0
0.0
-1.1590556438940591e-08
-0.01672542782550154
====================
50
3
0.6362963061560443
0.1364830897141615
-1.240830440224534
-0.26615331670917464
-0.11822808472792978
-0.011959025070765435
-0.24558966300905283
-0.02484192265995719
-0.13632641401695622
-0.10204790420236466
0.09612295752492073
0.07195338065542471
====================
100
3
1.9427166943198309
0.14594658757311516
-2.6744146768070483
-0.20091539696790467
-2.0520359827549086
-0.11449406664381613
1.4333679838347813
0.07997526887709214
-0.046228879805541974
-2.177266713356786
0.6102581488500485
28.741660183742024
====================
0
3
0.0
-0.0
1.467184596037896e-08
-3.62712353670141e-09
0.0
0.0
-4.053926083713577e-10
-1.379388882764607e-10
0.0
0.0
-2.2357667112118208e-08
-0.03195747430499172
====================
50
3
-0.005066712375433546
-0.0009703572955245234
0.7834633105862512
0.15004588436660815
0.5172008350663742
0.05524813111566588
-0.2857456126666733
-0.030523754031272308
0.022237069584639446
0.018698431528548283
-0.21809272172900618
-0.18338710541884906
====================
100
3
-0.1672236706284238
-0.010954159056970189
0.6418144987191727
0.042042720851771534
1.0348042662771277
0.06869095258882078
-4.07093900925536
-0.2702314704236563
0.14436579442710984
-0.9168592926206275
-0.5897104720404676
3.7452190693203926
====================
150
3
-1.5393580169514287
-0.05914243527773777
2.407025645968549
0.09247839483142253
2.7801165146296682
0.1372177965731887
-9.578226677177787
-0.47275110694270495
0.23760476420583332
0.24397741519521077
-0.9187462889045992
-0.9433874170677651
====================
200
3
-3.271374950548463
-0.08690730636769756
-4.541059725993762
-0.1206377363667186
4.945790602807929
0.20339855763752035
-22.247467193232303
-0.9149402191880944
0.3580921352103495
-0.9647314986986939
-2.177059716989902
5.865189086865823
====================
250
3
-5.432960652692209
-0.1104400000632894
-23.285054671366247
-0.47333334507126845
9.186075169692096
0.3400139084121686
-31.82662871497276
-1.1780326440898876
0.30269125452491263
0.3330692813369388
-2.3980494497101845
-2.6387171577818918
====================
300
3
-7.512943900095344
-0.12284908328977999
-44.953076979809616
-0.7350573052933937
11.777566613332962
0.38430889530619256
-26.615259341569377
-0.8684714976918111
0.4045856394958918
-0.9686573967852313
-3.3067848822014545
7.91709176755035
====================
350
3
-9.168838850915805
-0.1269889742296469
-58.66388601219998
-0.8124983795816322
15.666430867127247
0.46489971187227946
-38.30276773234159
-1.1366306616806148
0.24274677755747875
0.2505803847371964
-1.852779133224534
-1.9125696032216986
====================
400
3
-10.071005052289777
-0.12135767933158433
-63.95699652388401
-0.7706949440356053
18.055404153115518
0.4810878725403543
-52.129292957350565
-1.3889897137282987
0.1828130596578676
-0.9331761142368055
-1.3894458136301404
7.092478227389978
====================
450
3
-11.881127520309036
-0.126144919590006
-74.13025081150309
-0.7870595203880789
20.377977198916945
0.48347382573043285
-59.656159044233405
-1.4153608653086334
0.15542255974158015
0.14717176270622578
-2.266140673250736
-2.145839818731024
====================
500
3
-11.818393544841484
-0.11363214827745126
-90.18601962062334
-0.8671255628102587
21.579013711072193
0.45748425247911123
-70.43516315302494
-1.4932553635096049
0.1590422858311658
-0.9239480630215368
-2.63797405866421
15.325175999993313
====================
0
3
0.0
-0.0
2.5639069800575953e-07
-6.338402899257171e-08
0.0
0.0
-4.1255177052335057e-10
-1.4037486478013127e-10
0.0
0.0
-2.012759417776391e-08
-0.02890350479981088
====================
50
3
0.4901803567922416
0.10194664332971261
0.4212628291109217
0.08761332597756301
0.5656341327371344
0.0614670384649757
0.3382203119917264
0.036754148527477444
-0.02879813708615675
-0.023444039323436274
-0.08398950280245399
-0.06837432576161724
====================
100
3
1.0372380505628431
0.0729595028462758
1.197081906840598
0.08420294718456271
-0.7031668195312673
-0.042426482899115436
-2.3960300692209007
-0.14456758472382197
-0.02349111717475797
15.606275623122214
-0.13846141614536345
91.98655847046275
====================
150
3
1.0198837787527104
0.043022131870714665
2.1726641514555673
0.09165028955457086
-0.37498584185343375
-0.01625102481721536
-3.7567033374515475
-0.1628068912311171
-0.06895461953864235
-0.05435771136002339
-0.2962456380357955
-0.2335338080575072
====================
200
3
2.15084322690538
0.06611764813262573
4.009340657315697
0.12324848762019576
-2.9409722953862634
-0.0926485463868159
-9.97788184015814
-0.3143301451565171
-0.2863950697170666
-1.0956253831421843
-0.7004174218989883
-2.679498313241424
====================
0
3
0.0
-0.0
-1.9727238154132465e-07
4.876900416081452e-08
0.0
0.0
-1.9193180378351826e-10
-6.530671524747842e-11
0.0
0.0
-1.2280926184038262e-08
-0.017455369293868685
====================
50
3
0.11128764685209536
0.021954851776320724
1.778944545690475
0.35095057648973216
0.008745727461166197
0.0008818097166874841
-1.9805276144896853
-0.1996916211235341
-0.03752589057785971
-0.029919943175346242
-0.40196890331797197
-0.3204957047075609
====================
100
3
0.711664827948443
0.04970351339623017
4.039771070883075
0.2821423901447697
-0.36731461588095016
-0.022172656480502626
-8.638335865877163
-0.5214463172338822
0.049174927987725575
-0.8617072106516768
-0.5113646969437555
8.960799022199529
====================
150
3
0.5601545780833312
0.02351262274040019
5.688222804539894
0.23876451625927997
-0.6559680733969415
-0.027509929779243325
-14.120719929775094
-0.5921934762599466
-0.1855502828616553
-0.13232473105958226
-0.5948132514792209
-0.42418961760003326
====================
200
3
3.0560721308464096
0.09802236015679103
7.260515133195895
0.23287828259238408
-2.531210195739039
-0.07911976828102461
-15.015700214055688
-0.4693560114104018
-0.23506498090782948
-1.0347397542842747
0.025600312407638354
0.11269080093502805
====================
0
3
0.0
-0.0
-1.8296865356148828e-08
4.523288474500489e-09
0.0
0.0
-1.5891865601247446e-10
-5.407366164041152e-11
0.0
0.0
-1.0662942109107263e-08
-0.015215686943810718
====================
50
3
1.478620712418076
0.39061916503351773
2.3291185783843087
0.6153020492082012
-0.1834209715910493
-0.018345468230084993
-1.9335209953176822
-0.1933876354710892
-0.2698698656082501
-0.18302771909852117
-0.4802669193261654
-0.32572054165670544
====================
100
3
3.984512872025366
0.3556293787281402
6.242933271402988
0.5571999770254843
-3.0071108864388467
-0.15848131544861968
-7.43610114316532
-0.39189878108333953
-0.2789754293771795
-1.0771046516378635
-0.4888063726171269
-1.8872472707419232
====================
150
3
6.66051969707301
0.3707350649198653
10.331924481810972
0.5750912643039886
-4.97006998240138
-0.17868931879948294
-12.194374749570907
-0.4384253189395967
-0.3787651813906492
-0.2392144697878252
-0.5480262255202908
-0.34611365935574334
====================
200
3
11.384272175310482
0.4914079325358029
12.93607541662097
0.5583923133351795
-9.183209442471032
-0.2405249523900146
-24.310801028527234
-0.6367440813128418
-0.440308406721216
-1.0475105503191253
-2.1980074816878368
-5.229143917313807
====================
250
3
15.01932611283749
0.5184585684167858
8.921614086750509
0.3079690282129336
-12.777032670186323
-0.2626305748032146
-47.06290172722591
-0.9673730397018935
-0.5168167536022257
-0.30022659942875657
-2.313464554256848
-1.3439262391986562
====================
0
3
0.0
-0.0
1.342907625101475e-07
-3.3198902291591476e-08
0.0
0.0
-1.3075673876983274e-10
-4.4491287725467395e-11
0.0
0.0
-9.237055325116027e-09
-0.013223846901385453
====================
50
3
0.03139995442747523
0.005961655849135097
0.3927815021331691
0.07457425280768344
-0.8231609754126001
-0.0777224655953821
-1.4694897031740268
-0.13874851494322105
-0.12058518772978744
-0.09134100851413225
-0.29620097501420806
-0.22436665970362582
====================
100
3
0.3588853586710279
0.024094383558644086
0.6351277522224219
0.04264039003277923
-1.7722716008201598
-0.1004525338682195
-1.2170088948370683
-0.068980187444165
-0.007895646725984935
0.46171475145153024
0.6398529340563699
-37.41676251054864
====================
150
3
0.3873418463947438
0.01591473444710133
-9.795673443450138
-0.4024753406688648
-0.7460998103010859
-0.03182244383905025
5.628096520223281
0.24004802435653272
0.013921635045125003
0.011741695213571103
0.9758487449943942
0.8230440247234023
====================
200
3
0.3413919873562392
0.009941526206342758
-18.272618581305224
-0.5321089047558503
-0.8761804885483251
-0.029522371541985545
9.546103309361953
0.3216501763741542
0.0756342511266096
-0.7516028987577515
0.7342068885902836
-7.296059887320303
====================
250
3
-1.028206881971144
-0.022757183117829833
-15.607680452185985
-0.3454429729297782
-0.4103569010534258
-0.011385611497211921
4.214368996375512
0.11693033058649452
-0.025626679795563545
-0.020916215629702563
-1.1515553049744205
-0.9398868390489915
====================
0
3
0.0
-0.0
2.0657191601713976e-07
-5.106800060483734e-08
0.0
0.0
-3.510809420959049e-10
-1.194588007917353e-10
0.0
0.0
-1.9827107638594312e-08
-0.02798808522717437
====================
50
3
-0.40497951303867286
-0.07109356649838285
-0.8211139980783395
-0.14414537216247014
0.9760510757061063
0.11089855631066198
-0.4995681442994879
-0.056760744760749895
0.10161286682291482
0.09246093479244494
-0.20738031504084875
-0.1887022616894077
====================
100
3
-2.123960448654003
-0.12231489104460981
-2.1267053883721587
-0.12247296696488554
1.223185548975275
0.08339713519437722
-7.202624773236768
-0.49107698539376643
0.18519437066239242
-0.8853523499099906
-0.5009867307788027
2.395050010333866
====================
150
3
-2.435549971524029
-0.08973563456416167
-0.17364932540541744
-0.0063979522444957545
3.792731731832525
0.2002914255881561
-12.902755698536222
-0.6813852166725405
0.056681770879393856
0.04955078361245172
-0.7458169079038526
-0.6519876080915917
====================
200
3
-2.3250117784306426
-0.06287191217380173
-0.2214884130060426
-0.005989389034162282
4.677554239332775
0.19357469523009058
-20.42751165652322
-0.845366860734608
0.1594964120026791
-0.8692947757813859
-0.4858062318041213
2.647763758737532
====================
250
3
-3.0630496754064893
-0.06491811388047602
0.31554080273305374
0.006687555193842157
6.443500124928672
0.22039044857627427
-21.954400566571735
-0.7509179941458473
0.1199818927110281
0.1110313674522302
0.06346930927257577
0.058734564362601285
====================
0
3
0.0
-0.0
2.4569842782540263e-07
-6.074072279147165e-08
0.0
0.0
-5.028053529088083e-10
-1.7108454857337162e-10
0.0
0.0
-3.071952224686856e-08
-0.04345273771122641
====================
50
3
-1.6596460620247555
-0.23952156143523895
-1.7503734189154425
-0.25261541239815916
-0.033285714348435747
-0.003382456299990551
0.05437176091388274
0.005525196284495107
-0.022118249764880638
-0.01804192651428073
0.002871952399607025
0.002342660685046377
====================
100
3
-1.4084332315067147
-0.084807989843341
-2.3870994270373807
-0.14373780697197794
-0.9638337211460293
-0.0569772499919565
0.31651647116169457
0.01871094329684634
-0.01675137796829807
4.180809317909169
0.11169419163927771
-27.876639046982756
====================
150
3
-1.1694493882539234
-0.04530756298966824
-3.614350140959484
-0.14002948594700648
0.058577189318292255
0.0025733743111003037
2.7208185501985795
0.11952919974020908
0.015990586542552032
0.013462046613218554
0.1812004019959974
0.15254776624439886
====================
200
3
-1.0904531153838661
-0.03057755559613313
-5.4812503443292435
-0.15370054409083958
0.6137075119810405
0.021645593710475957
4.51395125202502
0.15920801509310245
0.047335252644658196
-0.6951522377280337
0.1728731381268246
-2.5387663970880094
====================
250
3
-1.0628115982325284
-0.023577558081996717
-7.007133942498633
-0.1554472192365427
0.5661105654734016
0.016051120337230336
5.505971687137631
0.15611263861455277
-0.13803606316993844
-0.10286966232768945
-0.02171921427842416
-0.016185974791918002
====================
0
3
0.0
-0.0
-4.917983247310076e-07
1.2158069678164499e-07
0.0
0.0
2.611049154666034e-10
8.884355812567506e-11
0.0
0.0
-3.8620320458608685e-08
-0.055906116128004134
====================
50
3
0.8918832466158397
0.20839910123228184
-1.6999300060570723
-0.3972088126605131
0.3078659233488459
0.03196875827544065
-0.08126114870957402
-0.008438147333822959
-0.12684619321886426
-0.0943257936067534
0.07737374102889238
0.05753692201295245
====================
100
3
1.7274419659747284
0.1300196027132551
-3.7140597711569683
-0.27954662756304527
-1.5133031545022178
-0.08532538865468099
0.8425519071430969
0.04750605899739573
-0.05031308124831916
-1.1524456041796014
0.1757696983183255
4.0260904549887035
====================
150
3
1.0775299892040948
0.04628340216870674
-2.322633054990039
-0.09976461059226675
-0.8833014246611448
-0.0366404963614201
-1.4530511871526812
-0.060274460393007157
0.011079557310306187
0.00918062701749298
-0.6363730546717506
-0.5273047916354482
====================
200
3
1.2171281929441378
0.03690121754305725
-2.967627333831228
-0.08997331790296902
-0.7438677569147991
-0.024588960410338073
-12.478291361343544
-0.41247682725934226
0.10315539674503585
-0.9393919559827071
-1.6904770282795947
15.394449270205758
====================
250
3
0.32740690966784314
0.007575646628159883
-6.643481709091567
-0.15371902156793274
1.2918241708958504
0.03668080866207053
-26.92310548137438
-0.7644703536288417
0.11484772193683601
0.10411617053758213
-1.4700473380057968
-1.3326838074011411
====================
0
3
0.0
-0.0
-2.3586312458689918e-08
5.830928539328871e-09
0.0
0.0
1.7552626019323725e-11
5.972456504202593e-12
0.0
0.0
-1.1608069962817447e-08
-0.010369689380407608
====================
50
3
0.018207567384311396
0.003463930611339914
-0.030712580033857684
-0.005842968689171224
0.9258776887568079
0.10433011981027292
0.335286032885346
0.03778083477592822
0.01122551012440387
0.009418654948203802
-0.07186756515136228
-0.06029978064486259
====================
100
3
-0.13410410726083555
-0.008740522553141294
-1.4589552205662777
-0.09509053279464283
0.8264759508050279
0.05469263939761976
1.0801775790683834
0.07148152678833108
0.1634672626067612
-0.8837031614541443
0.163219857003604
-0.8823656880653751
====================
150
3
-1.588709183557274
-0.06053239288944247
-2.389605901658033
-0.09104785494234527
2.747441087657581
0.13701389137169181
0.7814256102910164
0.03896941199738481
0.015227156451384616
0.012819238464517104
-0.09565254190550632
-0.08052670558280119
====================
200
3
-1.8678902106793203
-0.05123270268242711
-3.9900541446773445
-0.10943965363290589
2.680795472660577
0.10210100747776263
2.2444353195155564
0.08548175706734597
0.14000705666050267
-0.8668114199066028
0.16239701627674621
-1.0054320948177888
====================
250
3
-3.328272916659351
-0.07026487213442074
-6.703396085057278
-0.14151882389972123
4.915900391097168
0.15917734444052165
5.060906870455646
0.16387266868931105
0.14855620724908802
0.1408773728623795
0.2555220155696749
0.2423141444476856
====================
300
3
-3.4632724739592504
-0.0602972248851679
-9.430653655189111
-0.1641921761965759
5.468549389932583
0.14995515713028945
7.531609014003294
0.2065270938611184
0.13398337639090113
-0.8616518936150143
0.3390955019922991
-2.1807353216383087
====================
350
3
-5.6215415289765645
-0.08142070304827773
-13.089147260163529
-0.1895792402727255
7.905916159568825
0.19333416085692667
11.25611946942044
0.27526125602682855
0.3456187942394021
0.40308001205028937
0.55011509941585
0.6415750665109737
====================
400
3
-8.39349334997236
-0.10267363438518613
-17.61461640976104
-0.21547127157693652
10.097160240712796
0.22518885826859217
14.50923727474543
0.3235878700898354
0.3122107035205194
-0.9355377001910935
0.4631337401910314
-1.3877777708884365
====================
450
3
-9.468238388809354
-0.10261203833587929
-18.693381798595624
-0.2025895347134299
13.887799486012291
0.2898729351618618
17.733345043382954
0.3701390406119319
0.2992174106587189
0.3310490992420176
0.3527455874318497
0.39027177169881533
====================
500
3
-11.28933434365608
-0.10852264432998972
-21.258613978772118
-0.2043558046505418
15.39595121691579
0.2930374969706148
18.768618873263648
0.3572308731514931
0.2660610212304097
-0.9251928189162195
0.27150655493804027
-0.9441289586715539
====================
0
3
0.0
-0.0
4.4732404891334454e-07
-1.1058591666290873e-07
0.0
0.0
-1.7001067220689947e-11
-5.784783105555172e-12
0.0
0.0
-2.9787854783279743e-08
-0.042834514676634135
====================
50
3
-0.11716617788266159
-0.021635133407242234
-0.2213667934808754
-0.0408761316229716
-0.09260257022069318
-0.009391292064520568
-0.038109167693360035
-0.0038648422316053584
-0.05297481458307085
-0.04229342189575784
-0.045116195575017226
-0.0360193482280824
====================
100
3
0.05988112344011576
0.003941107444048648
-0.22492948492780407
-0.014803851639849645
-0.6782336035393683
-0.04098375970409794
-1.0234885224349384
-0.06184654880630811
0.023158834569102817
-0.48092093619938864
0.00518087141559858
-0.10758699985889861
====================
150
3
0.6466454418631464
0.026854867133692773
0.9645626238649712
0.04005781132762076
-0.7981166257561192
-0.03396569407620399
-2.591796072304703
-0.11029986052027019
-0.2011109100845947
-0.1435798278758651
-0.2732592474947455
-0.19508894720967893
====================
200
3
2.713434249228577
0.0848798186928371
-1.7924147494387341
-0.056069108362577724
-3.798340711011811
-0.11651106366544375
1.0893854356684116
0.033416027025537365
-0.20853979178783755
-1.1361876257888086
0.03491322041025963
0.19021774533529467
====================
0
3
0.0
-0.0
-3.942896986686151e-07
9.74749516244215e-08
0.0
0.0
-5.405813574554941e-10
-1.8393821182210384e-10
0.0
0.0
-3.757841709618358e-08
-0.053538230685022496
====================
50
3
-0.2966900118932676
-0.053140663770589916
-0.4105062119301346
-0.07352648120748152
-0.5447808190296684
-0.05274286609122111
-0.5457821272664543
-0.052839807584761395
-0.16947056059598364
-0.12362888107152473
-0.14264808497394355
-0.10406186815164385
====================
100
3
1.439251671307293
0.10435449560886978
-0.2602677982429089
-0.01887099758181967
-3.178702903662874
-0.16657187769355017
-1.1175737237210726
-0.058563621471726966
-0.16031502727039543
-1.1695919251978841
0.036421034439467814
0.26571275639624276
====================
150
3
3.2441424496749782
0.15126229716475417
1.8970306930229803
0.08845148598436245
-4.0705112248726145
-0.15176890514221086
-2.887307020863698
-0.10765316717180051
-0.24648106995907604
-0.17024392615422923
-0.16732307710485794
-0.11556967675962866
====================
200
3
6.136704649465834
0.2153278702460591
-0.48462024650292435
-0.01700460613933541
-6.946292165024278
-0.1939417168164495
-0.28915845567853893
-0.008073355683001718
-0.33040869044778765
-1.0756791660709695
-0.021822344734440502
-0.07104486735455764
====================
0
3
0.0
-0.0
-3.4000535364953066e-07
8.405496026443615e-08
0.0
0.0
-3.760165512289859e-10
-1.2794339112617516e-10
0.0
0.0
-2.580283977610988e-08
-0.037388745758152195
====================
50
3
-0.7379267697434884
-0.12224794367416228
-0.7531159033386743
-0.12476423719316428
0.22825478169437297
0.02392704531867611
0.05026206989926507
0.005268773847202296
0.10938422248669144
0.10033451014219735
0.10850233364599338
0.09952558283239199
====================
100
3
-0.5517145610343075
-0.034906315192448634
-0.7567030334140927
-0.04787568872917933
0.2864634705914586
0.018381730357971894
0.2505684760798079
0.0160784275705284
0.013862531728959314
-0.35674021216832796
0.03061658746987484
-0.7878912830227491
====================
150
3
-0.5064518534352196
-0.02007151971632142
-0.07551266673128865
-0.002992691148918732
0.9302179241994466
0.04273054142317201
-1.1992820793326366
-0.055090287163724355
-0.05590134659492341
-0.044525841089953555
-0.1579620969750788
-0.1258179928851109
====================
200
3
-1.3044852606750297
-0.03624992424644753
-3.5286326988580754
-0.09805604699661549
0.7203722411908018
0.025652479496829507
2.5895394103271947
0.09221358463208164
0.04827050507133686
-0.6588312534131775
0.12091043238167881
-1.6502742533774053
====================
250
3
-2.170209241230893
-0.04684884532883966
-0.34066465817164726
-0.00735401249634046
1.2679322143589928
0.03689773120203835
-3.81441864996437
-0.11100230157775477
0.0489595718062088
0.04255059810938698
-0.0970994165834711
-0.08438877423301465
====================
300
3
-1.8600917598241722
-0.03323431788459016
-2.7003854216938947
-0.04824787112866478
2.9141890613062316
0.07506946783262886
0.23010843013091176
0.005927589813265718
0.11443252938551408
-0.8207231962884447
-0.018751480244625862
0.13448776221367997
====================
350
3
-2.154790950292046
-0.03277958996993185
-1.3120236070743942
-0.019959057218492893
4.23434846435363
0.09552150659300056
-1.6891786062535274
-0.03810571726260423
0.02095830434810586
0.0177820508047937
-0.2006737466125078
-0.1702614246927095
====================
400
3
-4.4451744458281155
-0.057002852524523265
-0.023147997131260922
-0.00029683916408493994
5.291270683834732
0.10716593649471788
-8.012537187426055
-0.16228068883577945
0.3095228663254499
-0.9252767423074638
-0.08531163460153662
0.25502759224914845
