====================
0
0
0.0
0.0
-1.7191166623575782e-07
-3.438196266410695e-08
0.0
-0.0
-2.4676836436556325e-10
0.00026481942036617504
0.0
0.0
-1.2809083863151695e-08
-0.01819237323099617
====================
0
0
0.0
0.0
-8.750978164329126e-08
-1.7501768167260822e-08
0.0
-0.0
-1.9216826285812643e-10
0.00020621182371564014
0.0
0.0
-1.2038203951235086e-08
-0.01705560252969783
====================
0
0
0.0
0.0
-8.750978164329126e-08
-1.7501768167260822e-08
0.0
-0.0
-1.9216826285812643e-10
0.00020621182371564014
0.0
0.0
-1.2038203951235086e-08
-0.01705560252969783
====================
0
0
0.0
0.0
-5.029075822449158e-09
-1.0058043686970524e-09
0.0
-0.0
-2.1390806880116592e-10
0.00022949303966188588
0.0
0.0
-1.1222323190387675e-08
-0.01617555496405071
====================
0
0
0.0
0.0
-5.428284488573354e-08
-1.085645195578213e-08
0.0
-0.0
-1.6456315238483188e-10
0.00017658594752022522
0.0
0.0
-1.1775608304410797e-08
-0.016776761759409002
====================
0
0
0.0
0.0
-5.428284488573354e-08
-1.085645195578213e-08
0.0
-0.0
-1.6456315238483188e-10
0.00017658594752022522
0.0
0.0
-1.1775608304410797e-08
-0.016776761759409002
====================
0
0
0.0
0.0
-1.6074508657482056e-07
-3.214867140205238e-08
0.0
-0.0
-2.9804609623917063e-10
0.0003197390105665157
0.0
0.0
-1.2680181496460727e-08
-0.0183644092259693
====================
0
0
0.0
0.0
-5.029075822449158e-09
-1.0058043686970524e-09
0.0
-0.0
-2.1390806880116592e-10
0.00022949303966188588
0.0
0.0
-1.1222323190387675e-08
-0.01617555496405071
====================
0
0
0.0
0.0
4.207640342812624e-07
8.415190277376742e-08
0.0
-0.0
-4.064489464371867e-09
0.0043616383580804595
0.0
0.0
-1.0612923198007914e-07
-0.14963321276141583
====================
0
0
0.0
0.0
4.082088413959184e-06
8.164089002006557e-07
0.0
-0.0
-4.749260382724745e-11
5.0966562293881554e-05
0.0
0.0
-7.437498985871087e-08
-0.10442710354560601
====================
0
0
0.0
0.0
-9.806293466141369e-08
-1.9612376377989552e-08
0.0
-0.0
-3.352323065231486e-10
0.0003596417842095193
0.0
0.0
-2.337779897438371e-08
-0.033763646114178675
====================
0
0
0.0
0.0
1.5526983343505663e-07
3.105363298055198e-08
0.0
-0.0
-2.0054592105354863e-10
0.00021517701351144995
0.0
0.0
-9.756102629721984e-09
-0.013989912258261784
====================
0
0
0.0
0.0
1.3877381110916076e-07
2.77544637410452e-08
0.0
-0.0
-1.9403955175164112e-10
0.00020820048541721136
0.0
0.0
-9.92971823733664e-09
-0.014215444755157697
====================
50
0
1.3486810891464547
0.10406640839017069
0.39033831405373576
0.030119133965431973
-0.04892509348237084
-0.007064514150799987
-0.5959900747421534
-0.08605768567962796
-0.1849352984404542
-0.13308337947430274
-0.13412491517795866
-0.09651914552880367
====================
100
0
2.4915110428378107
0.11459870975992364
-1.4896389563688999
-0.0685169358966826
-2.266908931843762
-0.1481936954243282
1.2547931444372242
0.08202907071173035
-0.10752057702968779
-1.2269966256888771
0.511001970374857
5.831420465658355
====================
0
0
0.0
0.0
2.1907059455372746e-07
4.381364865743184e-08
0.0
-0.0
-3.165358749205238e-10
0.0003396240261135943
0.0
0.0
-2.042798238225794e-08
-0.029412831992528143
====================
50
0
0.9706866190006878
0.07315029628625129
0.7597624373084901
0.0572551906129048
-0.01205165366965133
-0.0017266541151284276
-0.1470549238237302
-0.021068726029652596
-0.15955919394147688
-0.11612122077381028
-0.1355585419857992
-0.09865444286138964
====================
100
0
2.2419042547479897
0.1025491006865312
2.1432369629387757
0.09803586510977468
-1.5301163128179418
-0.10374670772224868
-4.454558781182069
-0.3020331226008307
-0.10872316843063279
-1.1019722134225893
-0.15576786989246777
-1.5787974802724902
====================
150
0
4.1735220469386505
0.14244518962357502
4.408581840965574
0.15046794272190933
-1.8603271279279028
-0.08437432698812122
-11.013739245078606
-0.49952334859580666
-0.24630054308725047
-0.16860479997334232
-1.0998446829517445
-0.7528976203074482
====================
200
0
5.344256906080993
0.14066930939288166
6.915350511713903
0.1820229823879958
-4.106843433785354
-0.13444891715105212
-21.69466987078053
-0.7102352254484429
-0.14698046130281073
-1.0734797287343645
-0.9134913540363289
-6.671733387146153
====================
250
0
5.624863432129992
0.11947452223477108
8.981665431884394
0.19077444266777493
-4.833295444023541
-0.1263873811131483
-30.421980598552807
-0.7955140546768052
-0.18143252332837734
-0.1299708597004787
-1.1422222151719743
-0.8182414076124308
====================
300
0
6.757594205862468
0.1210810134762181
3.630250228394736
0.06504598581030167
-7.412320750734473
-0.1574687973805575
-46.73415389774121
-0.9928295412939321
-0.184107524295636
-1.0578052780130274
-2.3157882533262795
-13.305556339976125
====================
350
0
8.310387399018538
0.13061158924229904
-5.185540055755325
-0.08149940493048394
-8.754160300566653
-0.1580651857611361
-65.37829158565872
-1.1804709360375716
-0.2949344632167126
-0.19539205179617833
-2.9036961702025854
-1.92367872611653
====================
400
0
9.752207178060516
0.13535684253570426
-12.990650723873003
-0.18030517936733476
-11.389621705175458
-0.1772167859477102
-79.4965382816697
-1.2369261572440944
-0.14422203818026627
-1.0749905094417571
-2.5415439479966473
-18.943953766695312
====================
450
0
10.351642720593105
0.12808634743489
-52.67949293376638
-0.6518312133382468
-12.334639514946304
-0.17087737921761248
-83.98897119259955
-1.1635374721072618
-0.07838773742321581
-0.06062925240528454
-3.774389493906856
-2.919313923636208
====================
500
0
10.073676367717994
0.11074978257317071
-74.90072213401751
-0.8234569374790277
-13.21494034875883
-0.16661296767334807
-93.40708692334042
-1.1776694819119498
-0.015908857812219658
-2.720374510481569
-3.504013633676241
-599.1774825035525
====================
0
0
0.0
0.0
-1.056398870602493e-07
-2.112774980582651e-08
0.0
-0.0
-3.741615523886213e-10
0.00040155668216865394
0.0
0.0
-2.3590448055328244e-08
-0.03302142003392565
====================
50
0
-0.17503824524965417
-0.012056209819684947
-0.9593200389054353
-0.06607563768007498
-0.13160943301028905
-0.018907910238999
0.052473045849296795
0.007538636237478643
-0.13063217916536218
-0.09820404050448805
-0.05775514472386689
-0.04341800472168115
====================
100
0
1.6810716383459052
0.07432488764917478
0.6620400283890113
0.029270644752347474
-0.9824198688038948
-0.07060609265530755
-2.203616196825596
-0.15837294654803266
-0.04816922965669601
-2.0786872756697163
-0.07099522691761125
-3.063716731172759
====================
150
0
2.7201698596776076
0.08760377427176617
2.6485987195568974
0.08529880718259669
-2.5537474255392816
-0.1144437716677072
-6.214329462311209
-0.2784892879147849
-0.18155341860302876
-0.13145251457872104
-0.400656593165174
-0.29009267387723603
====================
200
0
4.001703744323784
0.1007357174543146
5.517037950581411
0.13888153938502357
-5.803016530805863
-0.1832545016993326
-13.805110412721536
-0.4359540621946555
-0.29922745140387225
-1.0911505609700671
-0.5598086700449759
-2.041375353396396
====================
0
0
0.0
0.0
1.3877381110916076e-07
2.77544637410452e-08
0.0
-0.0
-1.9403955175164112e-10
0.00020820048541721136
0.0
0.0
-9.92971823733664e-09
-0.014215444755157697
====================
50
0
-0.6987932571250024
-0.046455310320014986
-0.8015805212266987
-0.0532885391786264
0.09272175166367802
0.013764661385792644
-1.2519988606995858
-0.1858608154366739
-0.04236497152532959
-0.03411180399959473
-0.15316944000709687
-0.12333032994311975
====================
100
0
-0.836763465369696
-0.03328981656533935
1.0203272874613774
0.04059272380061737
-0.9305682928712731
-0.06712970709521163
-6.952242863050512
-0.5015236717461595
0.008167433345139474
-0.24627568533217215
-0.030912860052017405
0.9321270799741195
====================
150
0
-2.1981921731581977
-0.06111319299400818
2.276961787149702
0.06330311191042855
-0.7365729574485691
-0.03593520209472495
-10.306233719980794
-0.5028104654369404
0.037256405678500304
0.0320533946508127
-0.5926406436464383
-0.5098759284735059
====================
200
0
-1.5178622691888464
-0.03354811237281773
2.3443572634461347
0.0518154792517194
-1.0516986705178546
-0.03907464931020859
-9.45122255737957
-0.3511492572302057
0.10244979469555023
-0.8038673539544441
0.35993318934519125
-2.8241983439706186
====================
0
0
0.0
0.0
-1.4329501585308435e-07
-2.865869467564869e-08
0.0
-0.0
-2.890491430892783e-10
0.00031019204674444196
0.0
0.0
-1.2567562198476929e-08
-0.017827261648370462
====================
50
0
-2.038327918192129
-0.12442634637276855
-2.88213181699755
-0.17593495558446826
-0.07966486538619666
-0.011531253306505165
-0.3831092533423064
-0.05545392969585868
-0.020203853270636785
-0.01656347445694461
0.018863518664515633
0.015464644559753077
====================
100
0
-2.880036970875018
-0.10596555500700623
-3.3765637808107734
-0.1242343270827741
-1.5945672661090118
-0.10977149178469997
-4.741875211750068
-0.32643509428162926
0.11420946268086384
-0.8204361503915347
-0.257569722169982
1.8502802338283342
====================
150
0
-4.237228670201738
-0.11148187850950016
-5.741109938909929
-0.1510491338879684
-0.2977753516071999
-0.014845376905844984
-5.257694534458993
-0.2621185957755333
0.03910529508432781
0.03369768074879705
0.6583861572010274
0.5673422611169358
====================
200
0
-3.5764426216558576
-0.07560722432845045
-17.260646497110113
-0.36489599018280094
-0.762690596977059
-0.028644464681581005
-0.024102427904352908
-0.0009052178531936928
-0.006816747303151953
0.374967254256169
1.748317680064656
-96.16930933588199
====================
250
0
-3.7976706395301747
-0.0666302494019532
-35.5830806977121
-0.6243062567615655
-0.5113438229228109
-0.01540017483355098
-0.14340629934426374
-0.004318976749363387
-0.09120906425272768
-0.07066149685226038
1.8386260966468122
1.4244206231597991
====================
0
0
0.0
0.0
-5.029075822449158e-09
-1.0058043686970524e-09
0.0
-0.0
-2.1390806880116592e-10
0.00022949303966188588
0.0
0.0
-1.1222323190387675e-08
-0.01617555496405071
====================
50
0
0.15829858391321316
0.011169494179883067
0.9186995462051417
0.0648231271609185
0.4060120663310878
0.06304174368822764
-0.9635115815088158
-0.14960503689214305
-0.08876634510539638
-0.06879970767116714
-0.19680000222964633
-0.15253283896062522
====================
100
0
0.999817618370038
0.04295681496744288
-0.22800986810765522
-0.009796364391957108
-0.4320654195837026
-0.032244247665912606
2.376776413583011
0.1773744526926285
0.042062163813321285
-0.6452190021123166
0.6468999090839475
-9.92322020469862
====================
150
0
0.6374540419546477
0.01926041872418624
-9.031789983795296
-0.27289191920942424
-0.6373072233358243
-0.031161580887353
5.011808706415838
0.2450558799246834
-0.05516279396490886
-0.04389808679929024
0.4777919168627893
0.3802227829827554
====================
200
0
1.940567427515127
0.04649454180902169
-13.02173291312317
-0.3119909655138224
-2.377845174845067
-0.08398256704281372
2.9470017389245804
0.10408447687543336
-0.14111706238783084
-1.1960218041856991
-0.5894158640429066
-4.9955279198687546
====================
250
0
1.9268552960476057
0.037626164663220135
-15.307805611124664
-0.29891918492176767
-2.620566837987923
-0.07402110875127628
3.7656668940119147
0.10636585743287243
-0.09216577625918343
-0.07124676893454361
-0.20573166014618094
-0.15903643030939596
====================
0
0
0.0
0.0
-1.6842937622385534e-07
-3.368551287197501e-08
0.0
-0.0
-5.123655962404664e-10
0.000549832482241534
0.0
0.0
-2.396403326625483e-08
-0.033973960282231964
====================
50
0
-0.9319542932803042
-0.0610100220784978
-0.13711993151214052
-0.008976502505838715
-0.693124566165829
-0.09214552985880606
-1.6372241699331251
-0.21765624247119533
-0.05911902132571423
-0.04696836633474622
-0.45297360792100105
-0.35987453580445833
====================
100
0
-0.41082176307800466
-0.016625879186696033
2.0228182413827973
0.0818630723112145
-1.5006617329227687
-0.10397912537561196
-7.712844354565093
-0.5344141138215979
0.0956925713376444
-0.7928862698776883
-0.40733291134768823
3.375065254933068
====================
150
0
-1.500922849531321
-0.042552907595173425
2.6612195718782132
0.07544866850948521
0.13365392189434644
0.006809687391828307
-12.919655016972367
-0.6582583633078526
0.07568239458293191
0.06733924542248258
-0.39664941233671336
-0.35292319001292743
====================
200
0
-0.8772534847812423
-0.019667714613627433
2.091168088234916
0.04688325310988679
-0.0027041322579428595
-0.0001045434007134377
-15.547469858073669
-0.601074657749612
-0.1150551874658131
-1.277555460413
0.21325289235396017
2.3679279750564883
====================
250
0
-0.2975269543985064
-0.005561662051767689
-10.008808958863895
-0.18709435278710077
-1.0917488866368572
-0.032315395295087694
-16.44202886970538
-0.48667845589890396
-0.1656969283047256
-0.12136509794942356
1.3214482527010638
0.967897825656828
====================
0
0
0.0
0.0
-1.0631207025824096e-07
-2.12621857238993e-08
0.0
-0.0
1.696520736165226e-10
-0.00018200379278844852
0.0
0.0
-3.503097125471339e-08
-0.05064012329327502
====================
50
0
-0.5119764216934239
-0.03446387427239138
-0.6973738965734153
-0.0469439709994023
-0.11534835061756699
-0.01661053799994122
-0.2372093831379889
-0.03415892339561648
-0.06373686378083132
-0.050452015292731085
-0.051762883444794294
-0.04097380436120599
====================
100
0
-0.5258698409967622
-0.02118322441103706
-3.1411976433499937
-0.12653453271322582
-1.5872050482615183
-0.10932007977936374
0.7788990578914881
0.053647326312396514
-0.10607898340801387
-1.3082825078720028
0.06453240443576955
0.7958844740197691
====================
150
0
0.8799428533167983
0.02675325552825674
-3.8246987187608923
-0.11628384929307198
-2.644894424702507
-0.1180462637251797
2.4220817758206827
0.10810174553740058
-0.2955386856442588
-0.19766909397238408
-0.02815218138860187
-0.018829400206271267
====================
200
0
3.9839864835458414
0.10024500606061598
-5.212763166636535
-0.1311634658878035
-5.331302729955407
-0.17090401750333375
4.103164439817373
0.13153394634700674
-0.3795216028376088
-1.0705065605218624
-0.0074406963099700185
-0.020987775544576703
====================
250
0
6.3306648167741955
0.135074758462771
-6.913285089820569
-0.14750588456641978
-8.109009774265616
-0.19874326415963076
4.868678099418467
0.11932615751576951
-0.42580272446751155
-0.2619708030999197
-0.03703562140148753
-0.022785790048632102
====================
0
0
0.0
0.0
1.4949475346526242e-07
2.989862937404816e-08
0.0
-0.0
-4.331872412790602e-10
0.0004648421317613063
0.0
0.0
-3.234668247464225e-08
-0.0457879766030324
====================
50
0
0.46960035808381484
0.033854530433435906
-1.533984122415216
-0.11058831464401153
0.7248138420356076
0.11866847154638693
0.5201292489019096
0.08515695947584791
-0.021786408090797904
-0.017831856453560193
0.2536980049157511
0.20764810735933473
====================
100
0
0.7202048363839069
0.030551409106363177
-3.7070964022964183
-0.15725667624219208
-0.03858431227011039
-0.002973047886112962
0.009335450721874139
0.0007193271151311939
-0.007411376476255265
0.4313427137500301
-0.16486873593368476
9.595373841554574
====================
150
0
0.8616915482070269
0.026190161774816832
-2.7292442965747945
-0.08295236247706199
0.12432413771174566
0.006327589564477441
-1.6646005603232972
-0.08472135281522156
0.016674909513461733
0.014091779186264232
-0.3900006080075339
-0.3295851438422604
====================
200
0
-0.31434644938558876
-0.0071393043104198166
-6.4596080811789065
-0.14670790113176793
0.4526291028409162
0.017801550503829672
-19.212345108028362
-0.7556065873602843
0.20713118475014447
-0.8938676521538402
-0.7866123098821817
3.3945989322556813
====================
250
0
-0.5011042890040684
-0.009333905520344995
-10.817807329220855
-0.20149975516857588
2.8270482727233066
0.09459823391691224
-32.666853118647126
-1.0930929770330267
0.09184597592086274
0.08288326620412026
-2.336081373800737
-2.108116903739409
====================
0
0
0.0
0.0
-1.0937370120700507e-08
-2.1874500976242636e-09
0.0
-0.0
-8.804858356150533e-12
9.433576379688478e-06
0.0
0.0
-1.1479805945813216e-08
-0.010163437480068946
====================
50
0
-0.07558581443606194
-0.005242077809203693
-0.3897454648273335
-0.027029887388954208
0.1991939055841998
0.030045447354769966
0.060296716144426554
0.00909486565499912
0.027317267471617335
0.02330301445142421
0.029555944507482446
0.0252127194895668
====================
100
0
-0.37396214312794385
-0.015156792902139057
-1.6390937155550986
-0.066432938334527
-0.8002901176685704
-0.05827928988604149
-0.01014884490052026
-0.0007390663222094697
-0.0929149406277518
-1.3680165049739754
-0.016437950864725173
-0.24202122865242132
====================
150
0
-1.0656970156462506
-0.03059123304776707
-3.530073878547764
-0.10133209637356796
-1.9101730771533845
-0.08814469815502428
0.44858572257559715
0.02069993216112344
-0.08401915273261396
-0.06545588522496328
0.06285624885369923
0.04896873244762443
====================
200
0
-0.34892582816445383
-0.007916569211893603
-5.629399094521368
-0.12772206571118377
-2.445129316644696
-0.08637414530368522
2.587650441235258
0.09140870124329593
0.012887116797099779
-0.34018565938041495
0.2704786473961795
-7.139917986426522
====================
250
0
-0.5600865537753279
-0.010418551201796286
-7.623488622721048
-0.1418097006913531
-1.3258629165549891
-0.03897495920404882
5.723819596963061
0.1682569385548677
0.05106818858155493
0.04446464114180645
0.40470908948896267
0.35237679132119387
====================
300
0
-0.12336234561711734
-0.0019495503087409583
-10.137095992780694
-0.16020106073372292
-1.5496587714620915
-0.03841030809886241
8.371300840662535
0.2074935788442892
0.0374492064116667
-0.5997180458250269
0.30384535983606364
-4.865831959982948
====================
350
0
-0.6418214289161881
-0.008759934824549395
-13.514263937679388
-0.1844501694119796
-1.4326948828871267
-0.030445999262960283
11.045032405972407
0.2347164441698516
0.01615492082530534
0.01365098140661926
0.27049661012266024
0.22857086303721838
====================
400
0
-1.7996935910376948
-0.02132814008809367
-17.50703819495061
-0.20747563085681534
-1.4511646173440838
-0.02728874783542329
13.996250452530681
0.2631956048787658
0.1793419247191873
-0.877675447375557
0.49448678191640427
-2.4199523241391154
====================
450
0
-2.874009057619716
-0.03027582182908293
-19.05566224425236
-0.2007390454851186
0.5358476706926965
0.009235546979032888
16.38239497617961
0.28235707031438884
0.1909176406150075
0.18927794892191596
0.40328305492909355
0.3998194678399085
====================
500
0
-4.458538918795128
-0.04187698007170799
-21.904803490411965
-0.20574161983328695
1.7058379461271898
0.027097056517165145
19.25616507559677
0.30588215870208
0.15467270712265496
-0.8608797584810483
0.3543161586195402
-1.9720583853002571
====================
0
0
0.0
0.0
-6.067580748947421e-08
-1.2135030893215692e-08
0.0
-0.0
-4.2378080195660703e-10
0.00045472895447007877
0.0
0.0
-3.447911735347617e-08
-0.04928347963968215
====================
50
0
1.605288946559961
0.12602178154938876
0.9963447591281405
0.07821715950377342
0.060095935111853294
0.00887831680296336
0.051347108553678744
0.007585802530690515
-0.2568397947373813
-0.17635015405999163
-0.18282553612932095
-0.1255308255306506
====================
100
0
3.7517393844443774
0.1825911314142285
1.3620231711084116
0.06628748064330461
-1.8645329104370703
-0.12601424490739793
-0.9111591703217314
-0.06158058900211588
-0.2105804972946545
-1.1346900697918378
-0.11142192183166176
-0.6003848878873284
====================
150
0
20.525055660346528
1.5495351278290384
10.85701222905433
0.8196480492226399
5.44497879708986
0.38035010147613774
12.222582686732792
0.8537885524336561
-2.7287301522180174
-0.6946321152236228
-2.244680796857498
-0.5714113462833877
====================
200
0
42.230602926693855
28.231340283399575
18.13642788075113
12.12428029776427
13.892876751462328
1.1605890137177117
28.230515026816683
2.358332703719376
-2.7783295334797313
-1.0090785753117306
-1.829679600461378
-0.6645325769539329
====================
0
0
0.0
0.0
-9.746843332436583e-08
-1.9493476963278926e-08
0.0
-0.0
-5.463874725118881e-10
0.000586342218293466
0.0
0.0
-3.4523078446022896e-08
-0.048943584867960015
====================
50
0
1.2996221757755926
0.09963483711875401
0.8685517632506734
0.06658705512549677
1.1453152116331902
0.20151142679563386
0.9211029659984327
0.16206261037898495
-0.0033635104822493656
-0.002796067621210322
0.06705788109889932
0.0557448448807014
====================
100
0
2.289476543595921
0.10402229879510229
0.9241783949404763
0.04199001793985777
1.3587207677217261
0.11740483548353173
1.9759177813554665
0.17073581824910686
-0.00199260273300203
0.08662087101502243
0.12825464435310197
-5.575385811526085
====================
150
0
2.5059977621381897
0.08015345045029437
2.7501051790630164
0.08796113968395879
1.3933776182943944
0.07586184837433946
-1.2348191197551799
-0.06722919874891436
-0.09277801878774783
-0.07178973705230157
-0.12878594703429047
-0.09965193689654755
====================
200
0
2.7158788532320415
0.06622382582792338
0.9446826181821351
0.023035083871546777
1.1873797686917271
0.04811873808864803
1.8821573702041263
0.07627470159632165
0.24770293060382959
-0.9083373813609739
0.3910244665988581
-1.43390366505816
====================
0
0
0.0
0.0
2.7832134819050225e-08
5.5663672229611495e-09
0.0
-0.0
-3.111479282937007e-10
0.0003338164435946609
0.0
0.0
-2.2149652812862663e-08
-0.0319623821038865
====================
50
0
0.10639221250066733
0.007492456380665791
-0.1992020202861049
-0.014028399380497717
0.2897150885446642
0.04396420322465728
0.22309640496823313
0.03385483212484372
-0.07524225597324397
-0.058771756337968585
-0.04288057948238122
-0.033494037843117996
====================
100
0
1.7618573989222668
0.07842089662432224
0.029782120400060563
0.0013256127235807646
0.21388146957268717
0.016680475041326415
1.3297165246017375
0.10370371657241982
-0.02450028101601031
-4.9724809450238405
0.08757427487444805
17.773731362628453
====================
150
0
1.5851825881334207
0.04941615255136049
1.3723224496557052
0.042780494833529706
0.45978405265612565
0.023631218833062746
-2.4316914803475242
-0.12498004916574189
-0.12155539693587869
-0.09163215655069151
-0.17626494855851527
-0.13287388110980794
====================
200
0
3.281313922637338
0.08141342768164665
-0.7579175381114567
-0.018804864798822405
-0.4638306213375216
-0.017478711843145135
2.478557463597756
0.09340045633032319
-0.08852337516049802
-1.2838728111979523
0.10265636849756447
1.4888465354081235
====================
250
0
3.9325534920596326
0.08011237757627009
1.311081430440531
0.026708816752465267
-0.9901496250318687
-0.029170537721498403
-2.3422113698821505
-0.06900327323223567
-0.1577988085591966
-0.11578999962324411
-0.10282883387328123
-0.07545399578209899
====================
300
0
5.757733368711172
0.10068604105162673
-1.1786930607753092
-0.0206119197094838
-3.163506670908724
-0.07483431732293634
1.297178448085539
0.0306853987384268
-0.13497789701213614
-1.1696039350010574
-0.016887847951031223
-0.14633576203554063
====================
350
0
6.8897499522879855
0.10520649823079646
-1.0772493116475488
-0.016449599562367006
-4.601693311902963
-0.09095704945187105
0.12660508260201908
0.0025024754972920935
-0.20729081383448955
-0.146775994801301
-0.09688739565556337
-0.06860286579031454
====================
400
0
8.680794590719756
0.11791503150572394
2.090080951408396
0.02839048414972347
-6.178663676585522
-0.10593409507709341
-5.20346376861049
-0.0892141496037561
-0.14777723036018436
-1.1526714273941048
-0.2966624776164748
-2.3139854542881357
