====================
0
1
0.0
0.0
1.1832772495168342e-07
7.65803951563985e-08
0.0
0.0
-2.0612755946558536e-10
-4.334710045933333e-11
0.0
0.0
-9.420503597671754e-09
-0.013726398052734148
====================
0
1
0.0
0.0
-9.79152143809614e-08
-6.33696501640478e-08
0.0
0.0
-1.8241497201643142e-10
-3.836051878614065e-11
0.0
0.0
-1.2092408578943153e-08
-0.01746477003272942
====================
0
1
0.0
0.0
-9.79152143809614e-08
-6.33696501640478e-08
0.0
0.0
-1.8241497201643142e-10
-3.836051878614065e-11
0.0
0.0
-1.2092408578943153e-08
-0.01746477003272942
====================
0
1
0.0
0.0
-1.607537178927032e-07
-1.0403803064361425e-07
0.0
0.0
-2.98046032298771e-10
-6.267687512055865e-11
0.0
0.0
-1.2680264254048775e-08
-0.01836471283451149
====================
0
1
0.0
0.0
-1.6038898831283177e-07
-1.0380198698059069e-07
0.0
0.0
-3.2436453523132514e-10
-6.821146153540431e-11
0.0
0.0
-1.1984762095326406e-08
-0.017337187962040784
====================
0
1
0.0
0.0
-1.2737000898432882e-07
-8.243245827184809e-08
0.0
0.0
-2.745359495293087e-10
-5.773287868343561e-11
0.0
0.0
-1.2409350220237475e-08
-0.017991068214337606
====================
0
1
0.0
0.0
-6.958358200748194e-08
-4.5033727573137995e-08
0.0
0.0
-1.1665335364341445e-10
-2.453133706200534e-11
0.0
0.0
-1.1918684640344792e-08
-0.016871522186517433
====================
0
1
0.0
0.0
-1.7191959655882272e-07
-1.1126445727882353e-07
0.0
0.0
-2.467626103452858e-10
-5.1892350965761296e-11
0.0
0.0
-1.2809132363160712e-08
-0.018192619903678486
====================
0
1
0.0
0.0
-2.4995466838539926e-06
-1.6176789079826703e-06
0.0
0.0
-1.870820209859403e-08
-3.934196464692164e-09
0.0
0.0
-1.300657430982937e-07
-0.1847304375963893
====================
0
1
0.0
0.0
-4.6867444585263485e-06
-3.033209416791753e-06
0.0
0.0
-9.496623931681825e-09
-1.997069739890649e-09
0.0
0.0
-1.5320058522081289e-07
-0.21670383347929978
====================
0
1
0.0
0.0
1.7408310704070118e-07
1.1266467042346805e-07
0.0
0.0
-3.185629537938439e-10
-6.69914318867125e-11
0.0
0.0
-2.0086077914205863e-08
-0.028382593862882638
====================
0
1
0.0
0.0
-8.751755875557876e-08
-5.6640398978622094e-08
0.0
0.0
-1.921707237784176e-10
-4.04120811894002e-11
0.0
0.0
-1.2038208953313935e-08
-0.017055775696757352
====================
0
1
0.0
0.0
7.095185283745309e-08
4.591926081213345e-08
0.0
0.0
-3.4022562545033e-11
-7.154693144431919e-12
0.0
0.0
-1.0559111833244377e-08
-0.015496343654951198
====================
50
1
-0.001867491627622897
-0.00017224795486208815
0.048251727850399107
0.00445049461955157
0.5919414813465433
0.053529557998145794
-0.1230965904366137
-0.011131684946561636
-0.018595656581321895
-0.01517701824012916
-0.14935125994143883
-0.12189442122706469
====================
100
1
0.38136496430542977
0.01872125223739594
-0.5329877908162146
-0.02616443513497842
-1.3989358058663832
-0.07277740098691364
-1.7065945160594502
-0.08878285400694742
-0.22239893070999267
-1.0876409515394783
-0.23382532527562525
-1.1435216818035816
====================
0
1
0.0
0.0
8.804487672264827e-08
5.698167344293427e-08
0.0
0.0
-2.3243629243552277e-10
-4.887963232110076e-11
0.0
0.0
-2.098536405403874e-08
-0.02951101297234726
====================
50
1
0.19804095417435796
0.018838635753689947
2.297172927135561
0.21851845855804217
0.6133774456018237
0.05472678856236523
-1.9240425861838926
-0.17166700952911465
-0.0728201505876176
-0.056100767559296084
-0.4852082215313971
-0.37380523707157726
====================
100
1
1.849528822920007
0.09913402720558946
2.963989193458083
0.15886867060414292
-2.2944252984908395
-0.1120784444436618
-7.149467862546201
-0.3492383200103253
-0.3104102034879987
-0.9979809880649937
-0.4309577187532203
-1.3855459812299722
====================
150
1
3.1460803326366467
0.11803290338392175
6.265781721380002
0.23507613612795955
-4.2816664929740185
-0.14500215298482275
-14.423713341638665
-0.48847090075920346
-0.30590455620496293
-0.19979286053770634
-0.9959854458855898
-0.6504995667801581
====================
200
1
5.004121518429159
0.1446609260656201
9.341637446706201
0.2700513804536868
-7.865599332766642
-0.1992903692107023
-28.225898943757386
-0.7151584493214701
-0.2522901783723235
-0.9975170236720519
-1.2806484561824871
-5.063489370149426
====================
250
1
6.879822252141302
0.16376497786416178
13.354067865431176
0.31787574565581
-9.32090146236768
-0.1942146184227282
-39.01311244544917
-0.8128952738817199
-0.28602494246253496
-0.1892664548379631
-0.6709984833886563
-0.444008494711106
====================
300
1
10.133526552563424
0.2087128301371916
15.17441460410496
0.31253631213871097
-13.501857248945988
-0.23068444306446467
-49.1239191037126
-0.8393011206268227
-0.3827653630563096
-0.9983620221377808
-1.8535688090854872
-4.8346399204827435
====================
350
1
13.51894629548515
0.2482315543679187
2.7880049774130526
0.05119265910242304
-16.53395358548805
-0.240910507677233
-67.9937191247447
-0.9907129174224009
-0.4563587373839444
-0.27138966034382356
-3.9336094667788633
-2.3392582406419877
====================
400
1
17.85680883853903
0.2980157108532291
-15.053244461263311
-0.25122648673310505
-20.201927596893775
-0.2568426395823506
-75.71772579182431
-0.9626576702777122
-0.461629735603811
-0.9986414725163135
-4.087625903415304
-8.842742216211747
====================
450
1
20.480969698701756
0.3075736859756748
-33.634872293641685
-0.50511288287938
-22.3727145067856
-0.25453874986932384
-85.46136277703941
-0.9723106436994342
-0.33335350109013473
-0.21388591889189698
-4.293959013621627
-2.755085416259889
====================
500
1
23.86203024386701
0.32686095134552967
-51.14973440951978
-0.7006466205642276
-26.397243864034365
-0.26860463848719107
-92.39796730631004
-0.9401937085968801
-0.3518172104850862
-0.9982181915827223
-4.390095543888597
-12.456108183717213
====================
0
1
0.0
0.0
-2.048761207351646e-07
-1.3259355418665964e-07
0.0
0.0
-5.266613811727439e-10
-1.1075299128235463e-10
0.0
0.0
-2.4419890063995114e-08
-0.03479146800826008
====================
50
1
-0.7999714067246799
-0.06895448233427338
0.7547934142354809
0.06506031179416738
-2.3680097193030623
-0.16830412910601156
-2.881007826544856
-0.20476500127581557
-0.25356351375648245
-0.17298785413080664
-0.3920799764232019
-0.2674875133424948
====================
100
1
2.125120191604573
0.11453785030683306
3.630988365087447
0.1956998025190396
-5.523600663223494
-0.23551239538271307
-8.300508569903844
-0.35391274195625083
-0.31466619049274236
-1.040856619510372
-0.41017642546189437
-1.35678652651106
====================
150
1
5.1267568185570696
0.20558695431097335
6.471103006059078
0.25949628685971204
-7.440252042107435
-0.2302170287129435
-11.050857390598896
-0.341936743378594
-0.2974219719668836
-0.19701432629618423
-0.3776190264490571
-0.25013739771978116
====================
200
1
7.813772868162239
0.24321005397644274
7.676483742059062
0.23893681794395163
-9.915530795912304
-0.24171349361994374
-14.333608590019416
-0.3494141342289742
-0.19150167665036086
-1.068945272796416
-0.18453536854299946
-1.0300599624928246
====================
0
1
0.0
0.0
-4.313722778981344e-08
-2.7917939829283206e-08
0.0
0.0
-2.7712232508747547e-10
-5.82767743238761e-11
0.0
0.0
-1.1590646189282827e-08
-0.016725695592394334
====================
50
1
0.5381187649433965
0.051989908332886525
1.7534099649229749
0.1694042826324856
-0.09500956345096867
-0.00813491761756971
-3.259791800475492
-0.27911019463827463
-0.14952002083342752
-0.11082948435667349
-0.6005359835496112
-0.44513833681563597
====================
100
1
0.8771497885902662
0.04393020409786446
2.875811129345859
0.14402895777027566
-1.7560694640943169
-0.09031874239942052
-12.555279178752357
-0.6457472492316154
-0.09123998785495127
-1.3773396388267654
-0.7249721843129288
-10.944027393870742
====================
150
1
0.5689844499346783
0.019127388844208965
2.5152906241478057
0.084555811375498
-2.7146374562973996
-0.09969070196160448
-16.522780626021557
-0.6067725895200475
-0.14414679203065495
-0.1072739119746946
0.010736001166522291
0.007989722337024373
====================
200
1
1.0409962830493384
0.026535331867159454
-3.9269760244134204
-0.10009988867294525
-3.496597456683112
-0.10249354749857312
-10.51184156964468
-0.3081269567237731
-0.016147068494072478
1.8246755938530215
1.0226650850342762
-115.56475542496655
====================
0
1
0.0
0.0
-1.46289558466961e-07
-9.467697986707177e-08
0.0
0.0
-3.227338396527557e-10
-6.786853832246082e-11
0.0
0.0
-1.1930920910082245e-08
-0.01730944799078549
====================
50
1
-1.336640883728288
-0.10933483051542459
-2.5723429772405417
-0.2104130487612027
0.7869818833396884
0.07288733930272144
-0.7345421403261021
-0.06803056505811156
0.16126459438899055
0.1553137427336755
0.02617996069983297
0.025213889609914185
====================
100
1
-1.4604486281131948
-0.06547777367815531
-3.4937242908311106
-0.15663768242533663
2.964634660277408
0.20137008209272508
-5.094921518980907
-0.34606785729111555
0.30816339697528417
-0.9249718241774695
-0.31598269038817434
0.9484419253085262
====================
150
1
-3.603362314882194
-0.10623291444663349
-3.342409467191917
-0.0985396049426757
7.249562190700363
0.41986534551760607
-13.359895464550856
-0.7737511559661283
0.2640995779655304
0.28231449431875266
-0.830607453611061
-0.8878943504945656
====================
200
1
-4.784302656333921
-0.10618599385593272
-4.09647029380325
-0.09091978511704817
8.909389021285975
0.41039492005493494
-17.620432448730057
-0.8116534084271232
0.2871125644453281
-0.9199113936921718
-0.7713069655803444
2.471274871032695
====================
250
1
-6.485491454683711
-0.115340467830873
-14.19148644326664
-0.252386838687415
11.104045158110214
0.42150736388017257
-30.05853718846062
-1.1410161424954477
0.09833613936818209
0.08929554650134724
-2.627207513812207
-2.38567359086515
====================
0
1
0.0
0.0
-1.9869387712923015e-07
-1.2859247488895122e-07
0.0
0.0
-2.984625879776104e-10
-6.276447369320614e-11
0.0
0.0
-1.2327757618711373e-08
-0.01750893052420234
====================
50
1
0.024234253132632944
0.0022306254019812816
-0.7429321940140916
-0.06838269018845851
-0.04998220712912271
-0.004296144209986162
0.5605376799604507
0.048180159431935723
-0.12131481436464364
-0.09184292685379788
-0.031108597957924866
-0.023551160686658752
====================
100
1
1.0413828699925602
0.052588023181258714
-1.3735286558064992
-0.06936080751183407
-1.64761434565861
-0.08521598563803556
0.6015633561319333
0.031113357595836985
-0.19630491420055557
-1.1459141373197672
0.02708486922931269
0.15810574423836163
====================
150
1
3.0037971384145017
0.10997967741473341
1.0224918187338403
0.037437055567243874
-2.453130302985013
-0.09096080664925807
0.3143511979023472
0.011655980319335183
-0.22803962678607803
-0.15973420175104072
-0.8881839890485416
-0.6221434515493837
====================
200
1
4.89663606073259
0.13842106721115577
-0.6221152505048764
-0.017586329846686
-5.386413953570379
-0.14960137341386173
-19.002936257803878
-0.52778441975837
-0.354667239891576
-1.0758221082166686
-1.7651062793703851
-5.35414649314452
====================
250
1
6.860802111201316
0.15998955708188659
-0.9277078976446518
-0.02163356022223869
-8.19399028830496
-0.17952862229743752
-32.070658000282265
-0.7026614438609503
-0.3627914719762224
-0.2322056937193674
-0.5150415438170008
-0.3296537769337616
====================
0
1
0.0
0.0
-3.301769713193181e-07
-2.1368687346731476e-07
0.0
0.0
-6.014300168999398e-10
-1.2647628210181345e-10
0.0
0.0
-2.481938897616215e-08
-0.035313947098618355
====================
50
1
0.16045464979680268
0.015088203793319982
1.6435120358189188
0.15454612605252271
-0.0650768893539393
-0.0055263986309484
-2.237954577271015
-0.19004948200104135
-0.06486759695321087
-0.050755626330909596
-0.4514639561808056
-0.353247799179539
====================
100
1
1.290848747480883
0.06662213279205188
2.4999202949671044
0.1290236537672362
-1.812050414148164
-0.09170258163362495
-8.714814042304564
-0.44103129796859525
-0.049715463078771546
-1.297734396294221
-0.5260345009974036
-13.731201990418338
====================
150
1
0.4457290843300612
0.015058843189868798
4.303392517933318
0.14538901631113937
-3.139071996094458
-0.1119330111957508
-15.89489716523678
-0.566780151766299
-0.06937239451637134
-0.05408974914422989
-0.6757110669765124
-0.5268528261355343
====================
200
1
1.3839168498312588
0.035915484775149796
5.10293502742342
0.13243164523096249
-5.086032983935034
-0.14038712347982127
-23.869720805219064
-0.6588634900119144
-0.09410082359546912
-1.1379293024859434
-0.9449411566223719
-11.42685249884816
====================
250
1
1.8915501024194086
0.039903319743870624
0.49856335828624765
0.01051747615504765
-5.516087977093534
-0.12646999578073112
-28.683144341369566
-0.6576322130638853
-0.10630844050860433
-0.08056853377069656
-0.029020487317931387
-0.02199390849240784
====================
0
1
0.0
0.0
-4.030818430145189e-07
-2.60870100905648e-07
0.0
0.0
-6.718474665490248e-10
-1.4128455068957173e-10
0.0
0.0
-3.6731383176738e-08
-0.052169036412851436
====================
50
1
-0.9605131506050455
-0.08106226824095462
-0.9942351962691394
-0.0839082318902129
1.0053159456283272
0.09503025593855657
0.6054121612352681
0.05722825036316732
0.13479099363906388
0.12658942545298008
0.11949564130462265
0.11222474268120271
====================
100
1
-1.8823943514179895
-0.08282839077411491
-2.079497470879815
-0.09150124627290195
2.926783834987422
0.19828927695884851
1.9202735982614882
0.130098321171052
0.2515261529513072
-0.909604888646966
0.22875820593174118
-0.827268178645038
====================
150
1
-3.518687163430876
-0.10399617241270412
-3.543744808060268
-0.10473676087939623
4.517240450361776
0.2258764502904778
2.1731931692365656
0.10866659949955865
0.12275244093418447
0.11399454938976165
0.04516628200323747
0.041943849958393196
====================
200
1
-3.975427062096493
-0.08984626103585178
-5.056566108327189
-0.11428044117459361
5.268101187555025
0.20780974228319604
3.707367985678694
0.14624380933928557
0.15699945451898395
-0.8626546035011657
0.2149773974574745
-1.1812222031826607
====================
250
1
-5.778575570648712
-0.10407687129086572
-6.790503016925101
-0.12230251207278232
8.472875120844563
0.29242190013276176
5.334094365303059
0.18409406341325843
0.3267483486390793
0.374354494765751
0.3257031246787142
0.37315698515559
====================
0
1
0.0
0.0
3.751142256813722e-07
2.427698042618508e-07
0.0
0.0
8.340883539403876e-11
1.7540260876989997e-11
0.0
0.0
-3.0534371839509094e-08
-0.04401185905126658
====================
50
1
-1.1137751206223676
-0.09279649260845832
-1.4226039319687516
-0.11852720788370141
-0.3809413987230972
-0.03183755124920886
-0.651045317445357
-0.054411751332888794
-0.025781815489365867
-0.021040172374574215
0.09555956075352712
0.07798479634307011
====================
100
1
-0.9479750518345433
-0.04350101628978718
-2.6506546722336317
-0.12163418420378523
-2.8014908123541495
-0.13673516478803727
-4.810920586604139
-0.234811414083738
-0.14392500378212003
-1.2101798410164495
-0.6319757363285575
-5.313908466343635
====================
150
1
-1.03765739573252
-0.03309516279279413
-0.8335720784141678
-0.026586042510851893
-4.702709123022043
-0.16094878187721678
-11.903661770374054
-0.40739918453406704
-0.2381155276652931
-0.16562310214718842
-0.8729835692524427
-0.6072104926577994
====================
200
1
0.19549871325629198
0.004878190476584208
1.2629459021651144
0.03151371469287473
-7.395250593617739
-0.19454046706353192
-16.93325313485947
-0.44544845804191485
-0.156179005290005
-1.1905465672108009
-0.6477482368977475
-4.937759966030561
====================
250
1
1.99959810638763
0.041881647305321734
6.693262527096579
0.14019060109443976
-8.362537306072042
-0.1825473463559598
-26.56449998083217
-0.5798812969423519
-0.27115223375484576
-0.18436551570806878
-1.661406183138829
-1.1296458949030892
====================
0
1
0.0
0.0
-1.6200588426329432e-08
-1.0484836280269727e-08
0.0
0.0
-4.424904886946024e-12
-9.305247546788608e-13
0.0
0.0
-1.153813365904792e-08
-0.010374009606906553
====================
50
1
-1.9267568335507121
-0.15092113535493382
-2.002228450802633
-0.15683275947085426
-0.24861787638653254
-0.02089411460474463
-0.09579983695033967
-0.008051121670930153
0.028614533206129833
0.024289565116008136
0.06277599246633914
0.053287661404399084
====================
100
1
-2.5185562414882128
-0.10823010244933734
-3.2464993832037017
-0.13951205657342142
-0.5816461770345676
-0.031602321910669015
0.209214477915463
0.011367156770746007
0.170837985373061
-0.9051461981938395
0.27357279284045766
-1.4494632023906913
====================
150
1
-4.5892074749433185
-0.13200881507637083
-3.6165418022733746
-0.10403003145944438
2.25302006795334
0.1002833995946395
0.8771200877031546
0.03904118986721886
0.19288037315413242
0.1902561983701734
0.21196825250924856
0.20908438343465832
====================
200
1
-4.676872299574953
-0.10447841258970714
-4.121047524302554
-0.09206163349489016
3.78016492970702
0.13942472402065245
3.178835552107138
0.11724574927314793
0.17417479994561758
-0.9067940196093508
0.26595553400812705
-1.384625604828484
====================
250
1
-6.69174439937543
-0.11906543332938685
-7.322962063742175
-0.13029661614922147
3.831671445832953
0.1128385783902409
4.323415824382437
0.12731991829407338
0.08814891527262292
0.0788082251106974
0.21980652262576106
0.19651474850616318
====================
300
1
-7.437416112677653
-0.11123889225803205
-10.555261809673901
-0.1578714453263138
4.633050315020029
0.11780261144727049
8.048849288177827
0.20465468769439712
0.20177063689326774
-0.918502751074263
0.44031096668732783
-2.004388946070541
====================
350
1
-9.37577160631784
-0.11986170939814543
-12.95178488793222
-0.16557816696158925
7.223242213264207
0.16553871822807426
11.108368439084764
0.25457613336495005
0.11940269749698729
0.10981875708278761
0.36674539846778864
0.33730832443362885
====================
400
1
-9.774704368075888
-0.11040815812685716
-17.125176967412727
-0.19343390606714636
7.300397295394966
0.14679829095193536
14.570342007256002
0.2929842334196764
-0.012831977290136593
2.5305618058338863
0.27469781976951774
-54.17246267953632
====================
450
1
-9.566113043554921
-0.09786583237419379
-18.24846892990972
-0.18669041367679243
8.881106533403326
0.16133937034698217
16.501461472067447
0.29977519059081875
0.006958316656888064
0.0057999751708182595
0.2599463131097639
0.21667340480831948
====================
500
1
-8.894407373688253
-0.08313505043203032
-20.11431588474575
-0.188006304999128
9.265395042493928
0.1523036066227403
18.862219294673643
0.31005521235871464
0.01069221873606738
-0.37391920123166805
0.20736326321244095
-7.251732092202442
====================
0
1
0.0
0.0
2.3230574774935064e-07
1.5034572246973696e-07
0.0
0.0
-5.233848909824701e-10
-1.1006396963978216e-10
0.0
0.0
-3.1569567350792106e-08
-0.04465548389609012
====================
50
1
0.06804922030729443
0.006290364053124513
0.004287394497167085
0.0003963200769201576
0.5136004161517054
0.04637874843385577
0.42411142151568804
0.038297782298897284
0.08347363217056203
0.07476547796179057
0.10019127276838447
0.08973909726154379
====================
100
1
0.011422027344686114
0.0005484009383815211
0.48077565009010925
0.023083276698953416
2.157882562119818
0.13889427496899995
-0.11833138562866274
-0.007616518295057085
0.2737240591239131
-0.9174488016128559
0.12173847101866833
-0.4080343346643776
====================
150
1
7.304080696891823
0.3175030616395276
6.844968986522357
0.2975458103814882
8.496849867785343
0.5300702999600769
10.269087600695997
0.6406301664167228
-1.2822779719626038
-0.5165841989028072
-1.172984480459185
-0.47255373749889634
====================
200
1
16.448940530776863
0.6907506793844871
11.188834287278535
0.46985973783522916
13.67061372282754
0.8059415273194447
19.586581146027992
1.1547132735845484
-8.243663100042353
-1.0029966343747247
-8.041818118368965
-0.9784383967530546
====================
0
1
0.0
0.0
2.7207451802624405e-07
1.7608363069654755e-07
0.0
0.0
-1.8766055376318036e-10
-3.9463625810352486e-11
0.0
0.0
-3.148785457682925e-08
-0.04515293441819765
====================
50
1
0.21243879936153576
0.019984166979019388
-0.046526910515389375
-0.004376797230787704
-0.2568998698804119
-0.021582226947518816
-0.1900077728914642
-0.015962603944661907
-0.07791015933973955
-0.060670043613761514
-0.05917986637352213
-0.04608442729890288
====================
100
1
1.6559459969037356
0.08669243968464092
0.21810550557125907
0.011418306165767837
-0.870279929562578
-0.04657462505425398
-0.10909979781177981
-0.005838675584685181
-0.14969523222654263
-1.1394847186725339
-0.10712737066182178
-0.8154568452519483
====================
150
1
3.1663759299897123
0.11719839647801711
2.479229260993314
0.09176474945308842
-1.8031462174276065
-0.06801597384349779
-2.593805583737762
-0.09784021452808728
-0.10244526471595305
-0.0782803530427435
-0.14900874183044377
-0.11386038143670041
====================
200
1
3.254065432224742
0.08831989892799597
0.19292607332118195
0.00523628416551309
-2.815802447959676
-0.0835740452428993
-0.04600867592561997
-0.0013655543080303195
0.10184470051500684
-0.8475126409196392
0.22824946030288956
-1.8994047006037413
====================
0
1
0.0
0.0
1.7008414299191088e-07
1.1007658357420141e-07
0.0
0.0
-4.0966963155142366e-10
-8.61504920517952e-11
0.0
0.0
-2.019022851726815e-08
-0.028952371521668577
====================
50
1
-0.22591319805592036
-0.020326027733682615
-0.2559488486267618
-0.023028417287528
1.0013391467000297
0.09461877488105869
0.8320256593773383
0.07861996489334541
0.12325597568750024
0.11451571485493826
0.12675078558793484
0.11776270269303764
====================
100
1
-0.6470836825208224
-0.030109338970090094
-0.6866475093063968
-0.031950276554855196
2.424332545259549
0.15884115770350726
1.1326220609358018
0.07420887854323395
0.1641490425531688
-0.8678458708682916
0.10633250611143061
-0.562173406146992
====================
150
1
-3.744989470990159
-0.10994923131955858
-1.5244313537653156
-0.04475581489461842
4.259568826377361
0.21028269941045735
-1.0507536287884989
-0.05187269380616987
0.13586230730607407
0.1277240682867754
-0.03194753762266278
-0.030033859705611517
====================
200
1
-5.278460206618959
-0.11588269507674513
-3.66687479520791
-0.08050213834042741
5.406757185296609
0.21445225446746577
1.3939996809359627
0.05529125204967851
0.21881102807522707
-0.8974750286631518
0.012727710800731373
-0.05220396209543673
====================
250
1
-6.9050604927324315
-0.12189271056145946
-1.1640124791025457
-0.020547920811773757
8.281269965898694
0.28393153244342445
-5.104540866160853
-0.17501423290357038
0.20202549907316714
0.20252083321273157
-0.2991387547215718
-0.2998721949969834
====================
300
1
-8.283910706054485
-0.1218526711435424
-4.099650189390687
-0.060304045282172675
10.263918828022575
0.30835061921103557
-0.8566400882068024
-0.025735345930288634
0.30391655364482956
-0.9240031509624717
-0.032624861911890735
0.09918997450047394
====================
350
1
-9.744157951011758
-0.1234761623347298
-3.911990222786798
-0.04957201455776316
14.000411173901476
0.3848483554248055
-2.02564743504157
-0.05568172779806886
0.1512609070165598
0.14428904103499615
-0.23180545147526843
-0.22112115390389067
====================
400
1
-10.193522332595052
-0.11412344695343886
-2.226785691684796
-0.024930387207673956
14.152764400341098
0.3343482124500459
-7.976500851916555
-0.18843871953243935
0.1813828370774045
-0.8788814661116681
-0.31646952409304563
1.5334372523672837
