====================
0
4
0.0
2.4419769960864605e-08
0.0
2.4419769960864605e-08
0.0
2.0486313910115808e-07
0.0
2.0486313910115808e-07
====================
50
4
0.02865148927838801
0.02624845608355386
0.007318261400203863
0.0024030331948341477
0.3767978284062345
0.3765270310084789
0.22306653285810257
0.006429735163336789
====================
100
4
0.057544801475596596
0.05350402458298875
0.07144245740223987
0.004040776892607845
1.2076563215608551
1.1063858297855287
1.0459722323355116
0.10137622771215864
====================
150
4
0.03359462041051864
0.0387077681007606
0.015818115051486448
0.005113147690241959
1.3368087873696903
1.3091012398411277
1.7737442984515361
0.03879745081128571
====================
200
4
0.061367437091356794
0.06447759979619024
0.058969906640380126
0.0031101627048334417
1.660103902806958
1.2857151715024038
1.3859741743848486
0.4594805796920626
====================
250
4
0.01682796881840054
0.021174516262717935
0.08120190086425794
0.004346547444317395
2.2256391214265334
1.8157573323476885
1.5972060736909635
0.45779311013269763
====================
300
4
0.06182498415857163
0.06092981321284752
0.0881169780060711
0.0008951709457241108
1.325269738865931
0.951852644690504
0.44900462620358617
0.41780374486645777
====================
350
4
0.13199794647459995
0.12930980536573533
0.14671337203082757
0.0026881411088646168
1.0424326915389595
1.1863554719525444
1.4025384002115673
1.7143889993581747
====================
400
4
0.07187466768874373
0.07235977184794366
0.1480331980960308
0.0004851041591999315
3.300437237590824
1.9246574894947894
2.9147827772293153
2.5373598877567742
====================
450
4
0.02885030982901937
0.028048611681567248
0.15604407238246654
0.0008016981474521234
2.5725615237354176
2.1656107185965072
4.069569796423956
1.4860433914915072
====================
500
4
0.05434861368407473
0.056329737986520634
0.13384113565952482
0.0019811243024459024
1.539998459102009
1.8312462066743707
5.013947794553562
0.5289377531935247
====================
550
4
0.11568361332583321
0.11372203518699742
0.14689234181859012
0.0019615781388357956
2.6651594035885946
1.626841670373797
6.229736094715257
2.8995994239193523
====================
600
4
0.04171747702561825
0.03671769261541767
0.14481653224861246
0.004999784410200584
5.082270194136722
3.586980462324278
7.512510301226214
3.8606515784743705
====================
650
4
0.07553108291030997
0.07791630772113023
0.07167211151217612
0.0023852248108202634
4.06542278605979
3.4465923608656563
8.48753386526065
2.4722051201739097
====================
700
4
0.016559560347143787
0.018546725103893547
0.07875523076918167
0.0019871647567497597
2.777820798196944
3.4173156991414513
9.136073977103521
0.7375591039470356
====================
750
4
0.10821908377360834
0.1049641343250487
0.15908657400887583
0.003254949448559641
3.137425031397157
3.063842937884114
10.294219742193738
1.8277545128163373
====================
800
4
0.06121489570698977
0.05948168866840956
0.1755737878751492
0.0017332070385802124
5.663779342557563
3.7915982807972273
12.312369262917999
2.623597968212013
====================
850
4
0.035335354715611444
0.03859781179938082
0.1897990962992675
0.0032624570837693767
4.449900121060167
3.704605662309624
14.323024700088263
2.769062334294127
====================
900
4
0.051168733631766994
0.04685085707413128
0.21043946213251896
0.004317876557635714
2.2696783227921355
3.4345232478299708
16.156605425813964
1.7095956511044794
====================
950
4
0.13419616508974785
0.13626129116682195
0.2586555498213061
0.0020651260770740976
3.483445497105248
2.783160074939658
18.200934624329804
2.7646074863324803
====================
1000
4
0.044327789484454636
0.04621437735933168
0.2243519576654826
0.001886587874877047
6.162109700009083
4.587106783572518
20.992180600798882
4.323220742704843
