====================
0
1
0.0
2.3964103943715953e-08
0.0
2.3964103943715953e-08
0.0
1.6844639001765792e-07
0.0
1.6844639001765792e-07
====================
50
1
0.01166440284193615
0.013094882765096738
0.04344215163688436
0.001430479923160588
0.7116645632291028
0.717690496967793
0.44554519118136604
0.017948040163179343
====================
100
1
0.012267817207378684
0.013985291587658377
0.02335974191610246
0.0017174743802796932
0.7815234261268104
0.7918283206980882
0.3206121418287287
0.014218159837904712
====================
150
1
0.036611909538996956
0.03614021597120076
0.02390637827102493
0.0004716935677961942
1.0625230572893818
1.0585750270345204
0.8573485909316895
0.030125783438441352
====================
200
1
0.03164693306962986
0.027395333635037572
0.05388575231849045
0.0042515994345922875
2.1970955777153827
2.045594158727989
1.7255930999443423
0.21073223040760306
====================
250
1
0.0778060201171924
0.07113821862104963
0.006719031674887521
0.006667801496142767
2.6119976709636554
2.04827287758328
1.9548326618294625
0.5772735411399212
====================
300
1
0.011498285701604605
0.007255485747941659
0.01800186879724386
0.004242799953662946
3.7576492197162916
2.7167567232256324
2.6456541765417305
1.1226190732263182
====================
350
1
0.06989702101892403
0.06687775989798506
0.026369002233753047
0.0030192611209389764
2.8281510303249155
2.543194348439892
2.7121989728751967
0.37780829473958316
====================
400
1
0.031213022844774826
0.02944010990982091
0.03392974091598518
0.0017729129349539187
4.410234505310651
3.4397598425334808
3.0435708046564076
1.0272802804713983
====================
450
1
0.05950167470689638
0.06437403692930777
0.0684472670673224
0.004872362222411386
3.7557146245678736
3.518369845498315
3.4889215145121644
0.3698843894720202
====================
500
1
0.10459150063998379
0.1062114169827928
0.0737519679570422
0.0016199163428090024
3.6622605858657318
3.85258575780047
4.188221867082995
0.28021225878016276
====================
550
1
0.12100969104069903
0.12948368295776436
0.04060578226420364
0.008473991917065327
4.570527514905323
3.4010488035634605
4.59253408668266
1.7023541315612676
====================
600
1
0.022858093134349534
0.017768856278238238
0.04491497911225817
0.0050892368561112995
6.081105621711759
3.709545487529623
4.987213467242436
4.477085578153553
====================
650
1
0.05966439918779365
0.0621148073169977
0.04261547700064039
0.0024504081292040514
5.090832506379261
3.645262585284422
5.389853622785396
3.74826636011276
====================
700
1
0.016851521825410387
0.019932383143055787
0.07340888792303213
0.0030808613176454003
3.0342193173574965
3.366523111752774
5.900596404148206
0.7936712300908207
====================
750
1
0.036944535020958735
0.04303036322313525
0.04895231790863175
0.006085828202176513
3.8840170934961957
3.3010152493684783
6.369136524440786
0.8537735421916826
====================
800
1
0.045970713563665194
0.0446616518717501
0.014945392029387291
0.0013090616919150906
4.822675615377219
3.0689347389148343
6.318819792678968
1.9714786571068494
====================
850
1
0.09562390803000897
0.09805446116249872
0.02212435063160667
0.0024305531324897434
2.401515898392203
2.2464749289951755
6.686710670470802
1.2941281024260538
====================
900
1
0.006519009221047423
0.0019522283798725226
0.06474723734782062
0.0045667808411749
1.9558935750183035
2.065337530273645
6.846263623519687
0.21677850696629875
====================
950
1
0.032032775008259406
0.030956938018615432
0.014231188164635977
0.0010758369896439746
2.7229715472400704
2.4730729134704204
7.53070551322319
0.6603381880519533
====================
1000
1
0.11531830862950275
0.11468608473937188
0.03467731543331427
0.0006322238901308834
4.1245318350747
3.2860667353996855
7.406074340153806
1.5911264629814654
