====================
0
0
0.0
2.0676069496769767e-08
0.0
2.0676069496769767e-08
0.0
1.931534664724476e-07
0.0
1.931534664724476e-07
====================
50
0
0.009941117264756993
0.007014390273528015
0.015438867466405659
0.0029267269912289784
0.2086671886027448
0.2126225718653534
0.09335595138527704
0.005499892454379391
====================
100
0
0.0032532284279609414
0.003915278657512733
0.01193246198500475
0.0006620502295517916
0.0995094774055349
0.09770968804502177
0.24914482868922458
0.005833442834169198
====================
150
0
0.0009711386741486638
0.0008547133564564824
0.022849478241489862
0.00011642531769218145
0.614752050520449
0.5221198105584226
0.2955634660982606
0.11583767117718749
====================
200
0
0.040312607273848125
0.04266739530959834
0.053330303369751295
0.00235478803575021
1.518220728760277
0.9463536048203972
0.5000222381948297
0.5929870998294252
====================
250
0
0.03715737439493716
0.03978095360119882
0.011032680312466736
0.0026235792062616614
1.0852095096618575
0.922668210654346
0.9556793086408335
0.23036020189979622
====================
300
0
0.05837726045356595
0.05658970373578809
0.004993765563533259
0.0017875567177778606
1.3900996298092816
1.0320666086762478
0.6274580869222824
0.3622929836229691
====================
350
0
0.06932868307363127
0.07263899434719456
0.04164535887358345
0.0033103112735632934
1.464993604478944
1.0800494196019608
0.4565386482790537
0.436693537704241
====================
400
0
0.08676344521727128
0.08417440652199826
0.05662903635995765
0.002589038695273027
1.5885191624682138
0.8752626790016659
0.8104176970036194
0.7385866967137222
====================
450
0
0.0685984701167821
0.06834983390704275
0.02931669256378222
0.0002486362097393613
1.761171493318289
0.3299678912617029
1.0560930118661391
1.6090075390378697
====================
500
0
0.042656816810655585
0.043844930618793576
0.035408652345946035
0.0011881138081379916
2.1120993351717847
0.091218271353505
1.3924810442956832
2.167362555985075
====================
550
0
0.030018778006972946
0.024325897661252815
0.04271197683656758
0.0056928803457201305
1.1846844264096228
0.8038262598167556
1.3898018125210128
0.5283308581473749
====================
600
0
0.0036966094084604733
0.008148111981960127
0.00394098474037774
0.0044515025734996536
0.6091343186662662
1.1389074815388853
1.220608302688653
0.5491621572441927
====================
650
0
0.05749649260714884
0.05902195278312772
0.036461138281901784
0.0015254601759788766
1.3670438404334542
0.860682417265715
1.6874226530973744
0.510157540698181
====================
700
0
0.0711431266015965
0.06792128921419982
0.0030091011609241214
0.0032218373873966755
1.4058802982876037
0.4149848877410533
1.4153033228163554
1.0296082761101006
====================
750
0
0.08430512431363302
0.08642360314252229
0.002256087031756282
0.0021184788288892697
0.4494647180386662
0.32450002379380377
1.147430718580378
0.3957604885693544
====================
800
0
0.11352540993026329
0.1180315710043056
0.057032924824090454
0.004506161074042318
1.345035850988899
0.9217753384238174
1.1907824497688038
0.6519763997372864
====================
850
0
0.0644415165850325
0.06480949755911825
0.05417269502154132
0.0003679809740857465
2.410586564436005
1.3398875762820175
0.9539918679562767
1.2324608937895263
====================
900
0
0.01816951104869835
0.01776105898545932
0.03210821326321378
0.0004084520632390287
1.5102358347490454
1.334208279704207
1.2335497314812984
0.8619326309172526
====================
950
0
0.013297968598743548
0.012180511030614793
0.019017994512225744
0.0011174575681287546
2.620613611812224
1.673760921470127
1.2839598266638106
0.9602531984000373
====================
1000
0
0.005897704890256752
0.014368728964826629
0.0023863000813594574
0.008471024074569877
3.1905497790610213
1.8829909275661316
0.9865302909321948
1.4885473531641853
