====================
0
3
0.0
2.0022567899132605e-08
0.0
2.0022567899132605e-08
0.0
2.605077528386974e-07
0.0
2.605077528386974e-07
====================
50
3
0.02449537564296933
0.023943589813838928
0.00930384076535673
0.0005517858291304023
0.2508909063522391
0.2517160837475219
0.3089740582079247
0.0036806252174416266
====================
100
3
0.00658168736895437
0.007096415519162402
0.006451650098926898
0.0005147281502080325
0.7899014640860871
0.7538302699712051
0.8314379896916889
0.05461032040816361
====================
150
3
0.032662687463298035
0.03438453790732199
0.0002796472127211125
0.0017218504440239535
0.7551986161064888
0.7924755466392257
1.138451088684521
0.5822626904479469
====================
200
3
0.015401427728678176
0.016597079446479587
0.0022182146155130945
0.0011956517178014102
0.5590493444817288
0.5729881268692748
1.6300086147373798
0.9890688330976111
====================
250
3
0.012560368407215527
0.012523023560767621
0.007948914259029216
3.734484644790648e-05
1.490714567314895
1.2308956857034001
2.059908981667744
0.7461893770535609
====================
300
3
0.028183330341648105
0.03206670741621753
0.010355176169586588
0.0038833770745694274
2.3565980668584543
1.8599139917421947
2.433210327288911
0.5580324942872361
====================
350
3
0.006919087351382691
0.007696414355004899
0.033776206725938396
0.000777327003622208
1.6871212214803075
1.4793024392845227
2.1665737907665172
1.4793429364028954
====================
400
3
0.04612864853191282
0.049202894178887374
0.03610895601248759
0.003074245646974553
0.8036879949812626
1.6932630132315758
1.9973927330046681
1.9396680747011186
====================
450
3
0.027290356003579985
0.03137471437749828
0.012522178657685012
0.004084358373918295
0.7452692001710033
1.2715357203325421
1.6155739994407021
0.9601088378228155
====================
500
3
0.011588361852863382
0.012731536994270876
0.006507473924909135
0.001143175141407493
0.9671492368003034
0.9606841087528573
1.5496154560867275
0.02676212295082388
====================
550
3
0.024545523928624746
0.029610671712667402
0.045096898443464095
0.005065147784042656
0.7910601284597096
1.1769213003055468
1.3349558103139667
1.5714255999840074
====================
600
3
0.02452680657362696
0.025219834505672334
0.029810026786330678
0.0006930279320453741
1.0708146844526594
2.335451572944817
1.5795031251111904
2.17150247201687
====================
650
3
0.0373767897610473
0.03842512599904668
0.017965636843757515
0.001048336237999381
1.151169114911989
2.282163514265608
2.2388059491232357
1.2497263651108026
====================
700
3
0.040142036412607496
0.04357524031489346
0.037619679448379184
0.003433203902285964
0.7481739815750396
1.1560428195436003
1.9322294147064016
0.40823956141418
====================
750
3
0.020900851575494483
0.016789611387725056
0.016572183316227118
0.004111240187769427
0.5319938983426213
0.31116988452504546
1.7275034880630804
0.2413311395891667
====================
800
3
0.034790001535595624
0.034944104570305015
0.04679519866846555
0.00015410303470938912
0.8115580928539432
0.590580746674983
1.6486665279043624
0.32049507085116713
====================
850
3
0.04570558094140709
0.05152421402370111
0.023073179431360336
0.005818633082294022
1.2811028106799032
0.7799934954251341
1.1594627378638347
0.5384154025495207
====================
900
3
0.0019405056481263117
0.007438503459253898
0.061052427544220134
0.005497997811127586
2.083408167691514
0.9039610302677451
1.5092880862471094
1.2213605279758326
====================
950
3
0.08460331481890271
0.08513376936609895
0.09394940222876347
0.0005304545471962463
0.9547446746848083
0.3362719170705216
2.155326644227939
0.7200293367392453
====================
1000
3
0.026089057898652603
0.02499909105989465
0.08687897507328558
0.0010899668387579554
2.312698796944094
1.486602526099162
1.8367497482448416
0.9949397080567871
