====================
0
2
0.0
2.337790424140371e-08
0.0
2.337790424140371e-08
0.0
9.808110590879082e-08
0.0
9.808110590879082e-08
====================
50
2
0.1013999961906864
0.1011868000095808
0.10342070546077409
0.00021319618110560157
1.0467683354375674
1.018950723572748
1.0115751739306864
0.027892554869069074
====================
100
2
0.06370953144162872
0.06350340866448434
0.1265884292302819
0.00020612277714437965
1.6371532193013643
1.5853491000009077
2.094190204628064
0.10723800451693738
====================
150
2
0.012704683570264885
0.018493571322351077
0.1305780144616151
0.0057888877520861914
2.0229109234914864
1.9800581035162161
3.5052243715914813
0.05605730952334959
====================
200
2
0.007684452442907184
0.008421237680642936
0.0854203119390247
0.0007367852377357535
1.917484140815004
1.9552496326839663
4.05121345379433
0.053754727419548114
====================
250
2
0.03417814761501048
0.03605978208055749
0.11959309413441832
0.0018816344655470107
2.7307845674467153
1.7643330924006628
5.159244885682579
0.989827053129173
====================
300
2
0.01361813055345884
0.02120940627203094
0.1329955133830909
0.007591275718572099
2.916674059139462
1.6662058666390989
5.972932979018521
1.3513602879628739
====================
350
2
0.020582893565735505
0.018574523204791138
0.16752755677888898
0.002008370360944367
2.64267911233913
2.1219366567924647
7.949848900402561
0.5207430131942921
====================
400
2
0.007096000305057452
0.0003395175109480956
0.16263063083613483
0.007435517816005548
2.749444623708172
2.3579962936649865
9.110907735995081
0.4653570417675543
====================
450
2
0.007774570802131953
0.003461631646659802
0.16427819272201116
0.004312939155472151
1.4919053642179727
1.1581041383181399
9.988617799853232
0.333852759651455
====================
500
2
0.03092118740001215
0.02876160735326394
0.1466725569255205
0.0021595800467482107
1.0028391038038684
0.4232968476361787
11.223175656288863
0.6725079279016786
====================
550
2
0.08789144828523687
0.08558373204149894
0.0966808468488225
0.002307716243737934
0.21747953851043703
1.5713336954368007
12.286656885758006
1.6005858972710978
====================
600
2
0.04390181795950742
0.047633126480492144
0.09963149280454735
0.003731308520984725
2.42985164605175
2.228206231840898
12.812899051846884
2.824493766465411
====================
650
2
0.016777647805211293
0.01493442376190024
0.1261883150873675
0.0018432240433110536
0.8420230981741992
1.4341423135529112
13.967480743352782
1.570613046396764
====================
700
2
0.048417002775841045
0.043498786244109855
0.07565999091931097
0.00491821653173119
0.1942814169663829
0.9979677894322385
14.864032614477784
1.1767750890061295
====================
750
2
0.05916240814088991
0.06955519514653474
0.08974991685733258
0.010392787005644832
1.274445941201232
0.5784886139010991
15.400475274975388
1.0052407657045632
====================
800
2
0.01939991999019516
0.02205890170164044
0.13196199020500773
0.002658981711445279
3.078501533137184
1.648566269374742
16.668378633742822
1.4672355310513077
====================
850
2
0.019581747009054462
0.019127589825071123
0.11381368167838946
0.00045415718398333915
2.4687282923293496
2.133924803689839
18.204283152941233
1.0289447315116749
====================
900
2
0.07807157040666057
0.07899347684998537
0.10232395428783647
0.0009219064433247937
0.7849752384889432
1.1928062495593377
19.802899602852648
0.581209326438368
====================
950
2
0.07945347229731325
0.08078042716184686
0.10918351076550059
0.0013269548645336027
1.6661514431976583
0.6892623596586515
20.91323769312548
1.4456067853536685
====================
1000
2
0.0226170659705126
0.028972242135055733
0.10871802626406477
0.006355176164543131
3.3108572674405896
1.4147658742392537
22.27296109965744
2.031821444042493
