====================
0
3
0.0
0.0
1.2680213912853135e-08
0.0
0.0
1.6074692519172482e-07
====================
0
3
0.0
0.0
9.654481973935463e-09
0.0
0.0
9.57862227486983e-08
====================
0
3
0.0
0.0
8.873055320005041e-10
0.0
0.0
1.8709259906034556e-07
====================
0
3
0.0
0.0
0.008143947948939124
0.0
0.0
0.062411711904649975
====================
0
3
0.0
0.0
1.1830075102647824e-22
0.0
0.0
0.0
====================
0
3
0.0
0.0
5.525918910612185e-23
0.0
0.0
0.0
====================
0
3
0.0
0.0
2.9990548229400605e-08
0.0
0.0
1.08635710978744e-08
