====================
0
4
0.0
0.0
1.1021495831387533e-08
0.0
0.0
9.736436794862963e-08
====================
0
4
0.0
0.0
1.2352126842298097e-08
0.0
0.0
1.1178084124979611e-07
====================
0
4
0.0
0.0
1.5192169705406655e-09
0.0
0.0
9.372767243622972e-08
====================
0
4
0.0
0.0
0.01289495648526706
0.0
0.0
0.08618881677298255
====================
0
4
0.0
0.0
3.589062899183317e-22
0.0
0.0
0.0
====================
0
4
0.0
0.0
7.459992205505523e-23
0.0
0.0
0.0
====================
0
4
0.0
0.0
5.6530469063503434e-08
0.0
0.0
9.733103037373054e-09
