====================
0
2
0.0
0.0
1.071884640279977e-08
0.0
0.0
6.089073846276688e-08
====================
0
2
0.0
0.0
1.2038208953313935e-08
0.0
0.0
8.751776973919787e-08
====================
0
2
0.0
0.0
8.873048177281129e-10
0.0
0.0
1.8709258849155006e-07
====================
0
2
0.0
0.0
0.00026913430581783186
0.0
0.0
0.28099771738418683
====================
0
2
0.0
0.0
1.421811859414909e-21
0.0
0.0
0.0
====================
0
2
0.0
0.0
9.211006120052034e-22
0.0
0.0
0.0
====================
0
2
0.0
0.0
2.5968164684395414e-07
0.0
0.0
1.655052533460356e-08
