====================
0
0
0.0
0.0
1.1222323190387675e-08
0.0
0.0
5.033622978515666e-09
====================
0
0
0.0
0.0
9.756102629721984e-09
0.0
0.0
1.5526996294717366e-07
====================
0
0
0.0
0.0
8.873051564328716e-10
0.0
0.0
1.8709259148265096e-07
====================
0
0
0.0
0.0
0.005437721847637338
0.0
0.0
0.4222024403189617
====================
0
0
0.0
0.0
1.4205286594152755e-23
0.0
0.0
1.4316647989421962e-25
====================
0
0
0.0
0.0
2.3295487646665313e-22
0.0
0.0
2.1782128797768145e-24
====================
0
0
0.0
0.0
1.4919144528793834e-07
0.0
0.0
1.8015012627410076e-08
