====================
0
1
0.0
0.0
1.2809132363160712e-08
0.0
0.0
1.719197736525215e-07
====================
0
1
0.0
0.0
1.1590646189282827e-08
0.0
0.0
4.313811792571988e-08
====================
0
1
0.0
0.0
1.5192166222949277e-09
0.0
0.0
9.372767081587903e-08
====================
0
1
0.0
0.0
0.016080798791248935
0.0
0.0
0.04791322166589402
====================
0
1
0.0
0.0
1.6332050954627775e-21
0.0
0.0
0.0
====================
0
1
0.0
0.0
1.5338538022281285e-21
0.0
0.0
0.0
====================
0
1
0.0
0.0
2.2764076511230907e-08
0.0
0.0
8.577482942564079e-09
