====================
0
1
0.0
0.0
2.6049341617095934e-07
1.685884742272914e-07
0.0
0.0
-3.4929037440178945e-10
-7.345318106693646e-11
0.0
0.0
-2.0022625955804296e-08
-0.028792489768800986
====================
0
1
0.0
0.0
-1.7809124863710224e-07
-1.1525869204884259e-07
0.0
0.0
-2.6992896806632416e-10
-5.676406457223365e-11
0.0
0.0
-1.279921056404697e-08
-0.018528072565359054
====================
0
1
0.0
0.0
2.56376670559888e-07
1.659241598626965e-07
0.0
0.0
-4.126015085148538e-10
-8.676704408131293e-11
0.0
0.0
-2.012769667671232e-08
-0.028903888848333448
====================
0
1
0.0
0.0
9.287592361850727e-08
6.010827137123252e-08
0.0
0.0
-1.7335821667074924e-10
-3.64559501534218e-11
0.0
0.0
-1.0328933989769495e-08
-0.01476403313016499
====================
0
1
0.0
0.0
1.38765634538629e-07
8.980758754703072e-08
0.0
0.0
-1.9403589845978786e-10
-4.0804313623753253e-11
0.0
0.0
-9.929732244793333e-09
-0.01421560537725727
====================
0
1
0.0
0.0
-8.26989572377812e-08
-5.352184782545962e-08
0.0
0.0
-1.68741465245148e-10
-3.548508149332255e-11
0.0
0.0
-1.1336164086142935e-08
-0.016463114770404342
====================
0
1
0.0
0.0
-3.9753753822147075e-07
-2.572819038069021e-07
0.0
0.0
-3.1038993597576336e-10
-6.527270672179096e-11
0.0
0.0
-2.5454430391881893e-08
-0.03686542292395152
====================
0
1
0.0
0.0
1.0984963383364743e-08
7.109347019801042e-09
0.0
0.0
-3.1582914061800693e-10
-6.641653120478422e-11
0.0
0.0
-2.1743395294769175e-08
-0.03052937090457292
====================
0
1
0.0
0.0
-3.5730576053438767e-07
-2.312443239266759e-07
0.0
0.0
-5.533786762157433e-10
-1.1637144072720535e-10
0.0
0.0
-2.50209850180513e-08
-0.03556361057689375
====================
50
1
-1.0962953213740292
-0.09169253973149499
-0.23020813801696605
-0.01925427248487954
0.32700936527772484
0.028948520409468
0.02191079245557148
0.001939653997520953
0.0921928511267962
0.08293929380859005
0.16137372374757608
0.14517636154324642
====================
100
1
-1.9929022978911242
-0.08747444533518872
-4.1196579315808
-0.18082411411591875
-0.016704498407239754
-0.0009392844169380768
1.2013118263402696
0.06754907874850032
0.1451951983331291
-0.8746271794890403
0.104105097201007
-0.6271085310028024
====================
0
1
0.0
0.0
-2.0237423981050995e-07
-1.309743691887875e-07
0.0
0.0
-3.72399888703967e-10
-7.831294091996368e-11
0.0
0.0
-1.2328739047441611e-08
-0.017864697145167065
====================
50
1
2.414594797145636
0.28591758502325243
1.9374366958582652
0.22941622415076113
-10.957044809887158
-0.48524092903563876
-11.086466931982589
-0.49097248456479764
-1.303632951750599
-0.5199075744857178
-0.9607795742268688
-0.38317271543414905
====================
100
1
5.87100030422121
0.39354331112679825
7.205544340489437
0.48300010752653677
-20.279032082365926
-0.5329952553216428
-20.195120549673035
-0.530789802486891
0.19666032743264472
-0.904446729643546
0.5173893853362481
-2.3794892626725908
====================
0
1
0.0
0.0
7.395638990104203e-08
4.786375823370748e-08
0.0
0.0
-2.2159252210940394e-10
-4.659926766398556e-11
0.0
0.0
-9.850504679611618e-09
-0.014080172995846277
====================
50
1
-0.05061409256053473
-0.004648171914193902
0.13644889075688305
0.012530855926746168
0.05694707096446727
0.004911194366041171
-1.495946180897647
-0.1290124730051436
-0.07928520689012286
-0.06164433704625347
-0.3752942457744751
-0.29179169589735027
====================
100
1
1.6488811790493791
0.08632813901422694
-0.7506223859142551
-0.03929927426047475
-1.8212134328909926
-0.09268810318830968
-7.441516534193065
-0.378725546353953
-0.27624321460178947
-1.0684168035218922
-0.8362592030310834
-3.234372239355078
====================
0
1
0.0
0.0
-9.919370258515414e-08
-6.419706619706516e-08
0.0
0.0
-5.166400640632673e-10
-1.0864558244990104e-10
0.0
0.0
-2.343916465825952e-08
-0.03344723103473114
====================
50
1
-1.2157907635535459
-0.10078004518500813
-1.41643353357132
-0.11741184403938881
1.0015278922667825
0.09414774923526992
-0.05991800690873639
-0.00563253957546119
0.11308121954100736
0.10351510400431438
0.1307631867641479
0.11970126368258455
====================
100
1
-1.656654255815873
-0.07387901749817656
-3.7308095041174667
-0.16637662304577583
1.2073677119388364
0.07276148672418255
-2.881796117726827
-0.17367018174195106
0.008528395646483306
-0.3088831711436231
-0.14064147012024453
5.09378141983311
====================
0
1
0.0
0.0
1.882149192056204e-08
1.2181062368172836e-08
0.0
0.0
-1.1800072030609954e-10
-2.481467830086978e-11
0.0
0.0
-1.0329908530381642e-08
-0.01459665743162287
====================
50
1
-0.2226149151028629
-0.020035218086207934
-0.5487854088176363
-0.04939038043838924
0.22311170805754088
0.01963820020733868
-1.1435725550085145
-0.10065678301868028
-0.04922758594351273
-0.0394196825297984
-0.31660548961127977
-0.2535263033614738
====================
100
1
1.140380712372444
0.05787658103734286
-1.0285008796822446
-0.05219845781683726
-0.9011497500788117
-0.04847991569380307
-6.047839687702496
-0.32536074960217326
-0.04100036992710489
-2.5618747424078334
-0.6384804434157766
-39.89493081199944
====================
0
1
0.0
0.0
-1.6888821119387387e-07
-1.0930258062107798e-07
0.0
0.0
-5.21036547240783e-10
-1.0957013032912608e-10
0.0
0.0
-2.3307247935979646e-08
-0.03325898844367598
====================
50
1
0.21744611850519568
0.02037706746161773
1.3867228055591632
0.12995101661825106
0.17687952316475908
0.015505764583160981
-6.219218293434517
-0.5451944522682712
-0.10376771595327727
-0.07961631603704393
-1.03749974348524
-0.796027036991596
====================
100
1
0.45284043888985437
0.022207635179661123
-13.482127187461277
-0.6611736415566811
-0.18413567686553733
-0.010303550348073507
-9.918488399998374
-0.5550018678932781
0.13241424450403488
-0.841202884763841
-2.458887995166242
15.62085470934354
====================
0
1
0.0
0.0
-1.719196045524285e-07
-1.1126446245219658e-07
0.0
0.0
-2.467546167395085e-10
-5.189066996961728e-11
0.0
0.0
-1.28091323631659e-08
-0.018192619903685855
====================
50
1
-1.0919705980106276
-0.0913525907396618
-0.8828324445967795
-0.07385641257179694
-0.3862993110769928
-0.03217138493175318
-0.46704756878534326
-0.03889617891096374
-0.037013722631549006
-0.029836257452191456
-0.04275236115967873
-0.03446209577314983
====================
100
1
-1.5392946434608454
-0.06892815962642204
-1.6962437850310756
-0.07595619388181306
-0.4023265683548978
-0.02214751447835022
-1.0482598408682016
-0.05770523706061125
0.2492352864433367
-0.922194811470484
0.22692875891433262
-0.8396584890952498
====================
0
1
0.0
0.0
-1.1178687131518927e-07
-7.234722315910419e-08
0.0
0.0
-3.339604148777653e-10
-7.0229404013844e-11
0.0
0.0
-1.2352187355751052e-08
-0.017575150268693922
====================
50
1
-0.5614785210611188
-0.04903723725118137
-0.44682186945456337
-0.03902359431319143
0.22297617079430232
0.019626036376084042
0.18155737416592999
0.01598041448569846
-0.10938509055049805
-0.08356610834629861
-0.11078199654618537
-0.08463329215716094
====================
100
1
0.6583723406691213
0.03261582335853295
-0.75539921899475
-0.0374225433997824
-1.5458152536307956
-0.08037403130949464
-1.0595390057609286
-0.055090296866095796
-0.10762809915649735
-1.302502745457774
-0.06952398694508478
-0.8413712086420017
====================
150
1
1.7923844005377845
0.06283841393921318
-2.0110369176561598
-0.07050405607234762
-2.1187615957118204
-0.07954885089945239
0.38567278879094147
0.014480075169193059
-0.1488412579347509
-0.11038189592521391
0.005427370152150779
0.004024982156123312
====================
200
1
3.077608402993505
0.08274484117616822
-3.6581855500029405
-0.0983542877103932
-5.207509253864501
-0.14535475147756277
1.3688592753588864
0.03820832380276453
-0.25920669591924544
-1.1067260019718528
0.07091640342311689
0.3027893525526084
====================
250
1
4.675591782184526
0.10374521787768515
-7.151451137947667
-0.15868127309038874
-7.904704216969961
-0.17429514041229716
2.9567841779648916
0.06519574917944179
-0.2691732070350601
-0.1832665060495694
0.21533424200544626
0.14661026110236294
====================
300
1
6.960754301188906
0.1319866034998854
-9.37769248606152
-0.1778154674544755
-9.766664729767278
-0.18318070791996918
5.551799086035416
0.1041279203236905
-0.2819059502487042
-1.0972962238619903
0.34163036162870264
1.3297686886036375
====================
350
1
8.81707467986994
0.14608916378827827
-17.70353808170728
-0.293328021861408
-12.493360457128752
-0.19870849310576788
7.4513545604373945
0.1185147456028489
-0.37787976361346143
-0.2395495927531551
0.5467750500214119
0.34661750422337056
====================
400
1
11.77936626285478
0.17490492855016113
-26.750763797642918
-0.3972064647860805
-17.061619110522706
-0.23199262470443835
9.024924768260291
0.12271496457551949
-0.37523330957772716
-1.071369778868537
0.7703370352104542
2.199473762061387
====================
450
1
14.652471528342602
0.19815045680094856
-39.48647782214274
-0.5339893411690622
-20.876680839251677
-0.2479773078197562
8.528257996185275
0.10130032041827863
-0.40403381167111196
-0.25195211791952243
1.0365429632211862
0.6463795537754202
====================
500
1
18.59567159251381
0.2325666238892207
-52.54082470656285
-0.6571014204875432
-25.91964629322547
-0.27188373021006024
8.189295307895947
0.08590148688427264
-0.4849282670993262
-1.0543479016695287
1.1579924700840727
2.5177474975534437
====================
0
1
0.0
0.0
-2.887712482468885e-07
-1.868895537246254e-07
0.0
0.0
-4.219193883159278e-10
-8.872652525175943e-11
0.0
0.0
-2.431845177955665e-08
-0.03451312035950848
====================
0
1
0.0
0.0
-1.201813812912178e-07
-7.778006309850632e-08
0.0
0.0
-2.319575642673044e-10
-4.877895932991329e-11
0.0
0.0
-1.158185447447488e-08
-0.016419827586415997
====================
50
1
0.43463228730743353
0.04240627556053023
0.09754762060400068
0.009517542530569748
-0.5759538476815127
-0.04632922204595594
-0.8145038733459273
-0.06551797675705656
-0.17130866665422473
-0.12233925960324625
-0.17820276165664461
-0.12726264436073126
====================
100
1
1.764937835235326
0.09442813868404842
0.4743028356381771
0.02537626711136119
-1.4555824144753977
-0.07387238841508814
-2.9575877400747927
-0.15010078998876272
-0.03349491740338363
-0.8841035434217219
-0.07830319644348159
-2.066825023128311
====================
150
1
1.2979185085229226
0.04566096547478446
-0.012991658848527265
-0.0004570484835892182
-1.9969120040688928
-0.07301399468706384
-3.905279850130306
-0.1427905093704241
-0.09727383057884809
-0.07334553522450675
-0.14351330131002538
-0.10821060334297741
====================
200
1
2.1538806285400014
0.05768134750268432
0.24249461503832492
0.006494053557200423
-3.0935930742061934
-0.08879679202400714
-5.580007652927531
-0.16016546687431235
0.022981080165225577
-1.2361894757824954
-0.06084429296973856
3.2729129392460563
====================
0
1
0.0
0.0
-1.6038896988312956e-07
-1.0380197505309036e-07
0.0
0.0
-3.2440539143863134e-10
-6.822005329347417e-11
0.0
0.0
-1.1984762095323865e-08
-0.01733718796203711
====================
50
1
0.362595083322347
0.03459238270552871
0.1407400288416163
0.013426913832000897
0.2841375669478374
0.02501226883983523
-1.4605962293661179
-0.1285744294490343
-0.004385144683181297
-0.003622933560311095
-0.24100851286189673
-0.19911722249825126
====================
100
1
0.3749817605140713
0.018394405821932015
-0.5939392163810204
-0.02913517437406882
-1.5307590378073002
-0.0791443727853252
-3.9853338070677413
-0.20605251166920427
0.05021911069317876
-0.7299799955848825
-0.10468239067249521
1.5216528135633145
====================
150
1
0.3845897995684986
0.012903949042240011
-1.3990778871131333
-0.046942560051484665
-2.7305899197019556
-0.09954445342131761
-5.829619821312956
-0.21252049404401888
-0.19718819102640506
-0.1405286925060773
-0.24685252808336933
-0.17592261906155612
====================
200
1
2.206211896784403
0.05821368342427822
-2.6788201815687103
-0.07068404908327247
-3.971181917787611
-0.11399002484589169
-8.914180020034138
-0.2558753597796745
-0.11475249411908924
-1.193145860158852
-0.4095053883873253
-4.257856551335739
====================
0
1
0.0
0.0
1.4658049440896548e-08
9.486527608440204e-09
0.0
0.0
-4.0536640710797656e-10
-8.524555579310812e-11
0.0
0.0
-2.235773019872618e-08
-0.03195782543447642
====================
50
1
-1.8947782462890483
-0.1492057117255043
-2.9378152117012384
-0.2313404275346677
-0.19133920542637384
-0.016093322708213294
0.4857220874196617
0.04085353172619656
-0.059144132856732146
-0.04653508141949801
0.3159569253481309
0.24859746074467862
====================
100
1
-1.6792000628722406
-0.07508631572105814
-3.2516126989851095
-0.1453975753794227
-2.366372388350765
-0.11663637522628788
0.08469046224513122
0.004174317018377366
-0.08853466666468822
-1.168427280854489
0.27296084067849175
3.6023730010939516
====================
150
1
-2.1932874869460264
-0.06797629771681915
-6.685245006574309
-0.20719500183240547
-3.63978963618397
-0.1276839066205359
1.387471553565458
0.04867253495172805
-0.0752997139117324
-0.05850277432457104
0.35789672002925843
0.27806149526570195
====================
200
1
-1.5767600490365083
-0.03796766672549469
-8.340304386976804
-0.20083074628090392
-4.6936477060769874
-0.13116542887629712
2.299763153361937
0.0642675887101775
-0.030668360364247353
-1.7127227287508768
0.3896603429275138
21.761193552519817
====================
0
1
0.0
0.0
-1.9869386425064306e-07
-1.2859246655407243e-07
0.0
0.0
-2.984981151143984e-10
-6.277194478717953e-11
0.0
0.0
-1.2327757618710314e-08
-0.017508930524200834
====================
50
1
0.01587803053926251
0.001466984953541735
-0.24782858096722116
-0.022897096616454764
0.49988765539152347
0.04482888382389394
0.42576292629744295
0.038181532497657336
0.06951114715777473
0.06112350687214852
0.1008392184140594
0.08867134138534283
====================
100
1
0.2591485547319827
0.012646411402954121
-0.2679299475722665
-0.013074942083605759
0.7921049755377219
0.04650517704985691
1.1766184955288956
0.06908030266766292
0.0857138822920586
-0.8277194062499627
0.2109727779214168
-2.0373159843700077
====================
150
1
-1.0605133922209014
-0.03395331143026348
1.228796234207234
0.03934104135828085
2.6408072175707353
0.1195989075969233
-2.6034850064214368
-0.1179086306040181
0.43465286846511475
0.56296151450297
-0.1455467188676306
-0.1885118153573985
====================
200
1
-2.189680278992782
-0.05179587981438059
1.8268466756290564
0.04321321781904547
9.964721975611859
0.47608768518186856
-3.0768367855768908
-0.1470030078624224
0.8726399738137581
-0.9799654293125175
0.1541769909909958
-0.1731391246109121
====================
0
1
0.0
0.0
-1.5990503610119333e-07
-1.0348877160182523e-07
0.0
0.0
-2.5356783339702815e-10
-5.3323439016399655e-11
0.0
0.0
-1.1971866928059762e-08
-0.016982424902231584
====================
50
1
0.22977257381662852
0.021599011636287208
0.13574635347328545
0.012760387454217838
0.01504485473097894
0.001297262261745379
-0.020759848356393107
-0.0017900450561913312
0.044020807631243164
0.03799542160035551
0.04165193944447765
0.03595079429079327
====================
100
1
-0.07025218410869982
-0.003365355354442097
-0.1881203409016443
-0.009011702690314238
-0.07128417746676163
-0.004001015535741838
-0.3709203394649663
-0.020818898294982117
0.07279531422948292
-0.768137408167479
0.052463246158489664
-0.5535930760762231
====================
150
1
-2.332812311968784
-0.07158274062780523
0.40960374001142696
0.01256876008883534
1.3590160751072098
0.05846781913114314
-0.3687650317769702
-0.01586507148425397
0.15517199055107667
0.14814535079029728
0.07704354008689829
0.07355478415766628
====================
200
1
-4.061298168156014
-0.09177140735687615
-0.5518978437572173
-0.012470998124676357
1.5062299634653442
0.051531298647495394
-4.455299722634891
-0.15242518482569303
0.21253420976788262
-0.9063002463530161
0.043096117213387436
-0.18377286974180942
