====================
0
0
0.0
0.0
-2.412017687802859e-07
-4.823983448096905e-08
0.0
-0.0
-4.714667880693702e-10
0.0005059528853821766
0.0
0.0
-2.465993268048581e-08
-0.03498045724249527
====================
0
0
0.0
0.0
-2.8179965916308447e-08
-5.635932639349463e-09
0.0
-0.0
-1.74089813869957e-10
0.00018681609736853763
0.0
0.0
-1.1546975129000424e-08
-0.016333157990353727
====================
0
0
0.0
0.0
-2.0485935614544815e-07
-4.0971429599299346e-08
0.0
-0.0
-5.266678864881639e-10
0.0005651456381104124
0.0
0.0
-2.4419784751369907e-08
-0.034790976431877896
====================
0
0
0.0
0.0
-1.7639715732542527e-07
-3.527905137011586e-08
0.0
-0.0
-2.459888586334577e-10
0.00026396802814090443
0.0
0.0
-1.2858406511343744e-08
-0.018248670332143377
====================
0
0
0.0
0.0
-2.8179965916308447e-08
-5.635932639349463e-09
0.0
-0.0
-1.74089813869957e-10
0.00018681609736853763
0.0
0.0
-1.1546975129000424e-08
-0.016333157990353727
====================
0
0
0.0
0.0
-1.6001880709382021e-07
-3.2003417573016475e-08
0.0
-0.0
-3.6146119569128286e-10
0.0003877993123437405
0.0
0.0
-1.2739966752691611e-08
-0.01842948424366166
====================
0
0
0.0
0.0
2.7832134819050225e-08
5.5663672229611495e-09
0.0
-0.0
-3.111479282937007e-10
0.0003338164435946609
0.0
0.0
-2.2149652812862663e-08
-0.0319623821038865
====================
0
0
0.0
0.0
1.1666181087832683e-07
2.333211153356208e-08
0.0
-0.0
-2.791689084901103e-10
0.00029957397950674706
0.0
0.0
-2.1384369435273043e-08
-0.030216847341933164
====================
0
0
0.0
0.0
1.2909137492300715e-07
2.5817997329222022e-08
0.0
-0.0
-4.299180940378409e-10
0.0004612933551964039
0.0
0.0
-2.1339337617096412e-08
-0.030549524946929103
====================
50
0
0.24824910837377345
0.017612282606522273
-0.5574987061613861
-0.03955230627012465
-0.5409437119863822
-0.07339922781578054
-0.124778290230104
-0.016930837623441213
-0.1420885252389259
-0.10590437174174672
-0.06273946603804514
-0.04676228233771239
====================
100
0
1.5061442567871914
0.06607979406502348
-4.351197348934349
-0.19090218181835392
-1.7947463632783034
-0.12187254390733493
2.070969902005997
0.14062954826216706
-0.026931098737124286
-13.919684285908707
0.3419177720997342
176.72459210915187
====================
0
0
0.0
0.0
-8.75097203589803e-08
-1.7501755910530403e-08
0.0
-0.0
-1.9216826281535127e-10
0.00020621182366973898
0.0
0.0
-1.2038203951225663e-08
-0.01705560252968448
====================
50
0
6.322964443918336
0.7883495727230146
3.258168163907607
0.40622962578049027
-10.199749319775423
-0.5989743337490837
-9.79101458460242
-0.5749716246623325
-1.6604471437152997
-0.5805704133386441
-1.196189471247231
-0.41824409670725016
====================
100
0
16.059367949317277
1.9490511256512701
11.85890895817673
1.4392608679791101
-19.466338315649853
-0.600849637553586
-20.21255254853083
-0.623882348898349
0.0245178655924047
-0.49517175898998766
0.21332123980340714
-4.3083135905639764
====================
0
0
0.0
0.0
4.484197813070523e-08
8.968299369092721e-09
0.0
-0.0
-2.7721573858049856e-10
0.0002974358759884694
0.0
0.0
-1.0814040425894697e-08
-0.015570385183193565
====================
50
0
-0.7820668115255849
-0.05170504345429491
-0.8196409278362271
-0.05418919351406885
0.43573376664069485
0.06815575939837507
-0.7955835526199166
-0.1244420454529065
0.055381584632703484
0.04840209613814298
0.09279732990984968
0.08110250570560924
====================
100
0
-0.30223032097363145
-0.012285193364839877
-0.42137223639975474
-0.017128127270849343
0.13758193561168142
0.010753551801875235
-4.094335070858195
-0.320017625009848
0.044221551987768906
-0.638874467798141
0.27897600242181264
-4.030402305305446
====================
0
0
0.0
0.0
-1.5355987148524264e-07
-3.071164318889794e-08
0.0
-0.0
-2.504200306009252e-10
0.0002686578988117982
0.0
0.0
-2.415021653657457e-08
-0.035036919074466585
====================
50
0
-1.0524584551093756
-0.06835950636913504
-1.4820203733570683
-0.09626050383258297
-0.742823206811364
-0.09810440279107434
-0.0539631349483507
-0.007126892480334807
-0.12395626445100949
-0.09365538549142192
0.056739405265656906
0.04286956287561662
====================
100
0
0.28943720117175076
0.012055102305894657
-3.5983969336885053
-0.14987376535296038
-2.28546969537639
-0.15019045206066484
-2.079901765302216
-0.13668148258735457
-0.07465789626510358
-1.503334697222181
0.2381452421470029
4.795366912385243
====================
0
0
0.0
0.0
2.8184382827589616e-08
5.636815847022648e-09
0.0
-0.0
-2.4211832158115486e-10
0.0002598056343803194
0.0
0.0
-1.1029772531601987e-08
-0.01573911566086949
====================
50
0
0.7871318007523929
0.05806372434402129
-0.8628756343333599
-0.06365105936161405
0.584319456043227
0.09357166365756653
-1.4271317408020083
-0.2285378141430292
-0.15081234703354673
-0.11168042104780027
-0.03400566871909949
-0.025182072126470292
====================
100
0
1.053388399844188
0.045315668292049305
-1.2962924699816902
-0.05576514758265843
-1.5356476231483462
-0.10614594848176674
-4.6938515132387
-0.32444508323063886
-0.10493364240893063
-1.3126994497687146
0.032854726986140226
0.4110062421061738
====================
0
0
0.0
0.0
1.8206154006605857e-07
3.641191692102992e-08
0.0
-0.0
-3.7782737955987047e-10
0.00040546940136185786
0.0
0.0
-2.0802800273115365e-08
-0.029365329068598352
====================
50
0
-1.1684819951213754
-0.0753278254028126
-2.913419602968734
-0.18781766778936457
-0.8374511000744045
-0.10923668632528453
-2.8772762859476275
-0.37531042360720035
0.0273641592415661
0.02334396594923085
1.6353854136988464
1.3951234925305083
====================
100
0
-0.2166127934692419
-0.008835724190545317
-15.064306788352724
-0.6144792178331997
-2.7343535945405115
-0.1745403166159103
-11.809230537560946
-0.7538113728713026
-0.1938355181911423
-1.148048073607312
1.6607013808720852
9.835994140491454
====================
0
0
0.0
0.0
-1.7808263930163548e-07
-3.5616144925194844e-08
0.0
-0.0
-2.6992655621867504e-10
0.0002895735921247887
0.0
0.0
-1.2799150074663197e-08
-0.01852779911786621
====================
50
0
-0.9934598292966808
-0.06510625353588123
-0.8185881682142657
-0.05364606323233108
0.1483627132393881
0.021863449846493552
0.10555176607022787
0.015554620789130863
-0.019404809308491977
-0.015772399229801545
-0.027622487479001645
-0.022451800134327946
====================
100
0
-0.6288525006329806
-0.025377191594747887
-1.8034922271146634
-0.07277949557497088
-1.2333403198926778
-0.08575229887946852
-1.5425588063005495
-0.10725179552108652
-0.09581264926146182
-1.1665474275729981
-0.03653015480128231
-0.44476547137309697
====================
0
0
0.0
0.0
-1.5735783343018284e-08
-3.1471227377058377e-09
0.0
-0.0
-6.279274611863819e-11
6.739056399376024e-05
0.0
0.0
-1.1467374943090017e-08
-0.01602577435546903
====================
50
0
1.1049920835979776
0.08346817934251792
0.3554524444739542
0.026849937500441567
0.23510447256335976
0.035655194426338806
-0.08521566855874863
-0.012923536492117551
-0.11475934166931112
-0.0873133479983588
-0.0974554563042267
-0.07414788240202419
====================
100
0
1.150340822459178
0.04969372346400324
-0.7577242323538798
-0.03273302809863906
-1.1483554656565786
-0.081559159006574
-1.1214489433948138
-0.07964818858575007
0.10344866919517336
-0.8053928897744381
0.14045658074341735
-1.0935155795900333
====================
150
0
0.23517250532501777
0.007012575183119945
-2.1528241521340306
-0.06419475440809674
0.8675668796493241
0.04591973685701321
0.39829587398883604
0.021081535215122814
0.15559519193030513
0.14903975252436108
0.10858214281561862
0.1040074278198353
====================
200
0
-0.011119748291427811
-0.00025423774242792777
-3.129350911164572
-0.07154830217987802
3.880790238805517
0.17653896138452913
2.0275212939223515
0.09223289108360547
0.41303258231938605
-0.9429345734547895
0.3443435246972933
-0.7861205834150998
====================
250
0
-2.5776506224726816
-0.04621418887994904
-6.430129309852646
-0.11528451833513598
8.295165312062167
0.34000398162026985
4.4963147424060494
0.1842958949610042
0.44005695349495155
0.5793861455729404
0.35516181347663556
0.46761182281212205
====================
300
0
-3.9005155148332307
-0.058169316912340334
-7.546615762764162
-0.11254447835176999
13.410209526984403
0.5282740009075323
7.062728534435344
0.2782250234571067
0.610145224742152
-0.9606445112954992
0.4826303599597611
-0.7598784477512689
====================
350
0
-7.34589062397886
-0.09185585409957349
-10.237456868932227
-0.12801311544630226
20.208122350984407
0.7950931190425965
11.518009297778416
0.4531786664131195
0.5008191799125717
0.7167250714980411
0.3990547721669414
0.5710894701814634
====================
400
0
-9.328459151328488
-0.1014956001307388
-14.665370444185527
-0.15956231894527115
25.992573129511563
1.010034976325768
17.53915821469102
0.6815471159350448
0.6556753636285277
-0.9632770005681124
0.7546377769800272
-1.108666353272574
====================
450
0
-12.27254543818789
-0.11763636837251538
-18.62177263440377
-0.17849579098347196
33.96140483061754
1.3808533655555837
26.152016580043266
1.0633276300178753
0.5341200774398966
0.8026333433251718
0.6748821747115878
1.0141594729703431
====================
500
0
-13.332813346061286
-0.1155938781832799
-22.61468195819276
-0.1960665557656818
40.24347346240038
1.6482977699978711
34.82676999337793
1.4264396777268047
0.64844837450155
-0.9628829121959571
0.983039149932151
-1.4597177457911032
====================
0
0
0.0
0.0
2.1616923273626298e-07
4.3233381955595095e-08
0.0
-0.0
-3.6727650579017466e-10
0.00039407164819746463
0.0
0.0
-2.0474899646359044e-08
-0.029360294824762507
====================
0
0
0.0
0.0
-1.1177886349855726e-07
-2.2355531659139084e-08
0.0
-0.0
-3.3397752036349856e-10
0.00035841407331720733
0.0
0.0
-1.2352169828752502e-08
-0.01757495300725372
====================
50
0
-0.4006424486214879
-0.02718435021973849
-0.12885981068884433
-0.008743382622254842
-0.8816074879453817
-0.1142136201576691
-0.7151145112002775
-0.09264419627584397
-0.08996154645656684
-0.0697138949251891
-0.09134562320459061
-0.0707864574230638
====================
100
0
-1.3540500287011454
-0.05280721251472004
-0.36537965608743406
-0.014249607280812674
-2.0240337449209935
-0.13517859417102873
-2.293640836838957
-0.15318477008359105
0.16081640251413853
-0.8696788605178982
0.1295250956898895
-0.7004586339888519
====================
150
0
-1.7982919339177244
-0.050582681687029125
-0.6936886836062612
-0.01951220111203321
-0.5671225602886736
-0.02786345568118592
-2.9316730780730182
-0.14403684247904688
-0.008879277841368438
-0.00734214790144021
-0.059568204836594196
-0.049256096942469
====================
200
0
-1.3560818193063113
-0.030095479493696
0.4275799011026251
0.009489266770151977
-2.1302128128296474
-0.07600194960904683
-6.146482196416596
-0.21929481756540117
-0.024204589950799625
-227.7093194417581
-0.12592428462128563
-1184.6568444492866
====================
0
0
0.0
0.0
-1.4329497677323388e-07
-2.865868685976273e-08
0.0
-0.0
-2.890491430812315e-10
0.0003101920467358065
0.0
0.0
-1.2567562198473964e-08
-0.017827261648366257
====================
50
0
-0.02193096238843495
-0.0015269861794381485
-0.27087504391865735
-0.018860205087789968
-1.1207255644791987
-0.14090128949310277
-1.0729828343490126
-0.13489891705468116
-0.19055098876130017
-0.13702866130181102
-0.14110324332907465
-0.10146989351468358
====================
100
0
0.921767391899774
0.03944028213172901
-0.8116469620152387
-0.03472848514120844
-4.036944221895917
-0.23778166791722805
-3.6572424749003183
-0.21541670329324406
-0.20047196482117735
-1.1394519311411486
-0.07864070488328737
-0.44698171699715417
====================
150
0
2.080872821810381
0.0656820371743793
-2.0936605905348102
-0.06608567870976376
-4.396823430519095
-0.18190654485710284
-5.078795701995311
-0.21012128250872203
-0.14421605285522698
-0.1072830742928587
0.011104756992193376
0.008260886675310533
====================
200
0
4.23680748948199
0.10732145559710887
-2.6047049199815646
-0.06597909489806683
-7.807753289271275
-0.2317594365547398
-8.823239150427366
-0.26190234992448413
-0.26291288430643145
-1.1029237993496648
-0.337778365169081
-1.416985701682814
====================
0
0
0.0
0.0
5.7205057579778895e-08
1.1440888612400988e-08
0.0
-0.0
-3.5485486070094087e-10
0.00038079539942483713
0.0
0.0
-2.192574285903196e-08
-0.031013890492673103
====================
50
0
-0.43425765555508455
-0.029385945755371453
-1.4197295066134394
-0.09607221366152914
-0.23603417120158898
-0.03340906668425955
0.13080650272401417
0.018514790252590126
-0.09390097722691482
-0.0725955795663389
0.060968264373449044
0.04713504180737827
====================
100
0
0.4707010395668192
0.01975390397648141
-3.8821519142508976
-0.16292221535520826
-2.6254782024980106
-0.16876341087430763
1.0883337373221913
0.06995712762167369
-0.19711243796601707
-1.1452294648861088
0.4178512253811112
2.4277287632539766
====================
150
0
3.363335494636793
0.11060815146526934
-6.314961353652858
-0.20767663618927415
-4.0072325274182
-0.1685984113424033
1.2323404219730207
0.0518489096792049
-0.3915350459513298
-0.24607593788277338
0.38681117467854764
0.24310703109931303
====================
200
0
5.865967065572605
0.15493628430060025
-8.323824513321984
-0.2198550429703905
-6.013198600766675
-0.1886398075157913
2.948558536532648
0.09249910932754579
-0.15244082024065597
-1.1961350406161901
0.4040525960366236
3.1704202824962713
====================
0
0
0.0
0.0
9.288402935681006e-08
1.857660593848342e-08
0.0
-0.0
-1.7336077134191756e-10
0.00018602107961112542
0.0
0.0
-1.0328900816899056e-08
-0.014763840033701426
====================
50
0
0.41476640250162333
0.029770755502293158
0.33984510215825736
0.0243931171473459
0.010413287471415344
0.001528217241752304
-0.0720953993740121
-0.01058046584009349
-0.18320418556546625
-0.13253570636624337
-0.1718372819006624
-0.12431252848544393
====================
100
0
1.6949792080532866
0.07496516997462664
0.13240152035699282
0.00585582550588368
-2.152388724617909
-0.14278119260943012
-0.12804404037689388
-0.008493949342160948
-0.14496701841490858
-1.2132407809375063
-0.05260373917949371
-0.4402449764104303
====================
150
0
2.4951881986022215
0.07975578341138974
1.3745260273487219
0.04393512288650379
-3.137426006085086
-0.1371000884104148
-2.7975774183585287
-0.1222492930982394
-0.03443664024565707
-0.027917079560548293
-0.28211294553870814
-0.22870319199208133
====================
200
0
2.438178254495412
0.05903465629549807
1.9502204656867264
0.04721992523720899
-3.1949740151029324
-0.11002100587920957
-3.811676027780699
-0.13125754033670656
0.07463627465315348
-0.7454989610929578
-0.05552967953803552
0.5546541356439642
====================
0
0
0.0
0.0
-7.820915914891202e-08
-1.5641663193993677e-08
0.0
-0.0
-2.3202901079855604e-10
0.00024892747738642675
0.0
0.0
-1.2028770435706569e-08
-0.01745123302240027
====================
50
0
-0.21691146647949466
-0.014897369474663727
-0.22791131644178364
-0.01565283358964898
-0.30219446752532964
-0.042376779232781145
-0.3401235179679203
-0.04769557613292611
-0.10185556438521504
-0.07826403096173522
-0.10821858496073644
-0.08315326447920275
====================
100
0
1.1322721740994268
0.048875022419857354
1.257432030364452
0.054277602224385935
-0.6476629767579585
-0.04769474211997997
-2.365736392495183
-0.1742158981029372
0.09494562097082783
-0.7915961756025829
-0.03766203472360102
0.31400208190511886
====================
150
0
1.3578774817253176
0.04189283107704294
1.4192212922591736
0.04378539202374314
0.26854210510514065
0.013776944477945027
-2.4495533471399114
-0.12566878645007293
-0.0032241345309549363
-0.0026805158287308384
-0.07925167037666903
-0.06588911066161383
====================
200
0
1.414637395076717
0.03343360382406503
0.8492946267700887
0.020072267409415142
-0.25939173469100396
-0.009929703732906334
-5.152411371817941
-0.1972380442004269
0.011889775287435442
-0.32233716339361523
-0.11310831168169347
3.0664172755431434
