====================
0
2
0.0
0.0
-9.919368415545193e-08
-6.419705426956592e-08
0.0
-0.0
-5.166489458474643e-10
1.0864740763880683e-10
0.0
0.0
-2.3439164658260367e-08
-0.03344723103473235
====================
0
2
0.0
0.0
-5.037449568590091e-09
-3.2601819979611905e-09
0.0
-0.0
-2.1390444970847966e-10
4.4982505295325536e-11
0.0
0.0
-1.1222355502885668e-08
-0.01617576189915655
====================
0
2
0.0
0.0
-3.1001973876954025e-07
-2.0064134146391293e-07
0.0
-0.0
-5.186038265492243e-10
1.0905850442430752e-10
0.0
0.0
-2.5324602165804776e-08
-0.03594106444472938
====================
0
2
0.0
0.0
-9.69125801830728e-09
-6.272074693780312e-09
0.0
-0.0
-2.3587709563344106e-10
4.960318832843302e-11
0.0
0.0
-1.140968031593225e-08
-0.016569879820672834
====================
0
2
0.0
0.0
-1.7191959655882272e-07
-1.1126445727882353e-07
0.0
-0.0
-2.467626103452858e-10
5.189233062829637e-11
0.0
0.0
-1.2809132363160712e-08
-0.018192619903678486
====================
0
2
0.0
0.0
1.0445138443060387e-07
6.7599788157074e-08
0.0
-0.0
-2.1436630248672373e-10
4.5079629479583764e-11
0.0
0.0
-9.486773127560893e-09
-0.013659480327466045
====================
0
2
0.0
0.0
1.7008414299191088e-07
1.1007658357420141e-07
0.0
-0.0
-4.0966963155142366e-10
8.61504582819136e-11
0.0
0.0
-2.019022851726815e-08
-0.028952371521668577
====================
0
2
0.0
0.0
2.7956810910723107e-07
1.8093340795955316e-07
0.0
-0.0
-3.828972694464028e-10
8.05204308473679e-11
0.0
0.0
-1.9130544453572804e-08
-0.027545013684171196
====================
0
2
0.0
0.0
1.3589437175554053e-07
8.794934417888868e-08
0.0
-0.0
-3.469802223321494e-10
7.2967344576935e-11
0.0
0.0
-2.0443506209208035e-08
-0.029500672879877985
====================
50
2
0.09960461252497232
0.009232085990269027
0.40924764135842295
0.037932072828339033
0.11153078712450482
0.05684173829963215
-0.5022634580638861
-0.255978898533775
-0.1273569670156438
-0.09597818419447113
-0.1631853249399704
-0.12297899001472958
====================
100
2
1.1865185930494668
0.060359506033896476
-4.648652704951779
-0.23648207675606822
-1.3146215232537575
-0.13851220285632665
2.417557893706645
0.2547206655807744
-0.13272296164088027
-1.2320350557920363
0.32107683100712425
2.980478332556661
====================
0
2
0.0
0.0
1.8419992442453292e-07
1.1921216404038384e-07
0.0
-0.0
-2.3662849457650736e-10
4.976120190622763e-11
0.0
0.0
-8.762463689547732e-09
-0.012583122678576392
====================
50
2
4.0706230965672106
0.6017974133830668
3.1621710044568143
0.4674926383535358
-12.392217524263607
-0.8523473251095275
-12.093471930449281
-0.8317993475359149
-1.4154030894182217
-0.5396485389991142
-1.240197141502088
-0.47284803918124285
====================
100
2
11.33601587390175
1.2051850426773547
6.515182200522979
0.6926595927291554
-27.736207936791388
-0.7690930026755969
-21.50525070574026
-0.596315757231903
-0.17670875672889957
-1.1075198884594801
0.49542757662523806
3.10508604418243
====================
0
2
0.0
0.0
-1.7640503657823103e-07
-1.1416738598814797e-07
0.0
-0.0
-2.459330517012859e-10
5.1717880651816514e-11
0.0
0.0
-1.2858465326030513e-08
-0.018248931529799395
====================
50
2
-0.6057838552642121
-0.05301758244493738
-0.629084328840495
-0.055056816023220635
0.3316174754207537
0.18077083071080283
-1.052418434235493
-0.5736927897745108
-0.0021603888009780192
-0.0017829876303437733
-0.1811317577208451
-0.1494896119311896
====================
100
2
-0.682794493612306
-0.031910001246284916
-0.3079479371704288
-0.014391766704080733
-0.25301857169848674
-0.029351247636609217
-4.369087062017737
-0.5068329784740263
0.043699187552127025
-0.7435916856319517
0.13852724516807424
-2.357199607374969
====================
0
2
0.0
0.0
-2.9646627663915126e-07
-1.918697094582231e-07
0.0
-0.0
-4.49055015394606e-10
9.443290981294147e-11
0.0
0.0
-2.5249055087114855e-08
-0.036525348640832594
====================
50
2
0.21983136121968272
0.020605196466364308
-1.3567843777677044
-0.1271738868889571
0.3874880942645076
0.22980356575596328
0.3501524464921477
0.20766129838080055
-0.045759761576716684
-0.036744811603302306
0.27532273992588197
0.22108249387883752
====================
100
2
1.0648241768882976
0.05383549564715438
-3.702782912025672
-0.18720569805734888
-0.8273409130440115
-0.09188863364859093
-0.9239190546792262
-0.10261508671680501
0.001805598941598225
-0.06736816260872378
0.2486515618083422
-9.277364127157835
====================
0
2
0.0
0.0
1.0445138376447005e-07
6.75997877259595e-08
0.0
-0.0
-2.1437251973566163e-10
4.5080936920516653e-11
0.0
0.0
-9.486773127569258e-09
-0.013659480327478088
====================
50
2
-1.3827158301557283
-0.11363846118885527
-1.0513924624213722
-0.08640865963158158
-0.18580666015909575
-0.0774514094578504
-1.028499712156399
-0.42871849838589876
-0.020360719335801525
-0.016486968973316606
-0.04055990869342607
-0.032843140026651
====================
100
2
-1.2428693982553405
-0.05677655676086638
-0.9542634981760223
-0.043592509192895035
0.9492961864566212
0.12631247277125005
-4.273628686990666
-0.5686450813363808
0.3327174600955908
-0.9708826090672661
0.20634664036632505
-0.6021275965305959
====================
0
2
0.0
0.0
-2.4121809727439825e-07
-1.5611368587077768e-07
0.0
-0.0
-4.714530987826038e-10
9.914305916732634e-11
0.0
0.0
-2.4660027455970543e-08
-0.03498093211982102
====================
50
2
-0.34990625621025373
-0.03122249175979477
-0.9174417619097781
-0.08186426319313186
-0.04821885111284718
-0.02227287589790529
-3.131139971603506
-1.4463117722005316
0.02161783089175251
0.018280295234110715
0.19722972494937552
0.1667798040918412
====================
100
2
-0.21918377140632117
-0.01043565268340122
-11.703428646452707
-0.5572169680981528
0.5762684196598791
0.07494684193701802
-4.046730272566765
-0.5262992795593633
0.18160298610061948
-0.8990889246585445
2.5740233228978315
-12.743600262982298
====================
0
2
0.0
0.0
-9.691276670054094e-09
-6.272086764983964e-09
0.0
-0.0
-2.3587887199028046e-10
4.960356188298526e-11
0.0
0.0
-1.1409680315937014e-08
-0.016569879820679752
====================
50
2
-0.43363623847291066
-0.038299638559586645
-0.7638331097187336
-0.06746330086501783
-0.42973978370465593
-0.1716625340876476
-0.34437710244358977
-0.13756381961567862
-0.02180026953297487
-0.017848885044620955
0.014778816477865275
0.012100097937319908
====================
100
2
0.28753986923880603
0.013987779505349468
-1.6967552392438527
-0.08254103413178573
-1.2966301119351016
-0.13687604689469068
-1.2998279719397932
-0.13721362230030237
-0.08265285521403254
-1.4335394542415263
0.006611123662836504
0.11466399536959802
====================
0
2
0.0
0.0
-1.253083827812418e-07
-8.109820185773643e-08
0.0
-0.0
-2.3521007364024626e-10
4.9462918597400773e-11
0.0
0.0
-1.2373457754432173e-08
-0.017542099447315846
====================
50
2
-0.7522370307152269
-0.06462072054943174
-0.3771418391946124
-0.03239826863471699
0.49454656048135104
0.3131800087220532
0.5031932559884698
0.3186556755059869
0.05123074160238961
0.04461252172923205
0.027386823424271345
0.023848869192495886
====================
100
2
-0.9247101789210781
-0.04247878078517854
-0.7099960381610693
-0.03261537155195886
1.9371753544016297
0.3104836048979361
-0.019108182615607205
-0.0030625918340646875
0.3850023265814551
-0.9390331458821735
0.3000078003759483
-0.7317287432459575
====================
150
2
-2.0171685151766496
-0.062386800565795694
-2.4471774397806314
-0.07568607666441732
5.9595782919455065
0.6588210037222656
1.7932003515289239
0.19823517665102058
0.24311335813539525
0.25417869365105644
0.24726948361127787
0.25852398570827606
====================
200
2
-2.6626109184286264
-0.06201611192342272
-3.4129665034353067
-0.07949299358873277
7.693398346536929
0.5735034123401538
2.210818128373404
0.1648051593814002
0.18115382768663862
-0.8787469838735201
0.12949437663331975
-0.6281556086794428
====================
250
2
-3.582923957645974
-0.06718838537776459
-5.466688338243458
-0.10251346865071408
9.902061857697348
0.5490444697338145
3.67401249362457
0.20371476873672004
0.05665035802452034
0.04956593320372778
0.08534879328653622
0.07467547840082768
====================
300
2
-2.9458131076065754
-0.04702398444238039
-7.645405299481311
-0.12204352643084126
8.912141892339182
0.3546734770301316
6.792617952315634
0.2703235043144878
-0.09112144591399735
-1.3780156319840462
0.347038899378029
5.248215976520203
====================
350
2
-2.6535168600377546
-0.036944373380885354
-11.394292876184501
-0.1586404129434975
8.872449677485292
0.27729493658626847
10.398814760955595
0.32499915857835693
-0.15672106853246137
-0.11555038190933646
0.34608504612086444
0.25516836776858176
====================
400
2
-1.8440198853606518
-0.022773933163540788
-17.6073221846001
-0.2174531748840587
8.229767003922497
0.2124257394712972
15.348811697118656
0.3961816504904823
0.009165046183558796
-0.26828681094389334
0.7557805250110281
-22.12383252279215
====================
450
2
-1.7991995613393783
-0.01990312082960527
-24.99434265656876
-0.27649263185675577
8.396695583479556
0.184933224706422
19.821846492167047
0.43656673687735065
-0.02030659454733863
-0.01664630146848941
0.7624828834199002
0.6250442393175274
====================
500
2
-3.0785676027879703
-0.030291110238786202
-34.32763977748037
-0.3377617304214241
7.745414927019397
0.14849922563688653
25.5267576974558
0.48941261208214754
0.1409580847642849
-0.8493783459535126
1.003815742526053
-6.048743897554059
====================
0
2
0.0
0.0
-1.6888821074978466e-07
-1.0930258033366836e-07
0.0
-0.0
-5.210489817386588e-10
1.0957270226475797e-10
0.0
0.0
-2.3307247935979646e-08
-0.03325898844367598
====================
0
2
0.0
0.0
1.2676264926625436e-07
8.203939163239793e-08
0.0
-0.0
-1.972537688743614e-10
4.1480991700886876e-11
0.0
0.0
-1.0060806494660926e-08
-0.01444757625857514
====================
50
2
-0.9679452063823053
-0.08175162071156346
-1.0989039607390119
-0.09281225755798402
-0.7403522508354987
-0.26101423887917535
-0.9648594344759001
-0.3401651722283697
-0.01884274386834739
-0.015434429811938334
-0.018628867627710877
-0.015259239943222308
====================
100
2
0.1247932129975915
0.006032119119440387
-0.5834256445840396
-0.028200996680285324
-0.8105741537590561
-0.08973172309119305
-2.410602146896349
-0.26685712013540996
0.028344245543034975
-0.5564504124617627
-0.0021794815004605173
0.042787287389346326
====================
150
2
0.7144879512458573
0.024175649065156974
-0.46304865911845283
-0.01566786656572625
-0.06893956854636407
-0.004552443839939743
-2.500987630067158
-0.16515342306802436
-0.006314885145314086
-0.00522626667428868
-0.030240148183078963
-0.025027070966136516
====================
200
2
0.6206129069811013
0.015676518360705414
1.0674972212084484
0.02696469828460375
-0.9522675268407355
-0.04298518612439291
-5.59702538965449
-0.25264872668233807
-0.028453630129156728
-4.8553354243902085
-0.19241992053417004
-32.83458919958883
====================
0
2
0.0
0.0
2.8176340594043836e-08
1.8235415708513e-08
0.0
-0.0
-2.4215562888230124e-10
5.092351689608336e-11
0.0
0.0
-1.1029814438020246e-08
-0.015739330183367994
====================
50
2
0.18794485713373454
0.01762244116795386
-0.40103724422046305
-0.037602812602659616
-0.2789799728289699
-0.11619354322343925
-1.2482709173161097
-0.5198976088317626
-0.007039034810256695
-0.005808724853727662
-0.00014839923788212417
-0.00012246144032475713
====================
100
2
0.2315094815234815
0.011268286719324951
-0.8424217839580486
-0.041003289099767144
-1.5116518357026134
-0.1544402614866288
-3.3017250397014237
-0.33732587520818114
-0.12562621979925617
-1.1872253076404413
-0.09666169152948823
-0.9134972511830813
====================
150
2
1.0954621090387775
0.037621758921350876
-2.2774324283392744
-0.07821449329162869
-1.9695558958518387
-0.11501814686334502
-5.355915804254122
-0.3127748300308977
-0.09460784594895477
-0.07281040530438469
0.029692306653012146
0.022851264185787937
====================
200
2
2.2494341226837946
0.059371388029693106
-3.67309498301298
-0.09694738125791201
-3.837492080461253
-0.1526079626046044
-8.427451898509165
-0.33513978327877225
-0.1289699095620461
-1.1814903224361506
0.01122610140027018
0.10284205213561998
====================
0
2
0.0
0.0
2.6049339885148015e-07
1.6858846301831493e-07
0.0
-0.0
-3.4926195269235905e-10
7.344717539992692e-11
0.0
0.0
-2.002262595579953e-08
-0.028792489768794137
====================
50
2
-1.5364922479296137
-0.12366077554684657
-1.610187507902717
-0.1295919561399672
-0.8276415766070326
-0.2852656937047536
-0.767545461492185
-0.26455218624965693
-0.07392883566566599
-0.058051309647258915
-0.05146996119718783
-0.04041587599868005
====================
100
2
-1.9917717505545482
-0.08722139267872359
-3.247541320398714
-0.1422126188244275
-3.3533414551224343
-0.29084286691827266
-0.1031716851324127
-0.008948312926159992
-0.07138651416916966
-1.5388285310069503
0.0953968015380791
2.056401292066498
====================
150
2
-3.068426921446097
-0.09191167743488923
-6.397730041134839
-0.19163764199381988
-3.739287393382904
-0.19948517298790439
1.8344382613320427
0.09786443121355995
0.001147499849782907
0.0009575008863984956
0.29705675786957064
0.24787115137713375
====================
200
2
-2.883644025452412
-0.06682029324068048
-8.137586154549908
-0.18856554010095508
-4.004170908230773
-0.15945053902180986
2.2497051387177187
0.08958576075544522
0.036469991245419796
-0.5933327544005201
0.24026109204023102
-3.9088239576534134
====================
0
2
0.0
0.0
-1.06980906355858e-08
-6.923686483165677e-09
0.0
-0.0
-9.022116387313872e-11
1.8972835709520848e-11
0.0
0.0
-1.0591965063052946e-08
-0.01498244559532243
====================
50
2
1.0204111820984405
0.1034044647151307
0.537147193680763
0.05443238863922562
0.1543859782470447
0.08043980666311834
0.38725696835582335
0.20177269993807917
-0.12990596850503788
-0.09771144927483971
-0.04841042449524258
-0.03641289766649104
====================
100
2
2.5458134588173635
0.13912893498948659
0.36243523273014233
0.01980711813654879
-2.973219248123751
-0.26666566555965265
-0.4800853973902317
-0.043058476801307165
-0.20649751640921482
-1.1377199277133858
-0.04245289939264155
-0.23389874352050294
====================
150
2
5.613990672117705
0.2272677611146373
2.644818595414886
0.10706857845696442
-4.319547699528307
-0.22352181522346473
-2.161014058159566
-0.11182508415313928
-0.44342963655552303
-0.2698886943919463
-0.32882459511972795
-0.2001355645738658
====================
200
2
11.157509075285333
0.3832343906296758
5.391100362871249
0.18517171247163441
-8.506422986495302
-0.287237866672431
-4.1893406879684
-0.1414621967290437
-0.5261986073098734
-1.0498727387778832
-0.27297214130001535
-0.544634679027082
====================
0
2
0.0
0.0
-1.6038896855086193e-07
-1.0380197419086143e-07
0.0
-0.0
-3.2432279084559923e-10
6.820265626315469e-11
0.0
0.0
-1.198476209532323e-08
-0.01733718796203619
====================
50
2
-0.8653554677844273
-0.07362270653640299
-0.6869431038706981
-0.05844374066643915
0.5797325991963782
0.38805967011629156
0.39725660603036594
0.2659144365891379
-0.029062819059391787
-0.023654415424131253
-0.054504304853247865
-0.04436140440359605
====================
100
2
-0.6602602241500186
-0.03070362914100825
0.07118035732485595
0.003310051421377547
-0.975773773436627
-0.10661668155280267
-1.3130574947749123
-0.143469558817805
-0.15039973590054906
-1.199327678536241
-0.19711561292942265
-1.5718525637186953
====================
150
2
0.19111050020424258
0.006343921324550873
0.6065530636470697
0.02013455519623451
-2.8471288504786347
-0.15948041892625897
-2.572211598430746
-0.14408107424283076
-0.14916359642032972
-0.11059450957213261
-0.15334601826220684
-0.1136954866437952
====================
200
2
1.381517595069674
0.035523675309055265
1.0550282207587642
0.02712848543505844
-5.541311139832384
-0.2079334404822747
-4.940703164969616
-0.18539608795994644
-0.21270264060572575
-1.133167433229399
-0.20912145315719766
-1.114088756173931
