====================
0
3
0.0
-0.0
-2.0437348435820013e-07
5.052451173900638e-08
0.0
0.0
-3.733924280879819e-10
-1.27050506992744e-10
0.0
0.0
-2.440356114984281e-08
-0.03527739585726192
====================
0
3
0.0
-0.0
-1.986878697124439e-07
4.9118936002362505e-08
0.0
0.0
-2.984688052265483e-10
-1.0155699518567967e-10
0.0
0.0
-1.232771352562981e-08
-0.01750872604383467
====================
0
3
0.0
-0.0
1.1607713812367138e-07
-2.869619204160137e-08
0.0
0.0
-2.8750068992167144e-10
-9.782498429109379e-11
0.0
0.0
-2.065268006290421e-08
-0.029213198128389867
====================
0
3
0.0
-0.0
-1.7808421581833045e-07
4.4025369661126746e-08
0.0
0.0
-2.6992719170948476e-10
-9.184542582619119e-11
0.0
0.0
-1.2799118740190526e-08
-0.01852778563533917
====================
0
3
0.0
-0.0
-4.3130346405462205e-08
1.0662536206122796e-08
0.0
0.0
-2.771294305148331e-10
-9.429605958887045e-11
0.0
0.0
-1.1590556438940591e-08
-0.01672542782550154
====================
0
3
0.0
-0.0
-1.4329648490019053e-07
3.542526657431404e-08
0.0
0.0
-2.890518935316777e-10
-9.835279682764841e-11
0.0
0.0
-1.256756421898551e-08
-0.017827294208871965
====================
0
3
0.0
-0.0
-3.5729274294737934e-07
8.832869117960855e-08
0.0
0.0
-5.533942193380881e-10
-1.8829791618420984e-10
0.0
0.0
-2.5020860829513068e-08
-0.03556314558728427
====================
0
3
0.0
-0.0
-9.91799540273064e-08
2.4518929019852063e-08
0.0
0.0
-5.166556071856121e-10
-1.757972360739269e-10
0.0
0.0
-2.3439060254227603e-08
-0.033446810405247794
====================
0
3
0.0
-0.0
-3.975233786590593e-07
9.827436860892953e-08
0.0
0.0
-3.1039348868944217e-10
-1.056144879729844e-10
0.0
0.0
-2.5454389058055154e-08
-0.036865055772328806
====================
50
3
0.15610742255387322
0.03035763933567255
-0.6130866707234652
-0.11922472184119351
-0.3727546753143507
-0.03675855501742093
-0.6436393664762079
-0.06347137844492862
-0.051733123371195955
-0.04134307977880916
-0.09562667022368787
-0.07642107799431723
====================
100
3
0.95860825639053
0.0670577832202479
-4.509049007588649
-0.31542272754760364
-2.0317462970155997
-0.11349047698511383
2.139906388840547
0.11953214686781413
-0.1028343624392576
-1.3211331261651793
0.16517727652117992
2.122064711888266
====================
0
3
0.0
-0.0
-1.5207954895402054e-07
3.7596586432742174e-08
0.0
0.0
-3.3154723411144005e-10
-1.128122613441625e-10
0.0
0.0
-1.2020131232806923e-08
-0.01710254992211344
====================
50
3
2.961579718262113
1.2673628945949493
2.2836024474763996
0.9772328565364842
-11.516669666701139
-0.5410814412006618
-11.354582737091166
-0.533466198946494
-1.3347105435277966
-0.5266604714093215
-1.2091544155129423
-0.4771175574874348
====================
100
3
4.650040969082397
0.4385249692805252
7.209093114026215
0.6798579533789852
-21.99806294592566
-0.5809040263451413
-20.6395153685707
-0.5450287877113186
0.359006695797782
-0.9349062039484958
0.5276391481040632
-1.374049895956385
====================
0
3
0.0
-0.0
-7.821073211289331e-08
1.9334989922146572e-08
0.0
0.0
-2.3201174315090611e-10
-7.894431535833776e-11
0.0
0.0
-1.2028780408879272e-08
-0.017451277274734594
====================
50
3
0.7034355255435125
0.1544855029765875
-0.013716311786002855
-0.003012317758059083
0.9298257828080789
0.10453915607607372
-1.3514217551993886
-0.1519386667949071
-0.014208609750455459
-0.01164786777825548
-0.2935119696850924
-0.24061387245277094
====================
100
3
1.280615697353781
0.0921667369383248
-0.3911397164598913
-0.02815057743519961
0.6077533854923249
0.039517035641433045
-5.974440157989896
-0.388467049788038
-0.025792139606872464
-3.763108771507837
-0.3778885074233271
-55.134454861504274
====================
0
3
0.0
-0.0
-2.412048170086223e-07
5.962982935339064e-08
0.0
0.0
-4.714957313467494e-10
-1.6043113678882801e-10
0.0
0.0
-2.465991262116601e-08
-0.034980487054005194
====================
50
3
0.45142331787693557
0.09510754509289929
-1.4497033482327049
-0.3054288981167705
-0.6616343032032841
-0.06262546259298234
-0.5960068974164656
-0.056413652494445
-0.1857768533978319
-0.1327043775329434
0.008824274396571408
0.006303367828441025
====================
100
3
2.7062094870518916
0.218999450021664
-3.1215562282684033
-0.25261130022391787
-2.967358424691554
-0.15521415241457226
-3.238707132740455
-0.16940763823621757
-0.27832488240957337
-1.038905052702351
0.010372887358952365
0.038718942392185075
====================
0
3
0.0
-0.0
-1.9085004065999556e-07
4.7181294435028523e-08
0.0
0.0
-2.3952750893840857e-10
-8.150162980706176e-11
0.0
0.0
-1.2226006056933282e-08
-0.01735119515665217
====================
50
3
-1.3448764145120213
-0.20244218182038795
-0.4573553203964922
-0.06884499417875756
0.19472485673363238
0.020340741593228344
-1.3791052125291756
-0.14405979405240021
0.00993738938122557
0.008353258462003526
-0.1547070527265606
-0.13004501964683896
====================
100
3
-1.6435268133402037
-0.09726511712036434
-0.9017773297286755
-0.05336784096286788
0.08810275048625371
0.005582305713909503
-5.369768109649328
-0.3402355435604868
0.2586875063472073
-0.9118866357039422
-0.1760426778698455
0.6205594059404768
====================
0
3
0.0
-0.0
-6.229275228974984e-08
1.5399801023332963e-08
0.0
0.0
-3.503908274637979e-10
-1.1922398238708598e-10
0.0
0.0
-2.2454723637204542e-08
-0.031481757466722333
====================
50
3
-0.43061161954841065
-0.07529751839151146
0.9408296725109748
0.16451516018882192
-0.1042959607866063
-0.01054976647655851
-4.787573542541703
-0.4842736236593656
-0.0217799542385384
-0.01781080028732625
-0.9689318654238652
-0.7923548304135025
====================
100
3
-0.27698254620692886
-0.017856546437268583
-6.3746105460877835
-0.41095921311474704
-0.5111054776557431
-0.03114507132620442
-12.555193506518851
-0.7650718185771616
-0.051791196927223726
-1.830970264592341
0.39402185649520244
13.929824866877414
====================
0
3
0.0
-0.0
9.288253988160022e-08
-2.296210357326147e-08
0.0
0.0
-1.733462262620833e-10
-5.898278667086074e-11
0.0
0.0
-1.0328886703231948e-08
-0.014763844982681323
====================
50
3
0.9770830078664376
0.22839106732041334
0.010319424526512577
0.002412143454310107
0.4976453004042387
0.053344330024344744
-0.536896880353515
-0.05755184335379909
-0.12005023415042837
-0.09054059730154936
-0.17220179411208436
-0.1298727437363429
====================
100
3
0.8454722519674807
0.05901425375987066
-1.881795318673083
-0.131349959980214
-1.1581833649183118
-0.067532319662746
-1.0279986329881758
-0.05994139995329661
-0.0949623748838458
-1.2451915111952745
-0.06374765120261824
-0.835889311248055
====================
0
3
0.0
-0.0
5.437794836637977e-08
-1.3443129941476763e-08
0.0
0.0
-1.1199219329682819e-10
-3.8106463511271747e-11
0.0
0.0
-1.0746313352058478e-08
-0.015151416349019916
====================
50
3
-0.738544814392923
-0.12233781470266099
-0.42931592954816367
-0.07111494335132006
1.0310633475696456
0.11801376106835108
0.2896498689322282
0.03315283246778224
0.08026111154080073
0.07170533369246612
-0.025604208063161993
-0.02287481755304439
====================
100
3
-1.2086805379449945
-0.07342002788416423
-0.8163591515218496
-0.049588877942994145
1.4284253025596243
0.0989064899882634
-0.9278930480134395
-0.0642488230214542
0.10106752180701263
-0.8017169813869639
-0.0501769718936817
0.3980282658810557
====================
150
3
-1.1635671893262298
-0.04494363550793188
-1.567269837442776
-0.06053694617961148
3.267590660043897
0.16815495673252764
0.7164676568498898
0.03687046523637394
0.1104453987860805
0.1014065947387696
0.03222660722595694
0.029589195518210994
====================
200
3
-0.3938682479123372
-0.0112292333761067
-3.7234038520360038
-0.10615471297730189
4.606231522150587
0.19037070116984742
1.5279617460128847
0.06314905092164574
0.09448875724544917
-0.7907996573289668
0.1054473087403625
-0.8825144710235525
====================
250
3
-1.7812510309733298
-0.038777909525660244
-6.146887297417152
-0.13381799383628903
4.101362982270242
0.13007815263039638
3.0176209433483585
0.09570636867460872
-0.06809176808550288
-0.053714050377537965
0.07611654756794817
0.06004438106960397
====================
300
3
-0.7834063168199066
-0.014271692787657834
-7.714029417725918
-0.14053021483364922
4.100969837498077
0.10897235916212403
5.948051176365119
0.15805362994354333
-0.00566998786577446
0.293381494164078
0.3005961423331196
-15.553709719553826
====================
350
3
-1.4452185354746945
-0.02222518111508527
-11.627729382297005
-0.17881613412456443
4.338444607569109
0.09810014202190731
9.673091244170607
0.2187262281022194
-0.08095014888333685
-0.06321613677854582
0.30982152984109934
0.24194792075799215
====================
400
3
-0.7180253913716115
-0.009669794490175881
-17.34662695301025
-0.23361056551625847
3.3099572780654754
0.06445138570304303
14.216311479354708
0.27681957725025463
-0.031661327312299474
-4.750380674074071
0.5994587315564472
89.94118108827593
====================
450
3
-1.090107831482939
-0.012962260623828239
-25.58838581567263
-0.3042665287842301
3.362215277181839
0.05783697843511147
19.079665294981623
0.3282092606336449
-0.051465430156862224
-0.041137949137413185
0.7513204654432875
0.6005542555284058
====================
500
3
0.012763874630664418
0.00013731802295256158
-34.02347814701891
-0.36603593252898625
1.215750050822308
0.018314502026306904
25.79704859364206
0.3886161455814318
-0.11262748822457601
-1.2852446115910703
0.9661251013406802
11.024902536626382
====================
0
3
0.0
-0.0
1.166588834422555e-07
-2.884000912022506e-08
0.0
0.0
-2.791478159736016e-10
-9.498283541520624e-11
0.0
0.0
-2.1384342611186865e-08
-0.030216861652368792
====================
0
3
0.0
-0.0
-1.9705790244017862e-07
4.871598100423478e-08
0.0
0.0
-2.7893243270682433e-10
-9.490954911413498e-11
0.0
0.0
-1.2277341229000483e-08
-0.01779953424608098
====================
50
3
0.5431765227749334
0.1172300804339687
0.2820287663224521
0.060868343115730444
-0.892114950742311
-0.08242337060227194
-1.0840537884744013
-0.10015678706636966
-0.07221791610511219
-0.05600806802656667
-0.07956850141588823
-0.06170875982611698
====================
100
3
1.017930375061173
0.0726830205059425
-0.12427296191305004
-0.008873430305601808
-1.9626506431871071
-0.1080081446646262
-2.7131584566453846
-0.14930992028593634
0.02143087291178497
-0.7440006005595005
-0.008230926088400516
0.28574729448203295
====================
150
3
1.7189301055122073
0.07587654304114906
0.22948418268382653
0.01012982808831759
-1.9958619558660793
-0.07920279214702888
-3.0315761605569413
-0.12030355897950211
-0.20873264366622735
-0.1463830411363216
-0.23159868530115868
-0.1624188688558388
====================
200
3
2.93006932825579
0.09364367921038111
0.28000314517589686
0.008948772799296867
-3.2303064102501367
-0.09875275684484158
-5.470700547196174
-0.16724319377070235
-0.03153155264365838
-1.3052483433068522
-0.07526414157234289
-3.1155584759150963
====================
0
3
0.0
-0.0
1.0445771092548739e-07
-2.5823676792684338e-08
0.0
0.0
-2.1438539832274728e-10
-7.294677529253568e-11
0.0
0.0
-9.486708613406368e-09
-0.013659275123339854
====================
50
3
-0.96434249449627
-0.15515891447107064
-0.3016491823898626
-0.04853416701826999
-0.11519537406941538
-0.011580180162636095
-1.352893779822601
-0.13600158719754535
0.1002275772810457
0.09059872870972155
-0.10204597622937994
-0.09224243433920334
====================
100
3
-1.6750584689508123
-0.09947570977079413
-1.01339859617514
-0.06018210498549985
0.6115134244103739
0.03972805252427989
-3.4470322644943607
-0.22394255529019955
0.16754697998367934
-0.9026575047557429
0.0014113736082510264
-0.00760375973130688
====================
150
3
-3.0525148067984453
-0.11043498610250979
-1.6928217690288179
-0.0612435189897729
2.1983100918506686
0.106197770749506
-5.237855027472113
-0.2530346057586206
0.05363515099458249
0.046523051222138054
-0.16527514675303523
-0.1433594196260302
====================
200
3
-3.722199408599927
-0.0973799279567404
-3.2568153563483406
-0.08520458201053227
2.462549709742035
0.09255105171160606
-8.04765277071182
-0.30245835232996093
0.19440320020074903
-0.9149615177945272
-0.08703822681629483
0.4096466932218465
====================
0
3
0.0
-0.0
-3.3193353576876916e-07
8.205947410911787e-08
0.0
0.0
-6.082112591343503e-10
-2.069499620534857e-10
0.0
0.0
-2.5549030918183598e-08
-0.036286614066908626
====================
50
3
0.6072697477589148
0.1349140478893797
-0.970892277849686
-0.21569822595747534
-0.5838295988653499
-0.05505601036762451
0.1695521678405818
0.015989024757611176
-0.12708622491267763
-0.09386155047900945
0.060234769619323725
0.044487346076259635
====================
100
3
1.429476225409621
0.10616961993950147
-3.25083786756613
-0.24144523340046065
-2.4292253060141356
-0.12906318393521063
0.09172858246269655
0.004873480809371352
-0.13883315096866186
-0.983611914488803
0.046048740228234325
0.32624837237840365
====================
150
3
1.6991185733573921
0.07559541465561784
-6.04814034325717
-0.26908756358331376
-3.500808019877457
-0.12976205863321058
1.737817458591568
0.06441449221870486
-0.11742527098960376
-0.08734956051130735
0.24407034887709234
0.18155749208484254
====================
200
3
3.249156332602613
0.1057958573000734
-8.5005199960782
-0.27678563553793173
-4.626907298049893
-0.13420242761970444
2.9601214259320727
0.08585767032259688
-0.10429918075955992
-0.9783034682013428
0.23449858959002273
2.1995454021168337
====================
0
3
0.0
-0.0
4.484045845742912e-08
-1.1085304245910899e-08
0.0
0.0
-2.7722668605179024e-10
-9.432915175533457e-11
0.0
0.0
-1.0814038657041193e-08
-0.015570408582194216
====================
50
3
0.2271083960505207
0.04478327665571129
-0.011311269672875213
-0.002230457913035691
-0.2797452021231521
-0.027841952609982044
0.02170730898587081
0.0021604440880054455
-0.1567673996852741
-0.1155805957098146
-0.09448826319516379
-0.06966378066873456
====================
100
3
1.9139823034909096
0.14347819393580893
0.4124500122853991
0.030918563219512196
-0.9628735589202062
-0.05719991814707311
0.5575305175232508
0.033120340330654
-0.025813466434412884
-31.591030541613847
0.09178320461880027
112.3261003200348
====================
150
3
1.1840636807125904
0.05029612695028403
2.1434190314750268
0.09104719405787655
-0.19649749035944453
-0.008582134934985195
-2.0836581254406035
-0.09100490371759126
-0.022977562453600164
-0.0187946725677909
-0.3085787257956788
-0.25240432375833743
====================
200
3
1.9621926009163104
0.0599706831261202
3.9854633092661444
0.1218081023846305
-1.0540557333173695
-0.03530417844013294
-3.746543889034207
-0.1254854461784214
-0.05602350758472677
-1.805628253942113
-0.16078745548644047
-5.182152725205748
====================
0
3
0.0
-0.0
8.538345142028447e-08
-2.1108203920831978e-08
0.0
0.0
-1.8077939145655364e-10
-6.151199545036423e-11
0.0
0.0
-1.0378786573766309e-08
-0.014924548580423072
====================
50
3
0.7911647397455255
0.17553273370632788
0.6163944751538128
0.13675711495942952
0.09273490267048423
0.009584869820864343
-0.14962536960779182
-0.015464939826219888
-0.16281907780114668
-0.11950912314602836
-0.18085127704617632
-0.13274474853631535
====================
100
3
1.1095214357487215
0.07844276555966119
0.8371464828271815
0.059185954570759355
-0.5761347599935718
-0.03503033345792835
-0.7983594510622414
-0.04854211155444082
-0.03755270469865447
-2.99073209773046
-0.05096127586308651
-4.058603093653874
====================
150
3
1.1659143024089396
0.04948703442392173
1.3683624802166499
0.05807991292582419
-0.5243482064978302
-0.022577899114530807
-1.6872115218264838
-0.07264960774654615
-0.11023046485628729
-0.0841575914536047
-0.14924094004285027
-0.11394089716171352
====================
200
3
2.3115340004496474
0.07141008082302706
3.7590543787256863
0.11612824079193224
-2.0334032786309173
-0.0659430469969085
-4.8219355811097095
-0.15637484604395493
-0.10112630366620373
-1.3283378435504039
-0.18183726706682346
-2.3885113413214363
