====================
0
4
0.0
-0.0
1.7409559305292532e-07
-4.3039315509329736e-08
0.0
-0.0
-3.1856783877515227e-10
1.0839582356931293e-10
0.0
0.0
-2.0086010366144916e-08
-0.02838227049656124
====================
0
4
0.0
-0.0
1.342907625101475e-07
-3.3198902291591476e-08
0.0
-0.0
-1.3075673876983274e-10
4.4491259507604426e-11
0.0
0.0
-9.237055325116027e-09
-0.013223846901385453
====================
0
4
0.0
-0.0
1.0997095678533242e-08
-2.718664333773907e-09
0.0
-0.0
-3.1585933868427674e-10
1.0747422991893418e-10
0.0
0.0
-2.174327197275772e-08
-0.030528956332526856
====================
0
4
0.0
-0.0
-5.030604377509462e-09
1.243648749713305e-09
0.0
-0.0
-2.1391244331425696e-10
7.278580145541743e-11
0.0
0.0
-1.1222290149048642e-08
-0.0161755343877615
====================
0
4
0.0
-0.0
-1.600203614060547e-07
3.9559685089507587e-08
0.0
-0.0
-3.614624155545698e-10
1.229911229313452e-10
0.0
0.0
-1.2739934645474806e-08
-0.01842946948924036
====================
0
4
0.0
-0.0
-1.8296865356148828e-08
4.523288474500489e-09
0.0
-0.0
-1.5891865601247446e-10
5.4073627347410875e-11
0.0
0.0
-1.0662942109107263e-08
-0.015215686943810718
====================
0
4
0.0
-0.0
-2.4736870329888916e-08
6.115364290387288e-09
0.0
-0.0
-3.9387249017863724e-10
1.340189678849488e-10
0.0
0.0
-2.273267163999527e-08
-0.03217902924339615
====================
0
4
0.0
-0.0
-3.100063823424648e-07
7.663871776739815e-08
0.0
-0.0
-5.186588936112457e-10
1.7647876239061704e-10
0.0
0.0
-2.5324510466513844e-08
-0.03594064335523338
====================
0
4
0.0
-0.0
3.488041322441404e-08
-8.623016194930752e-09
0.0
-0.0
-3.310471896611489e-10
1.1264204478834764e-10
0.0
0.0
-2.1405341596356e-08
-0.030300139117047795
====================
50
4
0.03103537481815799
0.005892028429098516
0.039000944611635724
0.007404282234703586
0.33288516974809257
0.09358266706542934
-0.43425546457902264
-0.1220804897790881
-0.11132176718918085
-0.08492001289234265
-0.17392176986130403
-0.13267341429984417
====================
100
4
-0.34890358882831585
-0.02236164617022896
-4.497644395225276
-0.28825938106079674
-1.538064119432141
-0.1333873558735053
1.8852439669922276
0.16349624489414263
-0.095053803845491
-1.356797422939582
0.1884436988051203
2.689844220475334
====================
0
4
0.0
-0.0
-5.97328471130254e-08
1.4766949508453374e-08
0.0
-0.0
-2.4160673461892657e-10
8.220905499264502e-11
0.0
0.0
-1.099481738469232e-08
-0.015879414239110632
====================
50
4
6.062430805244453
-7.934626022701868
3.5983423671454893
-4.709579688768417
-12.302999434755332
-0.7597721793045004
-11.745879756897082
-0.7253672332566261
-1.5960754761697753
-0.570912806710695
-1.2884317818175033
-0.46086931087865945
====================
100
4
18.74011956774014
-5.375425241393511
7.917322461990045
-2.271008722894998
-27.46906784346549
-0.7332550720225846
-21.53519555849497
-0.5748571979307657
-0.38107163423405993
-1.070198770826306
0.3279672512024451
0.9210608126569602
====================
0
4
0.0
-0.0
-1.6002039160412096e-07
3.955969255496999e-08
0.0
-0.0
-3.614402110940773e-10
1.2298356764644547e-10
0.0
0.0
-1.2739934645480312e-08
-0.018429469489248323
====================
50
4
0.5523054045886955
0.11637085050731914
-0.10665307962511239
-0.022471823527495483
-0.4911170678393457
-0.11209837506621229
-1.049687916082398
-0.23959319971743903
-0.11919000318983408
-0.09037970226637161
-0.18770339857556917
-0.14233221598816906
====================
100
4
1.6082369262626592
0.11785729477582178
-0.13818302910849667
-0.010126541511829597
-2.192202268601978
-0.17991071566521177
-5.459275376461605
-0.44803445104499307
-0.1435902038229594
-1.2107733398380756
-0.23015803945976293
-1.940725834409066
====================
0
4
0.0
-0.0
2.1906740776955758e-07
-5.415709270220967e-08
0.0
-0.0
-3.165392392645572e-10
1.0770557273598558e-10
0.0
0.0
-2.0428051025347728e-08
-0.02941297983944908
====================
50
4
0.29662550068369686
0.05930422757107558
-1.0908876171392574
-0.21810076123657635
-0.11120146331222713
-0.027791954628274496
-0.2821810746521747
-0.07052392468677768
-0.057021919311728286
-0.045377883351947444
0.17635320481135253
0.1403413854402773
====================
100
4
0.45489762474224626
0.030738470289759474
-3.8873615573786147
-0.2626778889090526
-1.5287498170871512
-0.1326867673576354
-1.587849170407699
-0.13781625424776087
-0.03871863235509056
-2.821588919246002
0.11237628706193509
8.189330745260056
====================
0
4
0.0
-0.0
-1.6038243355609438e-07
3.9649195325013833e-08
0.0
-0.0
-3.243578738931774e-10
1.1036593965250832e-10
0.0
0.0
-1.1984706940490172e-08
-0.017336964203007423
====================
50
4
0.10270790768770777
0.019767952793127475
-0.6650927539026883
-0.12800885986476973
-0.8709108956233678
-0.18292912054935156
-1.2486719329565186
-0.2622753483717767
-0.1747307813592882
-0.1271406947403744
-0.1753935252229497
-0.1276229321263996
====================
100
4
1.5669342844660967
0.11448397553390872
-0.643876400393431
-0.04704315350060725
-1.8877207488072063
-0.15889283493671966
-4.81815272901565
-0.4055525409439556
-0.02003798239358776
4.041235103422684
-0.18649987252388292
37.61305987915008
====================
0
4
0.0
-0.0
2.7387981660353944e-07
-6.770762861542232e-08
0.0
-0.0
-3.2872993216415125e-10
1.1185357525044493e-10
0.0
0.0
-1.9172618449755807e-08
-0.0275699546795343
====================
50
4
-0.6755702846409442
-0.11391033233392306
0.0037597023381756856
0.0006339369160469198
-1.3681086844540782
-0.2573140246846163
-3.912099892166033
-0.7357881575199401
-0.06465699347236797
-0.05088935133871464
-0.3453082269358898
-0.2717805257709508
====================
100
4
-1.0378757476129472
-0.06402753072993855
-7.048905525795938
-0.43485360959956104
-2.2592609816016243
-0.18259001110544515
-8.59598532540996
-0.6947143640378265
0.11641853596364095
-0.8616523201957694
1.2758253106943733
-9.442807625304846
====================
0
4
0.0
-0.0
-5.030561744945317e-09
1.2436382102371071e-09
0.0
-0.0
-2.1393242732870021e-10
7.279260121182716e-11
0.0
0.0
-1.1222290149045042e-08
-0.01617553438775631
====================
50
4
-0.65124411379034
-0.11049956438505569
-0.7240322453020136
-0.1228498592347554
0.11185672408691927
0.029022694575927873
-0.3024896821078711
-0.07848491655597213
0.01768500300806486
0.014860737585577244
-0.019210484268375794
-0.016142602038235712
====================
100
4
-0.070536006515729
-0.004634942306006391
-1.2547128606565359
-0.08244756128135014
0.18434032331575345
0.018498149277802783
-1.3857735915900555
-0.1390593566365905
-0.009225867539744217
1.2113280935565687
-0.05370603500809185
7.0514375714349224
====================
0
4
0.0
-0.0
1.7978162514253881e-07
-4.4444997070959055e-08
0.0
-0.0
-1.7378232186615605e-10
5.913113505788781e-11
0.0
0.0
-8.780473550569535e-09
-0.012590915018732208
====================
50
4
-0.6031926701558605
-0.10257659699955783
-0.5125272367290252
-0.0871583863903148
0.37859080959158353
0.10693798234425599
0.28727258946660195
0.08114394307011494
-0.08920673514749744
-0.06905191278153983
-0.10551034098250733
-0.08167198195324843
====================
100
4
-0.8596758616921925
-0.0534842068391443
-0.7990119402889864
-0.04971003815001065
-0.35822662059386445
-0.034409800821918766
-0.683945303042405
-0.06569702053901216
0.06994584397859203
-0.7615283102335155
0.05429336733081074
-0.5911135519785049
====================
150
4
-3.264635423565533
-0.11688930923808726
-2.48118741027373
-0.08883818400781163
1.5992951569249847
0.10445163425491186
0.5404050838528232
0.035294419497037016
0.19639568245461358
0.19517062392408477
0.14831912410602488
0.147393953012874
====================
200
4
-5.1351801762484826
-0.1292311635621643
-3.6863263159688344
-0.09276952759825177
3.043746930216898
0.15218436455112633
1.4343407551595142
0.07171563253393684
0.33357692542825185
-0.9383834964597354
0.2941186461582624
-0.8273836183413029
====================
250
4
-7.280668486616939
-0.14183279317691996
-6.193633136387255
-0.12065654263227141
6.621644049302397
0.28442554174209017
4.090993380674902
0.17572418570043039
0.35840986223084004
0.42452410956548187
0.34324613533954196
0.4065631985119898
====================
300
4
-9.674075378281664
-0.1519582421256504
-7.471652403719183
-0.11736306785369771
9.891281022893697
0.3783294318097595
7.503428116554897
0.2869969713115183
0.36926080427985636
-0.9440044492353145
0.3453467200836671
-0.8828687922174595
====================
350
4
-11.616294009904351
-0.15476873313500403
-10.425611007148191
-0.13890476655970635
15.28046724352485
0.5533652748074036
11.512446497555256
0.41691055766143237
0.4623974508990758
0.6246292177868138
0.4715327193480252
0.6369695876881722
====================
400
4
-13.974754287532463
-0.15998420694072263
-14.322151321760856
-0.163961238512875
20.714900517670724
0.7316450815227462
16.904962027383238
0.5970790113190706
0.557000753316175
-0.9621639333700708
0.7033873095488139
-1.2150322892901286
====================
450
4
-15.313322220627171
-0.1560350333782856
-19.078873061233054
-0.19440409808131423
26.59442184525456
0.9079222015087687
25.469281524508794
0.8695103915825432
0.5845166897816911
0.9455814225335455
0.8989201546084349
1.454196626714256
====================
500
4
-16.41323177936144
-0.15033633007896463
-23.37978201509857
-0.21414616410984752
32.24745629324853
1.0831477333178772
33.99781177865991
1.1419397682394279
0.5931334318955399
-0.9643867568396658
1.0059312292436429
-1.6355624276206135
====================
0
4
0.0
-0.0
1.0997098343068501e-08
-2.718664992491189e-09
0.0
-0.0
-3.1585667414901764e-10
1.0747332328474614e-10
0.0
0.0
-2.174327197275772e-08
-0.030528956332526856
====================
0
4
0.0
-0.0
-1.123597437313606e-07
2.777719041672296e-08
0.0
-0.0
-1.7591927914395455e-10
5.985825567400017e-11
0.0
0.0
-1.145993368017375e-08
-0.016566295978325353
====================
50
4
-0.07304215443876316
-0.013893383186869234
-0.12050134088054332
-0.022920617775431654
-0.7435291803418975
-0.1553236944062063
-1.0050202373375035
-0.20994933399181745
-0.15557353909256655
-0.1134186943205612
-0.18194943409774833
-0.13264766854376744
====================
100
4
0.8940505732250319
0.06321263902747704
-0.21567354571735464
-0.015248906942734787
-1.907631001542411
-0.15613998560452522
-3.112095432250511
-0.25472564431937406
-0.09970503489674859
-1.0928966326360505
-0.13688476950993067
-1.500434795609742
====================
150
4
2.1782964541618597
0.09804537583774967
-0.07674689599662798
-0.0034543866827645995
-2.852503290167842
-0.14158542140484565
-3.4933270228135136
-0.1733930265163282
-0.2559218466528417
-0.17385724776945477
-0.1964593203794882
-0.13346213770553111
====================
200
4
3.9673449141959303
0.1310155571376767
0.44027132766320776
0.014539293792969948
-6.18346590591112
-0.20788807182931945
-5.706941593496381
-0.19186732844768428
-0.31922518435558006
-1.027272599288141
-0.19056541607419897
-0.6132430644535598
====================
0
4
0.0
-0.0
1.882732014735211e-08
-4.654425524549096e-09
0.0
-0.0
-1.180322506399989e-10
4.0161627944158216e-11
0.0
0.0
-1.0329883135071063e-08
-0.014596504332767789
====================
50
4
-0.8043854565629873
-0.1318066027713279
0.10977621978563068
0.017987931627763833
-0.4431119440030655
-0.10226160440800863
-0.9569635432700667
-0.22084854317105204
-0.08608081549390678
-0.06695454657767821
-0.22588313684859362
-0.17569423477768709
====================
100
4
-0.36601220027731607
-0.023432463638346588
-0.9642840640987504
-0.0617344210163243
-2.2975109987097344
-0.18693760351293054
-4.242105702788605
-0.3451600773067837
-0.15750560566046634
-1.1886382564950577
-0.012997414795832135
-0.09808682298688945
====================
150
4
0.44291076505922433
0.01823954179953067
-2.0463434014929227
-0.08427062278048958
-3.5850317994144554
-0.17567843579548384
-5.551264712141217
-0.2720303628756994
-0.17495341695579425
-0.12728206938725023
-0.14191842336754035
-0.10324845850230292
====================
200
4
1.74975766004318
0.05313303938295999
-3.1088628809364636
-0.0944035495092179
-5.465582967301263
-0.19251741655692714
-8.222380857861602
-0.28962171650726193
-0.23446071430693083
-1.1193344609386426
-0.24743882309988358
-1.1812930046234742
====================
0
4
0.0
-0.0
-2.0437348524637855e-07
5.05245119585788e-08
0.0
-0.0
-3.734030862290183e-10
1.2705405293678642e-10
0.0
0.0
-2.440356114984281e-08
-0.03527739585726192
====================
50
4
-1.3848468960537534
-0.2106702310084966
-1.4079807480857278
-0.21418947487984458
-0.22028541601426532
-0.05173551657692036
-0.4487704196312907
-0.1053967616383766
-0.06434386780169477
-0.05027587989903475
-0.11816721488152426
-0.09233142032581489
====================
100
4
-0.648136760237012
-0.04129822354216644
-3.36252602164811
-0.2142547064566964
-1.34719243740623
-0.11568853316173781
0.10815488343714996
0.009287670767520557
-0.09056433926874459
-1.1117601956854728
0.11786176051954067
1.4468610382084586
====================
150
4
-0.8029251121909162
-0.031847988806505106
-5.588873297456278
-0.22168241037159148
-2.0479080355109076
-0.10597534669311087
1.7421918253931672
0.09015511414597464
-0.020940725174491526
-0.01693667907606422
0.27876819048121027
0.22546532364345603
====================
200
4
-0.1362278224443969
-0.00395991375982253
-8.242869382731978
-0.23960635429244317
-2.5375669497299356
-0.09732093680913825
2.8983381358870126
0.11115725738948293
-0.0747955703095045
-1.1385874014035553
0.2732748553832521
4.159969717086454
====================
0
4
0.0
-0.0
-1.9850365617912757e-07
4.907339374358949e-08
0.0
-0.0
-2.927289521892362e-10
9.9603889627615e-11
0.0
0.0
-1.2266054523414239e-08
-0.0177561309817037
====================
50
4
1.2754209987714504
0.33052878662676144
0.8292812480998513
0.2149104687556488
-0.11986642683257465
-0.028343310004481856
0.10322054673160697
0.024407267590719442
-0.18301292008145031
-0.13014146005308047
-0.11371004766380799
-0.08085981918154896
====================
100
4
3.460658638836591
0.3014051232711269
0.4326243439541191
0.03767929961546802
-2.648967433894004
-0.20229107860588774
-0.15394244578019034
-0.011755970647900831
-0.2743239202560012
-1.004862541161145
-0.049315110132986256
-0.18064376901448942
====================
150
4
6.3330754567549015
0.353465312238642
2.4637729167215667
0.13750953533409033
-5.391735560954157
-0.23556151453494462
-2.065668109862955
-0.09024773247591236
-0.47711815373591526
-0.2805972114857336
-0.359001767982859
-0.21113196851905006
====================
200
4
11.502713858127155
0.5099686487464612
4.317931825952577
0.19143394209572226
-9.262431638021916
-0.27986390464287425
-3.608279591930529
-0.10902398582847013
-0.47552153463016544
-1.0027993950219898
-0.3328782833827344
-0.7019874324972133
====================
0
4
0.0
-0.0
-1.8296823611763102e-08
4.523278154596224e-09
0.0
-0.0
-1.589279818858813e-10
5.4076800567068935e-11
0.0
0.0
-1.0662942109102392e-08
-0.015215686943803767
====================
50
4
0.3162173318195043
0.06569562143270631
0.21265503447363532
0.04418007248417797
-0.8749944390576472
-0.17534407123938095
-0.6918140845475405
-0.13863573608073992
-0.1292005239059446
-0.09548510117444461
-0.10398327398684604
-0.07684839919311778
====================
100
4
2.1184965530555147
0.16531061440941036
0.5187972111766523
0.040482806360862475
-3.1983057680356684
-0.234197399757626
-1.7044991928381172
-0.12481273142837528
-0.22344978957850295
-1.003054109074237
-0.08061143582742203
-0.36186040764501476
====================
150
4
4.517388801414249
0.22908159070300316
1.341071514762593
0.06800716284419037
-5.464059180610729
-0.237779792814576
-2.456372423791681
-0.10689410687154023
-0.36573617063271646
-0.23007602683615602
-0.1958443641305465
-0.12320108536013318
====================
200
4
7.856739197271821
0.30005454630920086
3.1207740589684185
0.11918461602014856
-8.648956364218957
-0.266061356955567
-4.2928921862318745
-0.13205902217960222
-0.38217651346502396
-1.001783404963464
-0.20879105630995312
-0.5472953149834138
