====================
0
3
0.0
1.1930884938063954e-08
0.0
1.1930884938063954e-08
0.0
1.4628325561293396e-07
0.0
1.4628325561293396e-07
====================
50
3
0.019972353349017702
0.027510964934358118
0.01691601760254513
0.007538611585340416
0.6664314793842427
0.6964325634259599
0.5946095413792228
0.17486689271051845
====================
100
3
0.09582142677583683
0.11612460703423366
0.008912953927250555
0.020303180258396836
0.29218939622375223
0.940159782907521
0.7334834242441841
0.7446808575665181
====================
150
3
0.1380455177538109
0.12814893776450487
0.02799327453482303
0.009896579989306042
1.5440276630224492
1.3864371275944727
0.931198129160811
1.0934626586955623
====================
200
3
0.15938933886070034
0.14311767798027805
0.09044242559538263
0.016271660880422305
2.2345310293881946
2.3663489949733547
0.7968678332165675
1.6541879035491631
====================
250
3
0.08790832398858872
0.050600770771654924
0.03827261002610838
0.0373075532169338
3.7286532768626643
3.7368653981196065
1.271226889673329
1.9517946594661344
====================
300
3
0.12585501014093659
0.14197680080733965
0.015983551315616573
0.01612179066640307
4.478719887418397
5.174909917070381
1.0815159342709295
2.0799973590247927
====================
350
3
0.16457213616060384
0.1955837854195268
0.03981480829150286
0.03101164925892297
6.067427167432989
7.500027577261572
1.4527664660823074
3.106098562441224
====================
400
3
0.12913490215469703
0.15368806476659194
0.06558931701526005
0.024553162611894906
7.369683197079659
8.948949363763697
2.326640501638645
3.4104309550745655
====================
450
3
0.0983226315028023
0.10347206518090268
0.06423447380202663
0.00514943367810039
8.508700577952881
10.066965546514734
3.228672416082304
4.266646621821299
====================
500
3
0.16482048675804117
0.18266955516843408
0.05516856731189579
0.01784906841039291
9.656555055102112
11.016126208012025
3.297583052349588
4.067778712181438
