====================
0
0
0.0
1.1029772531610775e-08
0.0
1.1029772531610775e-08
0.0
2.8185471616771357e-08
0.0
2.8185471616771357e-08
====================
50
0
0.030762214667652055
0.03691067606669418
0.07579578497437844
0.006148461399042127
0.232622618629528
0.5388844636719211
0.5329946443598648
0.3587768904218692
====================
100
0
0.024398923319834065
0.005119334896432459
0.08814390936716876
0.029518258216266524
0.4595660293034049
0.7607203131991721
1.1288145592383436
1.0090333727172884
====================
150
0
0.056688973101213236
0.10341937228761533
0.03534449795245864
0.046730399186402094
0.9668938032602369
1.7236060322743039
1.6584401400590423
1.0898576908345106
====================
200
0
0.10388719343819561
0.08960644110144671
0.03551820016233151
0.014280752336748897
2.0199460483780523
2.0580616696168605
1.9647997674189945
0.2437292545815665
====================
250
0
0.14854220000553608
0.16100425025457343
0.09068499235475103
0.012462050249037349
3.103324833945959
3.51045235288239
1.4052929658788784
0.873676380454807
====================
300
0
0.15475154367966804
0.15694404197818157
0.04961993911365381
0.0021924982985135344
3.987401150181968
5.125240154691615
1.0437010685364196
1.8436292192113093
====================
350
0
0.19812674009400766
0.14299691915137447
0.07430088247099453
0.05512982094263319
5.697297338764312
7.158005151649071
0.9822046682156397
3.239349505856954
====================
400
0
0.24871975984473882
0.16911103217778337
0.1641149612098236
0.07960872766695544
8.00055179291891
8.896290287666243
2.178298955759381
4.013946211441251
====================
450
0
0.16946102535482965
0.05184537392200461
0.1049192207351115
0.11761565143282504
10.399596722029042
9.757381348175276
3.928515975424415
4.906150420101
====================
500
0
0.12043840879589318
0.007675953991393314
0.01195260690834088
0.11276245480449987
12.333888940814376
11.087237322390651
4.9902913238168125
5.495542895637883
