====================
0
1
0.0
1.2266143615062997e-08
0.0
1.2266143615062997e-08
0.0
1.9851039833364642e-07
0.0
1.9851039833364642e-07
====================
50
1
0.08124121456302946
0.09157840913329118
0.057588106678871265
0.01033719457026172
0.3709596926758607
0.5784859029473167
0.2783602428895301
0.5112878533504768
====================
100
1
0.05748196628500768
0.07521060005972702
0.004653348396428392
0.017728633774719338
0.8196488036988647
1.413762233899049
0.3483278419900672
0.6083337216193009
====================
150
1
0.09639419917761916
0.09161449891577189
0.015635403176773588
0.004779700261847264
1.9514877552984609
1.6294603543750914
0.7730591213638601
1.027404613936967
====================
200
1
0.09297132102561613
0.03096865697508453
0.057233303138641015
0.0620026640505316
2.7185233945188334
1.6622276688308113
1.092350609343563
2.4486647144531357
====================
250
1
0.021817988149233525
0.04534816845694345
0.003988810260743492
0.023530180307709925
3.0044810643599624
4.178479166948013
1.2509804140183522
4.187180892604885
====================
300
1
0.08705166472584125
0.17787527452592178
0.0197452249175587
0.09082360980008053
3.2296511643760937
5.607394248353944
1.1519821362059517
4.614186269024916
====================
350
1
0.043231747467000314
0.11817359154209672
0.030295147067268324
0.07494184407509641
4.147350248050167
7.435424373097554
1.501651810017982
5.864740728511261
====================
400
1
0.00664020910904347
0.06785547716037812
0.0341877494568323
0.07449568626942159
4.074789568753347
8.307710924959022
1.2436986613626742
6.427736191155123
====================
450
1
0.02818897052732705
0.1288744570981788
0.0356418778990224
0.15706342762550585
3.3568763967379893
10.247727738790521
1.2895995309929462
8.580911040618238
====================
500
1
0.039682866154109764
0.12615282645564463
0.08641378412991729
0.1658356926097544
2.605365592981209
11.186264700542743
2.0015438511281167
9.54631351182539
