====================
0
2
0.0
9.486773127562058e-09
0.0
9.486773127562058e-09
0.0
1.044516177275698e-07
0.0
1.044516177275698e-07
====================
50
2
0.00530674066660386
0.00612661048788099
0.011316242750312622
0.0008198698212771305
0.2178826157012308
0.3723305469814012
0.1966257960131392
0.17876332426365762
====================
100
2
0.03569273729125788
0.0545602424805085
0.019381117684378335
0.018867505189250622
0.6431743665834635
1.0485178498919348
0.15502237457827575
0.45668447499505216
====================
150
2
0.04731371978842236
0.045783376218398786
0.02861059767835128
0.0015303435700235735
1.6963072769945131
1.7734674467289544
0.6663032697600412
0.30222527013689815
====================
200
2
0.056409502251158955
0.04163492592643169
0.04431661004414689
0.014774576324727262
2.0855458644688354
2.2186393805404276
0.9209471050699508
0.6336075654287386
====================
250
2
0.003808493166727933
0.036149697669561
0.005952572645851806
0.032341204502833065
2.3228330296299804
3.664044579988126
0.9920153522908324
1.810633517786854
====================
300
2
0.03104094061164897
0.16431126663423345
0.030237432653780427
0.13327032602258448
2.3937369838045717
5.765550913280175
1.2514421254015364
3.3722865849720614
====================
350
2
0.09788666775186106
0.16767810696931984
0.023925688857383554
0.06979143921745878
3.19232967486623
7.488499516925049
1.304238552928746
4.387968111752351
====================
400
2
0.039998319651979135
0.12405916677134057
0.03209758155653555
0.08406084711936143
4.429040593583306
9.663391411542158
1.7548720664462962
5.447536736211789
====================
450
2
1.733962704442149e-05
0.015807454050675407
0.006521824267493592
0.015790114423630985
4.749750882258258
9.30773479118829
2.052175476073238
4.745922856761121
====================
500
2
0.054553301267478815
0.14303512360647108
0.0027044528156570102
0.08848182233899227
4.649703194080341
11.670123325861868
1.8621344965880826
7.096270527430686
