====================
0
4
0.0
1.2226006056939952e-08
0.0
1.2226006056939952e-08
0.0
1.908502380692264e-07
0.0
1.908502380692264e-07
====================
50
4
0.07365095636206687
0.07176319337874171
0.0366441454926254
0.0018877629833251586
0.46577572646290694
0.700418707550001
0.3314392405046754
0.5449320782482658
====================
100
4
0.13318133289772316
0.1229188165504036
0.020195674349540393
0.010262516347319561
1.5769531090339777
1.2783069546738492
0.8723718965405811
0.75637400493905
====================
150
4
0.1293519064106745
0.07258410999837883
0.011556375771080152
0.05676779641229568
3.0750608406821605
1.5180291513157371
0.9859177782550159
1.8407390465476619
====================
200
4
0.07832888903983942
0.007550064738942361
0.010010998644013998
0.07077882430089706
3.998859572291578
1.7257958130866813
1.2320016187848355
3.326425392932449
====================
250
4
0.011054530992254064
0.03479957254807342
0.044557916646569495
0.045854103540327484
3.6877987819205034
3.415663746766185
0.7950784852453031
3.840183301073836
====================
300
4
0.007582347414281987
0.13975473647110226
0.07896680171805004
0.13217238905682027
3.62659095769997
5.124426836624317
0.5495619332174699
3.806191615146327
====================
350
4
0.015290175752522117
0.15926907723957306
0.07986530109278789
0.14397890148705095
4.106784536560667
7.092977360991629
0.8023148882221119
4.617290076122076
====================
400
4
0.031157300943858823
0.13270697217574723
0.07947161276539418
0.16386427311960605
3.640783387570444
8.658592868091866
1.7018985043966535
6.047593727359822
====================
450
4
0.0732493440486588
0.06523753022997525
0.10752424355340584
0.13848687427863404
3.113988996281167
9.780677765191262
2.5895180616072886
7.67761350176275
====================
500
4
0.05097041971446048
0.10598771202118984
0.17179264947690776
0.15695813173565032
2.971930583320045
11.318079936450133
3.5879198609072604
8.611651119224707
