====================
0
0
0.0
0.0
3.05341151373547e-08
0.0
0.0
3.7514141698809237e-07
====================
50
0
0.025045058801211217
0.06087577124791865
0.004205842933618031
0.6058673946715321
0.44796312372801284
0.04024940928359448
====================
100
0
0.026925456722877605
0.13436537053283004
0.010705267182379963
1.010322516688887
1.2013917997198011
0.1687244994369505
====================
150
0
0.039264298137714926
0.0716222088406242
0.007904591677641015
0.6370560795584556
2.3523772921956514
0.08907675680706406
====================
200
0
0.03973745611455995
0.04253662507094619
0.0009578384544390323
1.3385096667954932
3.1044564316504286
0.15302091876892207
====================
250
0
0.05997874141927806
0.10611943659616241
0.008553353295934762
2.3598711870423803
3.878426766499801
1.2878111019969052
====================
300
0
0.0574122065214997
0.1455753124683321
0.004231916486645559
4.249099738995672
5.1791078872288345
2.464411168901427
====================
350
0
0.003791946304448457
0.17867281435972693
0.0002195575570969055
2.793372671884465
7.129335942026825
1.9686790119487956
====================
400
0
0.12600013708117302
0.14075136003721905
0.0029787702958052
2.5028108177800314
8.206828216366121
0.21662483218718573
====================
450
0
0.07809639923179357
0.14931248276577502
0.002501584392407441
3.263181959698516
9.705856101757751
1.3805269564392004
====================
500
0
0.029976193578495014
0.1764283389879413
0.00496938531628599
5.37460599617826
11.44592570468949
2.1004605062035693
====================
550
0
0.07059468323213824
0.0840205302360042
0.012895325673886404
3.9308018946368692
13.153758676392787
1.3219834271246909
====================
600
0
0.04771598030806272
0.05897909478189064
0.002886533778304525
3.7240023671182754
13.498373302593706
0.2611251364881167
====================
650
0
0.041858809195593816
0.06575753941270501
0.004088454813113707
3.6387820043182537
13.85025180401615
0.7492137238035881
====================
700
0
0.018042592350051567
0.10511342653178346
0.0008463638612798974
5.540041289666402
14.885962610225086
1.0200793347759007
====================
750
0
0.008890658469696389
0.09911550076813302
0.006761008137060154
5.162654936482904
15.842824827252144
0.5714019582074347
====================
800
0
0.21801171265462085
0.13218691375497402
0.001693542169635364
5.282219250244528
16.937722106794364
0.8010934647289805
====================
850
0
0.049942269385749194
0.0991730866678886
0.003467825006536529
4.983312556740998
17.438246539854365
1.03224266503609
====================
900
0
0.05304699683951197
0.07276939515259606
0.008884072403628984
5.755460115656845
18.355944471084264
1.4172042910693017
====================
950
0
0.023456039768974923
0.02624941604940023
0.008327192906340652
4.888644676626334
19.077411399771744
0.6933896568965542
====================
1000
0
0.06779390112108294
0.010453177111572896
0.0012238087751483984
7.3873669729432185
19.467493304894354
0.8802123218085511
