====================
0
4
0.0
0.0
7.035615218036103e-07
0.0
0.0
4.9999631930336115
====================
50
4
0.006604737242688508
0.007326475739653837
0.0044099886474879835
0.773376385131563
0.43495247699023837
0.08864166553292151
====================
100
4
0.03070580084022634
0.06779196032649049
0.0019284026092862838
0.7270397727386015
0.6527821794052068
0.07741665744887487
====================
150
4
0.034140808388805954
0.03491808232894855
0.019563730757381048
0.9069515253372245
1.0945522255595768
1.2697534298973134
====================
200
4
0.00873836153803824
0.01517961505597323
0.004149917035542714
2.792754214896612
0.9505228663405315
1.5878075678219095
====================
250
4
0.051667345082155425
0.025800268857823605
0.0035172521443760374
2.013889741065386
0.9505151280001273
0.45172442499818327
====================
300
4
0.21781427075783455
0.0388977524545524
0.006724062785169682
1.6728134452223553
0.8984848141150158
0.10948644954122727
====================
350
4
0.14699827715539282
0.06991473653102687
0.004729972645983294
3.0023610886618917
0.9160365336165067
2.109324417562231
====================
400
4
0.09357661134827838
0.12750965764111757
0.022230020863866343
4.883944961027831
0.7645025507151472
3.6250401060636612
====================
450
4
0.09648159665227984
0.07483990352986303
0.006916168499265352
5.124934587273941
1.7942840824585136
3.373903914695067
====================
500
4
0.11747170735036905
0.06437133802907846
0.00820787354654362
3.4749108906625135
2.3804695103077522
2.0807857043159577
====================
550
4
0.030053508670033313
0.0796877202755335
0.011904108286103998
4.524868605921354
3.107154948179389
2.9384979654378696
====================
600
4
0.03308312684048025
0.1530552357622334
0.010074553402571476
5.8675654494756735
4.630106219860605
3.8321282186347463
====================
650
4
0.01969825171540096
0.15645910893914605
0.010602448965153943
5.201592813064522
6.656708330970098
2.9003452257364617
====================
700
4
0.10086787851580281
0.19751455798124118
0.01208007998029137
3.583219143263193
7.060948751076939
1.6262886093951996
====================
750
4
0.11512844211868956
0.21908251839572368
0.0004236260945318371
4.31321889319389
8.974626496209915
3.1822157350467637
====================
800
4
0.0021157450700045287
0.2376368424770891
0.0027923204305005216
6.382087164757038
11.213963132570157
3.727683402421365
====================
850
4
0.032742167216210705
0.1766204215870415
0.012261357174241816
5.682598235973812
13.275230668591222
2.759594015096404
====================
900
4
0.06913383036386156
0.19446327131244256
0.002011658190547383
3.7990754446088437
14.209611112118308
1.0802954318504778
====================
950
4
0.033054111813346054
0.14302869092907633
0.0068339989903003495
4.359924400947315
15.356494320102481
1.4682396837578027
====================
1000
4
0.03908729144783718
0.23114007876793896
0.01048980034105372
7.101981188592959
17.230159276021613
2.1931149069169895
