====================
0
2
0.0
0.0
3.362962990354105e-08
0.0
0.0
6.254317084120417e-08
====================
50
2
0.05535394901590385
0.04583084527075054
0.0017354130349636065
0.5439735225137268
0.2756085027926501
0.017755858088612415
====================
100
2
0.06915368206817307
0.015784186607674666
0.008613926593831422
0.4494540187882946
0.13241295338180573
0.164487591226754
====================
150
2
0.0532233811764371
0.016116684535991466
0.00536401563209199
1.4101562383735615
0.06493759357674672
1.0986321596683482
====================
200
2
0.025190811027209267
0.04218471859970778
0.016964047785852095
2.9637619787665446
0.7727401152758534
1.261326132325585
====================
250
2
0.05214557265054487
0.03208035053291347
0.0019276560206034077
3.1162560578617478
1.2483474324733503
0.42758535617640425
====================
300
2
0.18009456200329543
0.0037284274968367725
0.007384318164023185
3.525708685980221
1.6785319685245075
0.3224921861856771
====================
350
2
0.13295189130102192
0.0657988470520754
0.002561611091035587
5.036414020917892
1.9095970643937976
2.028971006125666
====================
400
2
0.017730036288241702
0.08062239342110433
0.007246848398286383
5.987339691939256
2.9395734417176316
3.622067007229643
====================
450
2
0.035429423682331596
0.0699537952130389
0.005883464433418695
5.2784094786209055
3.5177200836558367
2.5871999242195267
====================
500
2
0.06888724067598506
0.05317603235932289
0.015944238275345857
3.0184883857298215
3.8377745295503636
1.6399459513586605
====================
550
2
0.07122663287631736
0.015725199628752407
0.006863910571799581
4.705943969237405
4.430109320083614
2.111505325042171
====================
600
2
0.1335288982442946
0.03612784105532184
0.0020868527775031696
4.6328035363886535
4.884384493565026
1.618141955745779
====================
650
2
0.12206381110710862
0.01403785632976473
0.0003609083457836171
3.163528572996019
4.9644293317989545
0.8529156690689864
====================
700
2
0.08420874224726482
0.017804999174653613
0.0066095461537480915
6.16250836834248
4.99926686374811
1.6205413662427648
====================
750
2
0.11480217397733616
0.02598443527718386
0.0017573140828663902
6.144815640249309
5.391224050943102
1.6614098165710853
====================
800
2
0.307292161705878
0.06700977951429764
0.02059280004383974
4.16535765169333
5.1672445489430805
1.0688698449851668
====================
850
2
0.18729204652720077
0.08395478662484113
0.005408854877017477
6.231759843783773
4.462340369696966
3.163957936861838
====================
900
2
0.11261932700522026
0.12526855465043196
0.0046692767309268746
8.323315484930339
3.859152710313093
3.7484465430628875
====================
950
2
0.06501338785516553
0.05212531071164839
0.0038176022857963066
8.490705523557047
3.2891390853868936
3.482979110236186
====================
1000
2
0.1380774024886069
0.02062165424530546
0.011037620047648335
7.096901857695804
2.548903968414718
1.6528609671077765
