====================
0
3
0.0
0.0
3.1049122921722296e-08
0.0
0.0
2.1000507640984085e-07
====================
50
3
0.025439740122804366
0.05662006827966848
0.0014817980160060085
0.5005766757453229
0.28863229260818396
0.007327923236703
====================
100
3
0.06194583297605005
0.11995956492656612
0.00914006326906458
1.5740400487203063
1.3698355043729114
0.1839756925506533
====================
150
3
0.016899600184569374
0.04726589648077728
0.00459992174152446
1.6184045365202882
2.4716517805952343
0.3116021849174241
====================
200
3
0.08451557679947472
0.06070747670819204
0.00997331418264625
1.7264356488966468
2.636098578905969
0.1306747634485968
====================
250
3
0.09467993468954061
0.13251862098585243
0.019654647539421033
2.8263937992536188
3.7054002669473043
1.6972851600243017
====================
300
3
0.02081567501206205
0.1410159819258534
0.003080693108933996
3.7527746473892765
4.9787938028083625
2.566029865189753
====================
350
3
0.012886325548308264
0.13032981436934166
0.007643111836907135
2.385309048122204
5.995701873849133
1.0983365555273705
====================
400
3
0.0831793807172189
0.10233212745404323
0.0013092374267556113
2.7001469662012982
6.752353928443915
0.6640542869791637
====================
450
3
0.07969840726888644
0.1566234505201034
0.006656607433674688
3.3749330500497514
7.662806193264428
1.2886226891226762
====================
500
3
0.1230290256233113
0.25218521395757065
0.0003340516305181396
5.894056608970789
9.461118233766175
2.1397728906605797
====================
550
3
0.12001573347512151
0.25747920503316923
0.0009744860909044473
5.952563737647718
12.2536863741595
2.604019947337758
====================
600
3
0.14682244036784542
0.20568803686746517
0.0008170412628220429
4.426260511942258
14.161174814567712
1.0283748343876824
====================
650
3
0.09922186943814992
0.2707612967857532
0.004269545324343316
6.293461988903673
16.207930925898275
3.333792074446207
====================
700
3
0.08533029975155237
0.36009475715592787
0.0015967662382991854
8.32053475074879
19.463601925325104
3.463671232690635
====================
750
3
0.11665209014880884
0.4053084180156227
0.008230106340070042
8.02378631801618
23.481035011842522
2.8741336011594765
====================
800
3
0.17756329443926755
0.40986791490967145
0.019561606139290443
6.033546881822289
26.754975650571968
1.7582620217236316
====================
850
3
0.04284944675463587
0.3788947240563192
0.011330320283130746
7.795285381726459
30.383535978119887
2.110131806536716
====================
900
3
0.02818183827971721
0.42323673507686754
0.007056651748705178
8.298352797147428
33.77875375426303
2.0368877716151403
====================
950
3
0.1259177369152802
0.43158179971151833
0.0012729744409072374
8.703712558202252
37.96810336526764
3.040894051309771
====================
1000
3
0.18428706426106278
0.4325190374127941
0.0013192612166565386
7.078698384106581
41.69141975925211
1.8062835342320305
