====================
0
1
0.0
0.0
3.1715956714820756e-08
0.0
0.0
1.605258192058269e-07
====================
50
1
0.044812388930488334
0.0658995939229381
0.01044642437516674
0.843424877655379
0.534515739178983
0.051942044189742874
====================
100
1
0.010124220139047235
0.10715171388857314
0.003815303005151982
1.5903989667363907
1.4571407553375886
0.1556617053686671
====================
150
1
0.07122310390134734
0.042382600112105706
0.007267503302745171
1.2863458820181166
2.3810917871623922
0.20879277134835134
====================
200
1
0.014853980322148547
0.035053557060043
0.007478452544501857
2.9251848918364804
2.744110170180652
0.660229181676428
====================
250
1
0.0015011562780284926
0.0374209944361108
0.005131539610099933
3.2966349488122297
2.947451202235534
0.5042508183248299
====================
300
1
0.1794414476798445
0.009729412511860325
0.0043013761193329
3.5078264070829057
3.2897000177263993
1.002545161444266
====================
350
1
0.21352492267989387
0.042899912151147745
0.005104640543234229
3.487852362406541
2.9529388681610342
0.8631546391325217
====================
400
1
0.04993108152942333
0.06774017158555133
0.0025520447256420116
6.014624397245086
3.03237068190651
3.939021881615179
====================
450
1
0.04526499378603899
0.06841475512081718
0.005946910506104075
5.40156636799244
2.367396087085265
3.3055938059781376
====================
500
1
0.047433500560905006
0.03210645073621077
0.000652424119762518
3.157984631583939
1.7690272005749081
1.3116840101827114
====================
550
1
0.04117836750274395
0.06135016333700061
0.012167107267132993
4.159116900579692
1.49791879316534
1.9026944917466857
====================
600
1
0.030381640805649618
0.09277889433828497
0.01449805367706848
6.47342503954695
2.315329623465216
3.1276209789972254
====================
650
1
0.04500432512174135
0.1005977222761798
0.0025356406469814186
5.161269143669171
3.239723089762046
1.9162718452791467
====================
700
1
0.06365039671540718
0.09243702623593775
0.007046675963177318
4.588359721430444
2.7626232316115122
0.5040200453640747
====================
750
1
0.05880781280824232
0.08698578659872824
0.009372901557121116
4.970050498491878
2.775234500885143
1.4614752338600647
====================
800
1
0.0552297506750271
0.09675857697590334
0.010872718571376236
7.175632447642847
3.6985050963900687
2.727499011596826
====================
850
1
0.178645493060841
0.034003758454646205
0.0027467178670850245
5.401504912855658
4.015221891709983
0.9900835451772304
====================
900
1
0.06398881371880316
0.019027355255143874
0.005801906270057611
7.052379947442736
3.692985998249501
1.482889311153233
====================
950
1
0.015060940636858922
0.08233637186872622
0.002530646630213962
6.75188805189346
4.109318275792063
1.1470763865362203
====================
1000
1
0.06284525263805554
0.17418713617935488
0.0053167483194575225
8.068806156924072
5.364631326010157
0.65290722985402
