====================
0
2
0.0
0.0
-8.751755875557876e-08
-5.6640398978622094e-08
0.0
-0.0
-1.921707237784176e-10
4.041206535020419e-11
0.0
0.0
-1.2038208953313935e-08
-0.017055775696757352
====================
50
2
0.3356377543046172
0.031938094050116606
0.04583136927684528
0.004361149970873146
-0.7961833464667709
-0.2717786427755883
-0.8131085474588446
-0.27755609111678115
-0.1258699347853156
-0.09450740194880071
-0.09774495752111312
-0.07339021828105355
====================
100
2
1.1878974019092077
0.060690768883773144
0.6445216453594789
0.0329292026030469
-1.5394381263153623
-0.15646065538118575
-1.4568000053180548
-0.14806173739306536
-0.08684955765181374
-1.272403836275824
-0.04905898976089416
-0.7187468590897824
====================
150
2
2.143956176922753
0.07644695976641985
-0.5574774557085469
-0.01987795137137866
-3.090252441261569
-0.16905591512134663
-1.8790514835066716
-0.10279573405163639
-0.22120127878301576
-0.154991422257268
-0.018666338936803806
-0.013079139668941106
====================
200
2
3.232724551795627
0.08767317648871152
0.23925354258295073
0.006488680903163632
-5.5102938967341615
-0.20510389746237817
-3.402354353920895
-0.12664227201218076
-0.09309482362293456
-1.2495689501689886
-0.030683844368346307
-0.41185511398356
====================
250
2
3.0354382270325075
0.06528124947537241
1.2472973622742956
0.026824835225259958
-5.648599398963913
-0.1666563811328456
-6.188946679918228
-0.18259879730336334
-0.0574810521958844
-0.04549481605296305
-0.17303281450990338
-0.13695114766563313
====================
300
2
2.745999731007693
0.04842734472377615
2.057855209281513
0.036291505234388226
-6.359105566404445
-0.15597301531299135
-10.444272178079924
-0.2561719737711148
-0.09895690338353826
-1.2313642835061176
-0.36034987983187106
-4.483992085634542
====================
350
2
1.6452414907139286
0.024470969802450192
3.224270908129796
0.04795711539801062
-7.030111384785947
-0.14545738664852947
-14.691109830160322
-0.3039682198330784
-0.1297565428454035
-0.09714211885128196
-0.4315849917535123
-0.32310571508752545
====================
400
2
3.221126207650215
0.042622885048507586
5.574933816589223
0.07376915646868172
-7.8442677977425035
-0.14181962071413065
-21.071240042144368
-0.3809552845216888
-0.04060057346884738
-1.8448684640092907
-0.5268269861534955
-23.938738044904653
====================
450
2
2.605656438237432
0.030434121051476217
6.9146869857735425
0.08076368690434518
-6.770956511045981
-0.11076724153905285
-25.49199872182443
-0.41702798934346574
0.09369111609503156
0.08423251171609673
-0.3376307164109156
-0.30354514345789424
====================
500
2
1.3059783328351386
0.013487030225919497
7.249442598624299
0.07486605940579323
-6.818120490042276
-0.10124722411833693
-33.23247015509091
-0.49349309075902964
0.08819810573924544
-0.8258916241021562
-0.5411920690194587
5.067750526923175
