====================
0
0
0.0
0.0
8.391769057425336e-08
1.6783357763697922e-08
0.0
-0.0
-1.416561903285399e-10
0.00015202426276459628
0.0
0.0
-1.0552288785489214e-08
-0.014859023705092057
====================
50
0
-0.34202071726623906
-0.023302934175537724
-0.3724617358516191
-0.02537697535643859
0.4402706580005109
0.0687915412476939
0.15720550432511704
0.024563092585500584
-0.011300825047921181
-0.009323334153206053
-0.004715370024857224
-0.003890244315023932
====================
100
0
0.33819061602917344
0.014123663897110122
0.13706998357972822
0.005724376392204463
0.15174768054876964
0.011852068188362484
-0.4856921899360245
-0.03793439829102902
7.335688023822964e-05
-0.003075898847326917
0.005836221546254426
-0.24471633837984685
====================
150
0
-0.5528890440379399
-0.016119334452677075
-0.39783209707567124
-0.011598690004666805
1.2367437619169976
0.06663832845228769
-1.6206976322961957
-0.08732656227462515
0.11077034102920225
0.10162136067296784
0.16634746367039077
0.15260813901643305
====================
200
0
-1.8686213578140922
-0.04101136688884241
-0.2256177651130642
-0.004951721708092084
2.2876500148090457
0.09683984922562565
-3.457292011374804
-0.1463526478889485
0.1951752473425281
-0.8914113753232189
0.0011810463539798366
-0.005394117179592977
====================
250
0
-2.9149749362910455
-0.051984844571523595
0.540212809856051
0.009634003574536707
3.1718444464898923
0.1072315579131078
-7.215960940928451
-0.24395229545137115
0.012223834201226191
0.010284431161462462
-0.3807617323374627
-0.320351025764978
====================
300
0
-3.8967764335500377
-0.05815791110274796
1.3204862546960499
0.019707756788872332
2.1980613942591845
0.059944849854263765
-12.0969038758499
-0.32990301746493345
0.0677846664149514
-0.7403286691313619
-0.4363723472252758
4.765959267091107
====================
350
0
-4.400214416847319
-0.05716753202633447
2.6008055693028496
0.03378963422966957
3.7309210789962393
0.08888274032616084
-15.644663772784078
-0.37270704959017026
0.1345028907744268
0.12614011151810767
-0.36428465590229586
-0.3416350894414218
====================
400
0
-5.2458228406839424
-0.059771820906059585
3.7245255869406577
0.04243789451220362
4.283354849915533
0.09010339901024796
-22.16077124068988
-0.4661674980101365
0.09909665412436997
-0.8065016851862463
-0.5732602998664227
4.665499576932182
====================
450
0
-6.0056526234817795
-0.06128987652471698
5.732131443052168
0.05849849306875766
5.126414618585677
0.09575689896253305
-27.950215494901794
-0.522085348193068
-0.027804823966043557
-0.022631210332804158
-0.773741994681131
-0.6297726555052804
====================
500
0
-6.122523135584956
-0.05666244813754341
6.778056526863935
0.06272924869724833
4.243048451540496
0.07009367407331794
-33.36078468433871
-0.5511084766531936
0.043142396051943116
-0.6447057487226533
-0.5694679228049035
8.509940966269852
