====================
0
1
0.0
0.0
7.395637413587508e-08
4.786374803066566e-08
0.0
0.0
-2.2155610679419624e-10
-4.659160979266265e-11
0.0
0.0
-9.850504679614265e-09
-0.014080172995850062
====================
50
1
0.5159102807122764
0.049737533578651696
0.36734409770712695
0.03541466428891998
-0.7876161641667299
-0.06366203068811846
-0.9133271869634783
-0.07382309562714022
-0.17881315163048006
-0.1297258303131707
-0.2002795995991682
-0.14529936481675843
====================
100
1
2.772989539609455
0.1534492279058105
0.6886318026194793
0.038106893990746196
-2.7699161694970584
-0.1354027313224193
-1.1467300094086106
-0.05605598359733116
-0.18902393819045132
-1.1523910819771612
-0.0787151290582255
-0.4798895505604416
====================
150
1
4.124898209681465
0.15749181185972438
0.16466381548092457
0.006286992146123473
-5.500954459588346
-0.1832618165420802
-2.3200460647711374
-0.07729128816003335
-0.3195977570385977
-0.21037553220012362
-0.20543993055113008
-0.13523103267470934
====================
200
1
7.313764799088368
0.22191298379314295
0.7343541864538281
0.02228164743515784
-7.979672926311654
-0.20673601178288842
-2.5727636325244276
-0.06665472351559183
-0.27616315257933494
-1.0995208831954166
-0.19351157504048136
-0.770450423634712
====================
250
1
8.40071268653238
0.20319601176590713
2.514815659885336
0.060828233446712184
-10.567178916948336
-0.22008132752331291
-6.60494135535604
-0.13756029618926663
-0.31036991019899873
-0.20554985205377324
-0.4609311829096392
-0.3052626344908891
====================
300
1
9.909158309240553
0.19901930339014975
4.685042049896104
0.09409616599367288
-12.589944424740992
-0.22425825840874553
-10.798616488566147
-0.19235024756669072
-0.04043925954438908
-2.6186283373499375
-0.2812304543274777
-18.210967394676512
====================
350
1
9.14899576938297
0.15242701032173328
5.179434067822363
0.08629205543614991
-12.389031420305251
-0.19737664824280818
-15.300054866021767
-0.24375380487266837
-0.02974711178040601
-0.024197888250434087
-0.44690111539883004
-0.3635332172496257
====================
400
1
9.36032134585399
0.13416680760515726
6.772336510222331
0.09707174957266207
-12.46802193931088
-0.18082647468670637
-20.39096484058681
-0.29573466469114085
0.11266679644989226
-0.8184238504910631
-0.3814094013409516
2.7705993309020847
====================
450
1
7.461450771009524
0.0919608965779756
6.256509341044207
0.07711023313138606
-12.247954342484974
-0.1620975862690121
-26.81838123564706
-0.3549323212988527
-0.002552502502816578
-0.0021233127174045898
-0.5808644943066115
-0.48319520411402417
====================
500
1
8.508206158478018
0.09448739703154847
8.215748303455172
0.09123952304403311
-12.961230478962719
-0.1573439335162543
-33.37355567139422
-0.4051410499399676
-0.050106362766018084
-1.9954728320575754
-0.6379324479192356
-25.405493399216482
