====================
0
4
0.0
-0.0
8.538345941389025e-08
-2.1108205896983773e-08
0.0
-0.0
-1.8076784513709754e-10
6.150802768640641e-11
0.0
0.0
-1.037878657376652e-08
-0.014924548580423375
====================
50
4
-0.020585417329987088
-0.0038701881566538085
-0.061281024364580716
-0.011521218682213742
0.6083496757206763
0.18537866970977115
0.03517751276159853
0.010719427953534118
-0.037280150258346634
-0.03014096677160908
-0.08839587947052707
-0.07146798624481941
====================
100
4
-0.6610811343779073
-0.04153838308611079
-0.2700010378943247
-0.016965249743900096
0.22538964048701793
0.02307581163075139
-0.9880684846198022
-0.10116029370339141
0.07600730735660213
-0.7525203768102555
0.0016230812562309932
-0.016069530167700602
====================
150
4
-2.389674458549777
-0.08812918969795458
-0.32362780824698945
-0.01193512212614968
1.1254028127444382
0.07169838513407205
-2.201051877798765
-0.14022700445331568
0.03899664513702805
0.033600909924154564
-0.12140761347505635
-0.10460915984304683
====================
200
4
-2.8239410296587835
-0.07529439113369688
-0.4191326729090221
-0.01117528272703943
0.3242498544632255
0.01434718863832709
-3.7834034214687122
-0.16740548017380835
-0.1158379326681824
-1.2751641295722527
-0.20033176870623964
-2.205286986601487
====================
250
4
-2.730227657176208
-0.05823409594465319
1.374158077215732
0.02930995629663583
-0.4389485435431908
-0.01453835880260086
-7.295459292692918
-0.2416319780236429
-0.11142751822616637
-0.08499382810031098
-0.33270546146300206
-0.25377852122870465
====================
300
4
-2.1508685034898747
-0.038231013509487335
2.3301573555014485
0.041417816660044154
-2.6799601611891575
-0.06954398687430219
-11.41199308500017
-0.2961370503958259
-0.16111076580296885
-1.1836421604100387
-0.37574937985608003
-2.7605405854100113
====================
350
4
-2.0540108807391064
-0.031294459331515805
3.161211142355313
0.048163519706952575
-4.055318579855005
-0.0867623149510417
-15.416805314231123
-0.3298378886573294
-0.11252347610594038
-0.08575810356098225
-0.4005518401592081
-0.30527466248531515
====================
400
4
-1.1237753308574696
-0.015051863301255063
5.501953639874699
0.07369324793243769
-4.886191690871712
-0.09103433689164105
-20.768415740003988
-0.3869350763935927
-0.007897008220992794
0.4618312286685538
-0.4155276547946106
24.30080379673608
====================
450
4
-1.666095819600514
-0.019676458317674436
6.501710223022144
0.07678467750286258
-4.754979115817328
-0.0787613900281262
-25.461145811524162
-0.42173796918553824
-0.08475033346408178
-0.06598797372773742
-0.49670314186224385
-0.3867410609019188
====================
500
4
-1.070903714573447
-0.011388368530030914
8.813890782838044
0.09373002918229968
-5.763813514209794
-0.08541067642317444
-33.177522361584806
-0.49163884639256067
-0.025346984097947656
-72.28818347136516
-0.5460880722768903
-1557.4126928762428
