====================
0
3
0.0
-0.0
-1.1178034231562606e-07
2.7633954271008112e-08
0.0
0.0
-3.3397951071378884e-10
-1.1363986777695582e-10
0.0
0.0
-1.2352126842298097e-08
-0.017574921760263443
====================
50
3
-0.17296791996518657
-0.03212593071688114
-0.10924464036190074
-0.020290385339451374
0.19692163144122787
0.020324647883857398
-0.09873570152295486
-0.010190695416915784
-0.17245394553227178
-0.12454183031342589
-0.20332204492798667
-0.14683398248874205
====================
100
3
0.7800083284008092
0.05451392657189396
0.7482144043376646
0.05229188409016289
-0.33936818804744817
-0.02062588329109903
-1.5377175109677825
-0.09345832353463358
0.016513560555029866
-0.5726618371563752
-0.08389189458701976
2.909226409206989
====================
150
3
-0.5367384688948036
-0.021461032168002755
-0.04780661819034293
-0.0019115070565725726
0.05260960601733444
0.002286377048030663
-2.220209222794903
-0.0964887554404358
0.0781267265129606
0.06888714587229681
-0.024435635496365737
-0.02154577904452677
====================
200
3
-0.6938820807981898
-0.019800088487543204
-0.08400617103682606
-0.0023971358622137577
1.0669301107163633
0.03780206573140514
-2.6554378888333474
-0.09408398601848773
0.129833322368642
-0.9133141566803615
0.0162448937397853
-0.1142749115222328
====================
250
3
-3.039982037451331
-0.06499127613566419
1.4452652953842886
0.03089808911514542
2.5752510838809712
0.07649798665013167
-6.593842553095019
-0.19587048531188858
0.15144395023657653
0.142762678164451
-0.21169907511645425
-0.19956377842330575
====================
300
3
-4.28642093514199
-0.07403271403814354
2.119146834609232
0.036600743134030396
3.4774822418739646
0.08918798371338361
-10.811423985949531
-0.27728368955170624
0.1982062239111567
-0.941466848969822
-0.2615393268907683
1.24229502540702
====================
350
3
-5.731212779993903
-0.08338912161376939
2.904754102506857
0.04226415985767981
5.210594796121086
0.11787112007867742
-16.577971276246657
-0.3750174633456425
0.14710942897738177
0.13811229209869447
-0.5061460370191907
-0.4751904061849024
====================
400
3
-5.748589094686096
-0.07311563005153397
4.593665433530532
0.05842629154500006
5.731766267672931
0.11483489686573219
-21.109874765133483
-0.42293250950842054
0.05196000744997951
-0.808301633724369
-0.5386738379697652
8.379732117911946
====================
450
3
-6.397251737659133
-0.07215759860092852
6.251223926434548
0.07051048252374074
6.958085991114075
0.12506606574660972
-26.26559983036321
-0.47210328234710247
0.13972039071019204
0.13027145379071361
-0.48768272720802675
-0.4547019768487901
====================
500
3
-6.155132200828319
-0.06262096247162016
7.944145562829547
0.08082199129566875
8.550821470614729
0.1418729939919998
-33.42407041989702
-0.5545634367605761
0.17013069599216976
-0.9324599078282655
-0.4883929496234164
2.676805864655874
