====================
0
1
0.0
0.0
1.2328739047411118e-08
0.0
0.0
2.0237461985494331e-07
====================
50
1
0.016915517262446667
0.031178883939745994
0.004743783773515142
0.733907217814184
0.4884054649171442
0.02246579997905452
====================
100
1
0.04358081517455892
0.041829978723992856
0.00843493630942671
0.8277666100451273
0.8527877102794369
0.15221438868094792
====================
150
1
0.12459269903940151
0.012462982968559855
0.009255594010311619
0.8217693626546595
1.0327628764527321
0.181987951766514
====================
200
1
0.019980620814898323
0.07641572902815133
0.016673043157367874
2.49776138324506
1.4840655319931604
0.7015800949466016
====================
250
1
0.05160044607018466
0.0679098365259927
0.014802677037273115
2.8631296197583085
2.031601050865347
0.5422586522432455
====================
300
1
0.1170727269976477
0.034722928658080576
0.0030459861270508704
3.908662857962816
1.5032943120034
1.053761097215188
====================
350
1
0.11872211288905721
0.039837264744190026
0.004427828430102032
4.370604855460155
1.5011170158470646
0.5402117500190629
====================
400
1
0.031710014599299986
0.077201896624143
0.019670541240456876
5.663282440947956
1.8847752536419655
2.790405219131531
====================
450
1
0.005647851269564574
0.08284280667765054
0.003022223018540826
4.987939858190312
2.898309357454117
2.1555566355065268
====================
500
1
0.008272181930315092
0.030988882151282038
0.004196139009875921
3.6207302227416798
3.506159064114906
0.9987688364475792
====================
550
1
0.08971882574183754
0.09377175129952198
0.004904477848595601
5.539533988946603
4.178534414789919
1.5670632112420497
====================
600
1
0.025856907763042537
0.10807933022863417
0.0041996443219282295
7.4435629892040485
5.343521635842615
3.0479131144865454
====================
650
1
0.023422915914479647
0.0602799520729822
0.006333301677213132
5.681834250584726
6.360906461811378
1.1373595623190742
====================
700
1
0.06424191953496372
0.05228543551995646
0.0014612692013686868
5.3467645544934514
7.2400825522985315
0.32397215252257394
====================
750
1
0.1104415704419126
0.08213111186266087
0.002696797953378516
7.0343955242335
7.841275980242309
1.6524016595285698
====================
800
1
0.014878663329103814
0.11536192251980858
0.006342067701898144
9.464455436245197
9.316217007983393
3.013523807599138
====================
850
1
0.17104109497688857
0.021005177955754517
0.00235778519137253
7.692648101544486
10.278954713926058
3.021226770710818
====================
900
1
0.10977351759418186
0.0005159947334951731
0.011527308984785822
7.441117137518136
11.188129662233408
0.9028574103162049
====================
950
1
0.014773344365293761
0.07522137043088706
0.004681073268907321
7.1425638570689225
11.398088588474858
0.2987496239485348
====================
1000
1
0.15886334076266034
0.058559042041691226
0.016344478581095022
7.952264690676638
12.2463504186548
1.6870909376399188
