====================
0
2
0.0
0.0
1.275484140300249e-08
0.0
0.0
1.587958167824096e-07
====================
50
2
0.04112355967662307
0.05306371981294311
0.0026635807620052354
0.6103422493596927
0.6637225308303574
0.07364629717153813
====================
100
2
0.09338770003157393
0.0031700127102145537
0.005070294795931574
0.2165745140287955
0.7751588361628241
0.21206572088026981
====================
150
2
0.1288538736931928
0.08189776011692862
0.009692486950531709
1.2704163359678864
0.20222919702570766
0.3649495452599916
====================
200
2
0.03886736288573296
0.0737250917210846
0.019096824620029866
2.855942395051322
0.775430663250882
0.9190784606054857
====================
250
2
0.19435022068074748
0.07035546704423368
0.0029670857820087715
4.490670753108658
1.7354124194559235
0.5665171714590548
====================
300
2
0.20856623675166652
0.0719033228606496
0.00813515387836139
4.841411870870416
2.110044070970774
1.0858191224517142
====================
350
2
0.14641840990544863
0.06195130372704383
0.0011083527685484817
7.164395285007966
2.319099842961724
3.462419958646591
====================
400
2
0.02779345343215882
0.07348681718490055
0.0008753021827653633
7.583553556742838
2.9563305925641163
4.1767649245937
====================
450
2
0.019520339916206497
0.03927373933021361
0.006240572916872855
6.388709256529513
3.4642127048628737
3.8224633790208595
====================
500
2
0.03146633015175526
0.029537133794972803
0.0016183775593434646
4.296771703202332
3.6325578171519837
1.8107883130982623
====================
550
2
0.021266229430375816
0.006321441587680887
0.004263687012728612
5.145304072444962
3.5845358450878204
1.6618063381420116
====================
600
2
0.09562343250972942
0.0480795850457293
0.0017376162281815197
5.741743428847958
3.9437254124058065
2.612295023584904
====================
650
2
0.04607341519006125
0.0510546347170735
0.002896324146905771
3.999550451637248
4.651112881715015
1.5011441903031093
====================
700
2
0.11455432849966574
0.01676276330491655
0.02800254916117595
6.799342250618094
5.075899108895704
1.7068470985268496
====================
750
2
0.0887414168793117
0.04167513457607419
0.0013838322324217778
5.458065271718731
5.185180014027069
1.1284427063915334
====================
800
2
0.12444179006936563
0.002878621037902717
0.008776359594257814
4.650235328494645
5.247753569569519
0.8831686171547264
====================
850
2
0.12345529646080022
0.04877379290314021
0.005968371275535622
4.952011210555067
4.804372546785295
2.1605833497619495
====================
900
2
0.02528745640027541
0.1001241786443754
0.01580411679618532
8.201739389519574
4.519796414127829
3.038423157331163
====================
950
2
0.0030077790603577625
0.03838061826051087
0.0016891820456292894
7.628799029804239
4.303070820427596
2.2095103862116665
====================
1000
2
0.15812833290146772
0.014557341124637108
0.0020638270282806563
6.418115459698825
3.8091612808507676
0.47570113427431876
