====================
0
3
0.0
0.0
9.756127231069406e-09
0.0
0.0
1.5526844239142269e-07
====================
50
3
0.049963161686052526
0.00786752571974314
0.005156672377728766
0.8239985012313512
0.5306789560047449
0.10715222451037891
====================
100
3
0.11299576452011406
0.0171156071398606
0.004871442774755597
0.616409420295825
0.5116560277583044
0.026198179651045133
====================
150
3
0.16212106630926693
0.041886709613200956
0.008007583746167946
2.804736462342352
0.47542188166913907
1.1278522119587067
====================
200
3
0.023097824388751374
0.01952226871363002
0.0022782943851411275
4.373644772433109
1.2082035900202532
1.6720249377919907
====================
250
3
0.015480637219702054
0.0072477056842241705
0.005413068928626252
3.7071282618951273
0.9059803656828735
1.141803826799901
====================
300
3
0.06515209471164729
0.00018354800959530237
0.005571445942643027
3.6809217815732853
1.376269028009723
0.23125770359279615
====================
350
3
0.14495237030562902
0.11130733655841074
0.0010525502149671961
5.620522794267381
2.0492338974489277
1.225383343825469
====================
400
3
0.023097923271191916
0.16470447388743137
0.017125023662882287
7.458817554881154
3.722103945765696
3.8513856239073774
====================
450
3
0.04782294134507392
0.17531064276152186
0.014024910782774791
6.5020606507505825
5.646195193725425
4.091660340594637
====================
500
3
0.04173822614916345
0.17960422852348978
0.012024321144270544
5.083092497967162
6.877382285781428
1.8608501514650497
====================
550
3
0.02710194733882898
0.18425911998171918
0.0024230878539497347
5.949641937361669
8.318922139583583
1.92613722047644
====================
600
3
0.09837873044108342
0.2228331443438068
0.009974597933487164
7.276736876510666
10.62256429634164
3.1897214123679656
====================
650
3
0.05402371332163525
0.1923692037342286
0.010137773506880166
5.181467523733034
12.85373165661332
0.6790309399094776
====================
700
3
0.004724497420666385
0.1389952563139074
0.0027157816292233683
6.396473283205153
14.141763813175412
1.0976426428240038
====================
750
3
0.035328870789304245
0.161453314401099
0.0009359715917101052
6.311699536354253
15.507564077136285
0.416973533518609
====================
800
3
0.04050702061707433
0.11949806454012389
0.005779448738949911
6.7123288921444475
17.13484662014227
1.0605885555087198
====================
850
3
0.037678317298921904
0.13140563859990584
0.0012308420945614795
6.119464909814755
18.489612822923615
0.9967810487527689
====================
900
3
0.07122444757583457
0.10170911478197597
0.011837607704627828
6.320217294096036
19.591145584855184
0.39292250397090384
====================
950
3
0.07639652180641265
0.07897156523792526
0.004172492259305383
7.5025303822459275
20.538275752852158
1.714309066068741
====================
1000
3
0.20121838438649475
0.08507747384276262
0.012848686577035091
7.663765639873304
21.31103647977313
2.013716892202821
