====================
0
0
0.0
0.0
1.1590607633094598e-08
0.0
0.0
4.312969841406353e-08
====================
50
0
0.025277918351590545
0.005763591025487402
0.00308275537987579
0.587436854557324
0.41226031857148143
0.014684542202144293
====================
100
0
0.1324628148282394
0.03438778552786825
0.0026894718359407044
0.5879140807918463
0.14126315920248678
0.09134578748168394
====================
150
0
0.007591522975744613
0.0026245113985570168
0.009809904823876225
0.9372378855469942
0.1702144177441868
0.0988076987819188
====================
200
0
0.033950799736139514
0.018539077540292704
0.013458795539456973
1.2988917252712664
0.36168465655469534
0.21523393805621416
====================
250
0
0.02607473774113722
0.01857297378292766
0.001204823507279018
1.5335190798801286
0.9439043677333379
1.082641897847412
====================
300
0
0.09684902707067788
0.005788987499071752
0.004748440650881314
4.106230683886073
1.2430827311224169
1.5510674150913244
====================
350
0
0.06865011310903602
0.056543119718676094
0.001008658902830195
3.141104907537153
0.8720118444904813
0.3532100613348326
====================
400
0
0.034296632049327216
0.07330377165031263
0.0058761555149581535
3.0904804775600474
1.3567340973186492
0.8977184983529203
====================
450
0
0.043887690716161165
0.10412776785949962
0.009818026124437162
2.6610936780801944
2.278902972554733
0.9257669677401714
====================
500
0
0.07702435509571881
0.059590708596373165
0.012179022791543925
2.6405002045430384
2.850722481724455
0.6176680244196581
====================
550
0
0.039855203149253615
0.0699121888527765
0.002475675765777119
4.7500262999091305
3.7302631510053246
1.2870083378967667
====================
600
0
0.009683470528324032
0.13934009302892247
0.0021356681203101822
5.5348022294782
4.684097472588941
2.5759763746780893
====================
650
0
0.04068343714845857
0.05196681185899377
0.01269530250943518
4.185718170117683
5.645927358375381
0.4136475990616571
====================
700
0
0.05568429603189484
0.04485188001399898
0.002914967030972271
5.849822925548277
6.24958945216299
1.0579552473184415
====================
750
0
0.04974787890828858
0.07667815937908062
0.007603666313817703
5.973890617261908
7.096461161799658
0.46724163287268367
====================
800
0
0.12643057981349104
0.09096871800977538
0.008891812130212534
5.450593884158964
8.10006957877105
0.8373116651017777
====================
850
0
0.11676703697728086
0.06790812182027528
0.006595122856364322
3.8854435126169995
9.174898379004253
0.40031432074843304
====================
900
0
0.05397406364078616
0.05209275881400277
0.0015842173484337252
5.724617753138747
9.619433767885889
1.1447546827887247
====================
950
0
0.11374203758152857
0.020351919025677567
0.0040003476108880776
5.621107179205224
10.06258947367646
1.0201251444750397
====================
1000
0
0.20720179418673734
0.027824600283600183
0.0030116433736225474
4.386033716791472
10.299357892039737
0.1451316656292001
