====================
0
4
0.0
0.0
1.1918632982949632e-08
0.0
0.0
6.957739371445929e-08
====================
50
4
0.005330217947584703
0.03351939479562538
0.0027517717455076696
0.4134601514847212
0.17199237249885338
0.026961795394938398
====================
100
4
0.011044234144327536
0.1145955239465728
0.002558696221775403
1.253523774371041
1.0728523972486128
0.11986502650497473
====================
150
4
0.008382990513434274
0.09806390413441002
0.010911970723457953
1.0733727280229108
2.081584698725739
0.19750022700111616
====================
200
4
0.01199144285465377
0.048249245381586495
0.008765527159413172
1.6822095816460316
2.5351626724968788
0.12282325901688244
====================
250
4
0.006009640490683532
0.09804117747471364
0.0020970811817999646
2.268547499918805
3.1122752603131083
1.4226228709154392
====================
300
4
0.026298867085853495
0.1882749780311359
0.00019102210427757171
4.590662610413502
4.790057596447242
1.9976997115246238
====================
350
4
0.040258501990997564
0.1635925344208442
0.003113038527423617
3.366208724513998
7.016180411791343
1.0384561751499102
====================
400
4
0.08444394623254373
0.1798464709310723
0.00248556273291645
2.980089414037099
7.625086838846421
0.2567866871010416
====================
450
4
0.12456421839378629
0.24147009142084364
0.008854601252907157
1.8499535282483248
8.984825349941064
1.248788626682414
====================
500
4
0.010010213413820246
0.19304780115132214
0.006785296360130033
4.206000704872564
11.229322541787207
1.812950147807786
====================
550
4
0.021688153323206727
0.13346418419906647
0.002167713684378292
3.0491546541454175
13.084426494419224
0.970062534795097
====================
600
4
0.02390280286767829
0.1060137505152325
0.002392172431183597
3.3813726418525496
14.314167540990132
0.2299631394840295
====================
650
4
0.023956961942355415
0.13189796992139802
0.006024709190352251
3.937559630734482
15.470234119083974
2.9318019598664717
====================
700
4
0.06528487349910694
0.12927303490341036
0.0024417557371299026
5.171186378014436
16.645158361611525
2.088105811826785
====================
750
4
0.0441405717397525
0.1167007105861908
0.010658414834788577
4.825199947054079
18.08524587178906
0.4270041723926367
====================
800
4
0.01387213492956288
0.15371751223238544
0.004312217100011138
5.574804936761236
19.015806795110436
0.29950140558725724
====================
850
4
0.08085678328143353
0.2188786155477549
0.0019075343139298706
4.875214380068294
20.805262425907635
0.44916045467970145
====================
900
4
0.03683621036517071
0.26097451557347773
0.008484537317090535
6.940183733627795
23.062406251495762
1.078778103142055
====================
950
4
0.0944579402690422
0.2723630558053448
0.0027250411122274887
6.847583994953304
25.609003297693025
0.2965394548948105
====================
1000
4
0.22202660651397232
0.25819960659493113
0.008844623303450698
7.018301754653158
28.127517968759893
1.2282506384307978
