====================
0
3
0.0
-0.0
-6.957729592471651e-08
1.720066060279304e-08
0.0
0.0
-1.166529095542046e-10
-3.969231881792016e-11
0.0
0.0
-1.1918632982949632e-08
-0.016871313912125898
====================
50
3
1.1750054338665734
0.28496170874340687
1.077404580838257
0.26129160045953204
0.6101884382148945
0.06663133090510098
0.1313440716296448
0.014342504300443697
-0.15529280533959566
-0.1146180274625348
-0.22894166188670084
-0.16897654486996055
====================
100
3
2.331902931707898
0.18046043000668807
-0.2674962744319238
-0.02070090141951877
-2.4007129449366307
-0.1313924422576508
-0.07556329892695857
-0.004135624132821961
-0.11059303474196329
-1.2920251337140394
0.08155677878290488
0.9528032959591644
====================
150
3
3.831404581171011
0.18336899800944603
-2.4778356476791146
-0.11858790433667495
-2.9464696346807706
-0.11488966998163419
2.342437776510735
0.09133706993895047
-0.3089058863793437
-0.20477882234110908
0.006413030885189297
0.004251304265188133
====================
200
3
6.855497887328422
0.24637117727769978
-7.2039224613894035
-0.25889277292468454
-6.276286052584808
-0.1789204952105551
4.803723740053201
0.13694159622808313
-0.3478561449983066
-1.0774217730488835
0.2481193807972183
0.7685051048548572
====================
250
3
9.950201499004528
0.2909140582481645
-12.458201453259484
-0.36424045720114195
-8.740395633838837
-0.19698110281850575
7.688452636945698
0.1732736071500053
-0.4279622793039517
-0.26295008342156523
0.49487955149790763
0.3040656283110884
====================
300
3
13.107580132389678
0.3196866668412883
-21.14904188956708
-0.5158134941975635
-12.030953747676968
-0.22376908397702008
9.615337427898005
0.17883995678947268
-0.2996579143763887
-1.091007921628788
0.8305118900090872
3.0237647915706303
====================
350
3
15.917136984403307
0.3339458734405355
-35.19716020319182
-0.7384460169060971
-15.221939307640433
-0.23864437938537114
9.75926957532426
0.15300250408230096
-0.45249518661057575
-0.2738950946070292
1.1370948409112032
0.6882828994523048
====================
400
3
19.61042657970109
0.3636542986839516
-49.41606666974688
-0.916367881926009
-19.636957475596077
-0.2642829270515528
8.99790525538431
0.12109781982166928
-0.5371110756467974
-1.0488101118471347
1.2790837216201525
2.4976508621029785
====================
450
3
24.674643549380228
0.42299020686954364
-65.89825550397191
-1.1296745451330852
-23.4336028065038
-0.2759217501940684
4.245797327282659
0.049992646849334965
-0.5649325986775817
-0.3201636074527127
1.4143275961458486
0.8015402657979904
====================
500
3
29.485930299718206
0.4645060381055559
-83.60101478559312
-1.3170069848544337
-28.35199077847318
-0.29548849387279125
-7.042413752798453
-0.07339704112148102
-0.5321243596064145
-1.049290073859572
1.6729815301012616
3.2989335699347895
