====================
0
1
0.0
0.0
1.552616173405852e-07
1.0048360826834649e-07
0.0
0.0
-2.0054091720567158e-10
-4.217227093050532e-11
0.0
0.0
-9.756169383828774e-09
-0.013990145796881652
====================
50
1
0.3983377291284551
0.03797226768444071
0.2160748115873421
0.02059772395502552
-0.3510066172704196
-0.02940929834313604
-0.45885609875424826
-0.03844553134003954
-0.11864470376747249
-0.09000342230948141
-0.11973674215910757
-0.09083183849174209
====================
100
1
1.0995393997267726
0.05568837297201681
-1.1378730103559107
-0.057629855384206834
-0.9803681373094051
-0.052517876018418376
0.5902217764138271
0.031617912595714316
0.014058856595494246
-0.35997399700485766
0.1238627327320969
-3.1714786105583603
====================
150
1
2.1999549281454343
0.07824528326029874
-3.5076842903777212
-0.1247569881441502
-1.8272744826469918
-0.06936408718357945
3.252342881381267
0.12346026681674331
-0.2748244972633498
-0.18639699068978985
0.0044926709163610745
0.0030471095091890196
====================
200
1
4.687805811338421
0.1317400218959437
-6.654125263236779
-0.18699891658414963
-5.664642551404459
-0.1561224167564318
4.187006056114974
0.11539748510564268
-0.3760005100942882
-1.0712138094532526
0.20990109714702943
0.598001725654314
====================
250
1
8.031950218223557
0.19255885466160355
-10.608515129277617
-0.25432970417560596
-7.832205969130776
-0.17297309523887947
7.395320033106792
0.16332453480542725
-0.30957028240567386
-0.20512891031537403
0.47817405185727546
0.3168499296390224
====================
300
1
9.548081989731429
0.1903866267543728
-21.963370228371723
-0.43794470705573924
-11.053644233290889
-0.2024325611113516
9.792845403335484
0.17934273382838306
-0.24933997013686604
-1.1114198973446112
0.8606130891697066
3.8361379071850656
====================
350
1
11.98656592765515
0.2096118829905375
-30.021780328076336
-0.5249978970855583
-13.123791171821097
-0.2066633458720501
9.205949590360461
0.14496819702208968
-0.45386870397199974
-0.2744982636946881
0.9389979570019915
0.5679028021852934
====================
400
1
16.708053294391988
0.26767762587923216
-50.00552844512324
-0.8011322982504346
-16.60077481104809
-0.22714974895003626
8.623558825223
0.11799685523724074
-0.4460048863797968
-1.059372533541566
1.2395823864952846
2.9443164714495262
====================
450
1
20.445423866607356
0.2999919617865526
-72.69997620322559
-1.0667134428385079
-19.476809805152193
-0.23526127831195193
-5.07397931227959
-0.061288828667389016
-0.4212470649945077
-0.25989642167787547
1.9318413321307228
1.191886403948574
====================
500
1
25.67745439071203
0.352341125617023
-84.80855552462234
-1.1637268033200319
-23.75360884991038
-0.2549558705503472
-11.593687648368942
-0.1244391429511084
-0.5742422129451744
-1.04551029915674
2.126801886965038
3.8722219073438833
