====================
0
0
0.0
0.0
-4.3128808080439285e-08
-8.62566904138515e-09
0.0
-0.0
-2.77126052022279e-10
0.0002973159217894077
0.0
0.0
-1.1590607633094598e-08
-0.016725473447153038
====================
50
0
-1.2792631369639267
-0.08188469292208697
-1.0393962388350015
-0.066530989115632
0.6070047997433452
0.0975588563293879
0.2547225454121955
0.04093944598499332
0.08256452919758495
0.0739153192105407
0.07417513092509087
0.06640476888920614
====================
100
0
-1.9274284323839552
-0.0734919637723883
-2.280340566032148
-0.08694834186930671
1.228862302699591
0.1050057278684001
1.2532649880915159
0.10709092629616002
0.1438308309931436
-0.8519411976317207
0.1785836811482295
-1.0577898642757382
====================
150
0
-3.3172777966684635
-0.08944275703055629
-3.760077693751576
-0.10138183661193342
4.49738627223689
0.2946537040295793
3.5567558163893
0.2330267431324289
0.33251208562328427
0.3834903984254268
0.39703904527400236
0.4579101579937163
====================
200
0
-4.842076199086279
-0.0996957005751323
-4.57616042396652
-0.0942206402075267
9.523981885566513
0.5828832126269965
7.320283305147601
0.44801326813846587
0.5395180654224271
-0.9557206165696085
0.6381997601547698
-1.1305287206502102
====================
250
0
-7.117650944775342
-0.11800567469097266
-7.33090612927667
-0.1215412965026744
16.350296335137408
1.0004999470285734
12.340122585425156
0.7551112065480624
0.6428087616886523
1.154530122692379
0.857287823432444
1.5397497280062582
====================
300
0
-8.528918997351212
-0.11898118308495642
-10.988005643832025
-0.15328623846156064
24.38136334673348
1.691529843698222
20.225923032927284
1.403233770810583
0.8612056195905163
-0.971793844840732
1.2245534319794344
-1.3817994922536998
====================
350
0
-9.172759942809762
-0.11213806283930133
-17.05014359283652
-0.20843999903555155
36.13930128137463
3.81020810201148
33.190300327241
3.499291539436141
0.9366768691163376
3.5628260260663502
1.6721931904918055
6.360500206774259
====================
400
0
-9.203057526294074
-0.10026800704875981
-32.15311556699765
-0.35031062330102963
45.76183235208403
7.6716375735854925
44.15781746409675
7.40273617146073
0.9046603565411948
-0.9731122788861851
2.4918818248479333
-2.680432256989718
====================
450
0
-11.520141101745807
-0.11122649393458627
-51.50883507155061
-0.4973157082941641
56.05212770702926
22.38701905968272
53.71575383095764
21.45387970112808
0.8266720296370762
2.216827935610855
2.8304553744109735
7.590232062464729
====================
500
0
-13.940086243386475
-0.12022587082827885
-71.86697424359079
-0.6198146418447267
65.0093590913694
-185.36074499454153
65.3773368451177
-186.40995746993812
0.7683282667028937
-0.9684916492825685
2.3941213792374216
-3.0178332148450364
