====================
0
2
0.0
0.0
-1.587956028892279e-07
-1.0277075235990873e-07
0.0
-0.0
-2.6063506908258205e-10
5.480960490360052e-11
0.0
0.0
-1.275484140300249e-08
-0.018129110916263593
====================
50
2
-0.23503206801878918
-0.02123821180949193
-0.055917593050370584
-0.005052883613251469
0.9813174778490488
0.8388594325642053
0.31697178521423597
0.2709569307442605
0.06965382930407316
0.06119411810864233
0.010067277296176513
0.00884456981116261
====================
100
2
-0.8966474607672055
-0.041449167126956836
-0.6183839833837048
-0.02858592947329957
1.9943901985575208
0.3144692162567988
0.7704292844166423
0.12147888283196467
0.19862779860355084
-0.9225367581961268
0.1538648590183391
-0.7146330434965869
====================
150
2
-2.0339884306890355
-0.06319734199832622
-2.5970840023508863
-0.08069308724600288
6.367605814142728
0.7173614050750926
4.6847880584332895
0.5277786097582376
0.2837219215704644
0.30699995713002026
0.34052246543742737
0.3684607157333652
====================
200
2
-2.1221984413190143
-0.05031613063228149
-3.863018394144035
-0.09158999194903236
9.969847761655913
0.870005866534837
7.840965141744988
0.6842316789278907
0.274896154042412
-0.9427991433036813
0.41933656832207367
-1.4381800238244167
====================
250
2
-4.60891703619798
-0.08522574337047889
-6.57311079010735
-0.12154661256509348
14.133874237298341
0.9951295492151973
12.09230173096602
0.8513877064757669
0.31179667879952255
0.3479481381928277
0.5156194735858701
0.5754032933927586
====================
300
2
-6.142835382740991
-0.09375909422293009
-11.984620504495538
-0.1829232094130555
16.32265206815148
0.8968684835035802
18.28851651569995
1.004885358364656
0.31236592011079933
-0.9493128655609713
0.8141789341948756
-2.474375363438354
====================
350
2
-7.938986479889934
-0.10346883567832121
-23.907689048162176
-0.31158898630685
20.27794207658418
0.9586830467090391
26.335683109973044
1.2450756997766164
0.3456650084648838
0.40089527513759093
1.388214091374206
1.6100225839546645
====================
400
2
-9.836151656931435
-0.11110551332136398
-37.91851880210849
-0.42831349524030854
24.207680388287518
1.0341862012042593
38.373825116970394
1.6393838561499456
0.45749249808829673
-0.9648263688331965
1.9251887924311004
-4.060116656953728
====================
450
2
-12.457135971134022
-0.12387059529567139
-51.164678787401726
-0.5087685672046419
28.669637816192967
1.108945254868642
47.664891949658866
1.843684112449653
0.3724727509677076
0.44584825417065765
1.8992000655069714
2.2733341736466874
====================
500
2
-13.903126587478113
-0.12422813358414277
-56.577549086042126
-0.5055354478362079
32.385752852873836
1.1434723820241874
58.03499142454096
2.049092704018594
0.34129658975749977
-0.9534092777578866
1.2064103804905553
-3.370097692333718
