====================
0
4
0.0
-0.0
-1.6074664888066081e-07
3.973923616275397e-08
0.0
-0.0
-2.980473645664006e-10
1.0141353146666965e-10
0.0
0.0
-1.2680213912853135e-08
-0.01836448684885885
====================
50
4
-1.1329299337027932
-0.17615835350580042
-0.9673551113321572
-0.15041325910662795
0.12973916786339146
0.034502621286669
-0.3408496391124394
-0.09064499339457131
0.03906170567156697
0.033658855708352566
-0.014912355934174615
-0.01284974191552868
====================
100
4
-0.5364424298650707
-0.033972892406212075
-1.1472378928521696
-0.0726545614745639
-0.3561258996527936
-0.0344120562184373
0.1697248612907849
0.016400327732690213
-0.05649593769694306
-1.793545922313653
-0.0017105745749556173
-0.05430468417362092
====================
150
4
-0.4465742683832623
-0.0177405718904343
-3.695097787934074
-0.1467911444749201
-0.4449855416766191
-0.025771259857151684
2.96980369309809
0.17199566172686964
-0.060751557296289116
-0.048202851334006126
0.17198603464919016
0.13646098353147124
====================
200
4
0.2115526140748969
0.006137325554501451
-6.333392061341282
-0.18373721882247754
-1.7331529598983977
-0.07028868364112223
5.267199453104894
0.21361329588340863
-0.0014567649665413046
0.0618857255157356
0.3796373030581156
-16.1276049824078
====================
250
4
1.0280797588399082
0.02383933443057343
-10.669453713872606
-0.2474055860836575
-0.9695097133931654
-0.03155647757152638
9.50533591595726
0.30938825624750466
-0.018295054907386143
-0.015022115982798158
0.6331670081594678
0.5198950361834014
====================
300
4
1.3746229654635016
0.026066965566817948
-18.65054443998607
-0.3536701422383105
-1.8863692971866968
-0.049979849739915455
13.308495013925643
0.352612069149144
0.006325061921070199
-0.20194044112443946
1.0163592948594133
-32.44933360432729
====================
350
4
1.6132852039147565
0.0260343030010193
-31.835477844348468
-0.513743307364888
-1.3432470745145793
-0.030508594878459295
16.981394065297202
0.3856911225336916
-0.0014423349689371978
-0.0012009230471707456
1.5279497504400938
1.2722079889489215
====================
400
4
1.764602724383579
0.0245862835565145
-51.55122190181096
-0.7182653306882313
-2.121525741301909
-0.0416724968544707
14.406218847594772
0.2829770565229151
-0.026544161023025772
-17.14960408932203
1.9830529917679114
1281.207330963087
====================
450
4
1.6288521289336444
0.020015476761196485
-71.78919380662298
-0.8821518631541958
-1.3307581824306425
-0.023368062449441684
4.581907082580479
0.0804581119672057
0.08804548768110987
0.07921078048825515
2.759549377462896
2.482649204879266
====================
500
4
1.985235261441204
0.021820872767082597
-90.64224540126783
-0.9963015178301181
0.17029701238219275
0.002766834061671735
-9.030905221113137
-0.1467260982678151
0.2268860753435264
-0.9007617951322872
3.358755475924547
-13.334615653796302
