====================
0
3
0.0
2.431835445911304e-08
0.0
2.431835445911304e-08
0.0
2.887586481891036e-07
0.0
2.887586481891036e-07
====================
50
3
0.05102688963283608
0.050398747216041095
0.012441349331506535
0.0006281424167949856
0.2659234442459764
0.2480971107251408
0.05865049669226431
0.02378186661641977
====================
100
3
0.1480105885068399
0.14706029975955093
0.04759158818796161
0.0009502887472889743
0.7064553220806894
0.6246845726984028
0.5077623036414479
0.11284959690225511
====================
150
3
0.1417025392266038
0.13968760840731387
0.05096620401045626
0.0020149308192899396
2.7262517786265477
2.044870333279506
1.041399002003258
0.718544656050396
====================
200
3
0.020484252824300355
0.03839193762141437
0.053844408495535456
0.017907684797114014
3.647517413668119
2.7608708250413225
1.4669314042154538
1.2924656519098556
====================
250
3
0.05520870961301938
0.06801760487677122
0.05466336662328475
0.01280889526375184
3.77884582551437
3.033766797099945
1.8558613512390878
0.7472570754374191
====================
300
3
0.08311456153514385
0.0813416404222056
0.015584183247485894
0.0017729211129382527
3.7596922282396665
3.2966154220910644
2.3117271688025745
0.7601613213427939
====================
350
3
0.05178035648452073
0.04668365722447554
0.01293812333708455
0.00509669926004519
4.735479419503608
3.291585614357778
2.118757302101558
1.4738337316610266
====================
400
3
0.07517148788081025
0.07464147040204558
0.04391093849161497
0.000530017478764671
4.597447306509904
1.5984228704969008
1.979642501125077
3.152192791433268
====================
450
3
0.09890186212362584
0.09340841042339953
0.06419200746138343
0.005493451700226304
3.0917866827362372
1.6966208919518684
1.6094991486859318
1.990871862814698
====================
500
3
0.0074545567551485
0.0008308411934587756
0.026786890484894466
0.006623715561689725
1.6950918967055002
2.5245991790577293
1.4034411832050313
1.6989256555106065
====================
550
3
0.03431191527107813
0.03740182744845888
0.0393133150065238
0.003089912177380749
3.4892248036146842
2.543106346595797
1.5969887897369686
2.716589857651031
====================
600
3
0.04359937883386508
0.05163777703941695
0.11566928897674084
0.00803839820555187
4.7596775639211195
3.6387683082670637
2.1642972688842503
4.0025179690825095
====================
650
3
0.06281742529506651
0.059772734672556505
0.10901859517648527
0.0030446906225100046
4.042195188351385
3.865340984917707
3.3081109412216754
3.5801901972889922
====================
700
3
0.008508237847298261
0.0026116209571547255
0.07250497927644384
0.005896616890143536
2.4861955647037606
3.8298819981069308
4.0126807644219795
1.8993148547784315
====================
750
3
0.039985909305498835
0.039498630285304204
0.08783493070254456
0.0004872790201946309
3.2873862720091123
4.172352320874597
4.7617325911756625
1.8873622641256962
====================
800
3
0.14438813828187103
0.1337935128766381
0.08088435223818506
0.0105946254052329
4.978185176553658
5.411231788548378
5.368265378682963
1.6831813384207024
====================
850
3
0.1621365561462671
0.15818533670561907
0.05254314235445645
0.003951219440648024
5.285043473778697
5.680536657197981
5.9447238819680575
1.1406783041859572
====================
900
3
0.16556282120576826
0.16330480255097846
0.01266746609706626
0.0022580186547898062
7.108473853491113
8.013854512639137
6.021235609192878
1.0282843475612455
====================
950
3
0.20759550264911963
0.20895381948716496
0.08639062263351949
0.0013583168380453259
8.930030154690844
9.62986318144087
5.651843539553795
0.957085395311069
====================
1000
3
0.19307490854648585
0.18473960498282616
0.023477084608052562
0.00833530356365967
10.615521854521184
11.234244262486483
5.288121642187321
1.7258991784824027
