====================
0
2
0.0
2.1405457767905686e-08
0.0
2.1405457767905686e-08
0.0
3.4869373665591015e-08
0.0
3.4869373665591015e-08
====================
50
2
0.03819091621350568
0.04607526368405601
0.02211124100956463
0.007884347470550335
0.37709091069258593
0.3780940844513978
0.27592332451575635
0.01162349516378067
====================
100
2
0.09779563776049938
0.08797670586694517
0.0032166811263512063
0.009818931893554206
1.0937517979016134
0.8946349863918485
0.5399137396521411
0.19959091147522195
====================
150
2
0.14040579632760353
0.13848963721183827
0.05877810879677181
0.001916159115765259
1.3378509761277841
1.4060499974796348
0.5889190841448897
0.10725316080324793
====================
200
2
0.07006905083471748
0.08277227349981965
0.0690976598702484
0.012703222665102161
2.1636705064465533
2.411390998847024
0.8505354093035198
0.5702835441760903
====================
250
2
0.06330075030931992
0.06628212050951954
0.027023327310082168
0.002981370200199618
2.920194762052965
3.399987151124612
1.6421468473973722
0.6558473153373717
====================
300
2
0.08107075751816661
0.07923016513650638
0.053389918961022964
0.0018405923816602332
3.899198391603753
3.9748887575952767
1.501349291745952
0.7740063436662732
====================
350
2
0.0519278395688445
0.05737523741705153
0.025156125738867496
0.005447397848207025
4.35849839411601
4.171579329162193
1.1305532844668245
0.3549358550128146
====================
400
2
0.04803025559736017
0.03373372708669543
0.020680662760382496
0.014296528510664742
4.676594690947034
3.121484034403426
0.9946057533533887
1.5629460515737421
====================
450
2
0.06706505340691493
0.07227032490077534
0.07183988456922985
0.005205271493860408
3.584166263758091
2.594315865476702
0.6260316932306421
1.1543380640763339
====================
500
2
0.13499297521569975
0.14729808848972525
0.1849034903766038
0.012305113274025503
3.2121802964745787
3.3296031409238287
1.036491652231644
1.0432753403972044
====================
550
2
0.14367951675169488
0.12804689879564646
0.20093179024168972
0.015632617956048422
4.678548739867847
4.1103436932274375
2.86318505704711
0.8059860117456435
====================
600
2
0.17484398843013665
0.15767784746593214
0.1512479176775377
0.017166140964204525
4.733520672889393
3.6332787388231194
3.516953715596461
1.1880191432881946
====================
650
2
0.005910694062343014
0.007157686981018374
0.13369344162407393
0.0012469929186753603
3.0104778236603287
3.1314307689397403
4.32120332946577
0.7771859851365613
====================
700
2
0.11434217117083212
0.11391791550377639
0.11967677067453208
0.0004242556670557285
3.2304918539562464
3.474751727640697
5.425217809210332
0.3100977106873097
====================
750
2
0.07457366291672618
0.07620694994904575
0.050882522348785875
0.0016332870323195747
3.2907204861644397
3.6437782620066668
5.9910506238514944
2.141289523685764
====================
800
2
0.07202670912011518
0.06669632984721914
0.06784837442747267
0.005330379272896039
5.325457104434824
5.003333939781174
6.490079989787359
2.7709677946131173
====================
850
2
0.10638033571952787
0.10914985208751049
0.11286000010652042
0.0027695163679826162
3.9816861271573516
4.478724718703728
6.872121200712071
2.2600946508322095
====================
900
2
0.15922295914752116
0.16057382057606873
0.16789225150059361
0.0013508614285475673
4.587822796805837
7.014399497144743
8.00601752029675
2.5435635560943135
====================
950
2
0.146026025469982
0.19380987448885045
0.1342481272303896
0.04778384901886845
6.646920185909556
9.160190586063498
9.361386745456196
3.013411915110683
====================
1000
2
0.2981423237792404
0.29461001352563465
0.10678985150549074
0.0035323102536057582
9.333397365203226
11.433052773486892
10.33160483592828
3.4424462868466366
