====================
0
0
0.0
2.3439078584986623e-08
0.0
2.3439078584986623e-08
0.0
9.917821154922453e-08
0.0
9.917821154922453e-08
====================
50
0
0.0005776984902750026
0.002123456176241323
0.004095360759263755
0.0027011546665163255
0.3698753933275412
0.36848671120481347
0.3452162782760097
0.008642717543260849
====================
100
0
0.014619136301325941
0.02497019619939822
0.020215614987243224
0.010351059898072279
0.5819696389138344
0.39298308294488055
0.194035488356199
0.31502583983458615
====================
150
0
0.07715223426410533
0.08462361759631976
0.03270491547435861
0.007471383332214421
1.79171159506611
1.6179822878558558
0.6852208110452056
0.5809031533689187
====================
200
0
0.018479517708391447
0.020158285235825947
0.029174818574878827
0.0016787675274344991
2.3887420628750657
2.249825502085003
1.1039965699383745
0.44139746942536445
====================
250
0
0.09790226980959438
0.09424044540847532
0.0167182383735216
0.0036618244011190626
3.2157910387570348
3.004428672067323
1.5506749506628932
0.3484912229746647
====================
300
0
0.1254313296426095
0.12062595800169351
0.052485770271553545
0.00480537164091599
4.592410156451789
4.0956375127263795
2.1335879092944254
0.5313850164296665
====================
350
0
0.07077849856090812
0.07326415014019627
0.06902065801892521
0.0024856515792881506
4.760592187262106
4.268816031155594
2.661059747009621
0.5047226790641689
====================
400
0
0.024404875627436595
0.012998631406884405
0.08055594107665762
0.011406244220552189
5.018382826637177
3.224868542501788
3.112559848921761
1.7970653607358205
====================
450
0
0.1155300295307028
0.1198904705888767
0.12153856702952803
0.004360441058173903
3.448449253129873
2.3237882437072592
3.7414380394217384
1.7611059455377813
====================
500
0
0.2999510192050001
0.3090896809229553
0.18500307530046567
0.009138661717955188
2.775587695753293
3.0291492162658282
5.224043152398307
1.0398930191663684
====================
550
0
0.20070999493683028
0.19271944102622407
0.1597789627434073
0.007990553910606213
4.391533336403637
4.152734370285638
6.808614265179432
0.33678991493479205
====================
600
0
0.18960036566803923
0.17958688853138655
0.12286353493609062
0.010013477136652689
4.692897830097698
4.141071113439343
7.92692734238836
0.5732840873427628
====================
650
0
0.21286381933623055
0.2090327674836182
0.142188357975932
0.003831051852612344
6.181203206307806
4.596036439159871
9.597023022296316
1.855616926262144
====================
700
0
0.07903125033428648
0.09826917201399232
0.15232022182139326
0.01923792167970584
8.052935932344809
4.562148911770519
11.032870236532313
3.6804198273249726
====================
750
0
0.005405082377420767
0.005151348675403122
0.12574550401388185
0.00025373370201764445
7.497417565540002
4.618613885981562
12.256531408837589
3.5612042620128497
====================
800
0
0.0031194411914293044
0.012625624175222097
0.03863392874456006
0.009506182983792794
5.922304214836885
5.886105441511582
13.0709084395377
1.1940485167665025
====================
850
0
4.090756431321469
4.112045000581781
0.08122977778874962
0.021288569260312196
4.156284996459641
4.330083653159431
13.40157008065878
1.82822783403332
====================
900
0
3.9813826644225987
3.6714193891308144
0.0669846599775612
0.309963275291784
22.369536643261092
19.19872688712352
14.024060734759246
3.1775236092419314
====================
950
0
3.738634808023596
3.4676123104831653
0.09992727569627025
0.27102249754043073
42.497252416437206
41.55245602800391
14.789424826228911
3.659399334818867
====================
1000
0
3.544077009964697
3.662531926448826
0.028981928949076703
0.11845491648412892
55.322311490103125
53.14205696950847
15.619368406626748
4.128052183507661
