====================
0
4
0.0
2.440356114984281e-08
0.0
2.440356114984281e-08
0.0
2.0437382545379147e-07
0.0
2.0437382545379147e-07
====================
50
4
0.02001300469680356
0.012776420108516762
0.03353117420271701
0.0072365845882867985
0.5028096705085853
0.5467946583737033
0.27543167053553336
0.04756929444252397
====================
100
4
0.13324457900862363
0.1302961717849842
0.04476795580447912
0.0029484072236394265
0.7652332225958017
0.7143146460602462
0.7827012913143127
0.05280771832133578
====================
150
4
0.12046129236451053
0.13049102845645832
0.0006781650676490614
0.010029736091947794
1.8462915526511208
1.4694553939682222
0.8864596451589718
0.42805817779400196
====================
200
4
0.03961405651260452
0.07412718920347283
0.03904304115815716
0.03451313269086831
3.1253135730663013
2.707437378784633
0.8579715801823142
1.0493152940880226
====================
250
4
0.051127283327237594
0.0446253518939268
0.05977873527293054
0.0065019314333107925
3.239652450135842
3.049389640850862
1.4263683637142275
0.20213282326249965
====================
300
4
0.14696228778119114
0.14195834619993364
0.056857494999781766
0.005003941581257498
4.294973636049893
3.744539322587721
2.2172532629768913
0.5945523080686925
====================
350
4
0.13947261629222552
0.1286610489083323
0.0145065064531954
0.010811567383893217
4.964030052430641
3.4954993445161344
2.3626911159218547
1.5460904679026541
====================
400
4
0.014951181393693662
0.0194253959778446
0.020897841702982006
0.004474214584150937
6.320927361847574
3.173946735687125
2.7167419999564353
3.5171261366525597
====================
450
4
0.06844308194528059
0.06293285766862844
0.05556506608584899
0.005510224276652154
5.3297359357523915
2.769323684765646
3.0820280330901872
2.999143209828113
====================
500
4
0.017791427104547397
0.0051528922481471895
0.08468151680982627
0.012638534856400208
3.5270322867288493
3.2421815562728846
3.7919418614317544
1.7876488998737055
====================
550
4
0.08657525030317426
0.0916131570871831
0.14639700773428943
0.005037906784008839
4.346974227835369
3.5327514761772414
4.870667422376637
2.0020611264406445
====================
600
4
0.1988369773723393
0.1820233760243889
0.15084899000699759
0.016813601347950423
4.397155154474436
3.158122637796229
5.178804912227014
2.171336820946995
====================
650
4
0.19847237908653015
0.19775377131943583
0.18385658947339556
0.0007186077670943147
2.5968090480517603
3.10534712533885
6.39152953314014
1.3313989537660027
====================
700
4
0.1943512385159245
0.20256310785720455
0.27975877929060555
0.008211869341280043
4.7483066249418355
4.226471710116536
8.598936491449235
0.8206323145429776
====================
750
4
0.21279691771954212
0.208498127087974
0.2837190620762712
0.004298790631568128
5.855574238630236
4.847770334855047
11.260812279027283
1.3882656587139952
====================
800
4
0.2207384078985366
0.20815480410656934
0.2598823729086687
0.012583603791967268
5.206516107465412
4.845063072727096
13.091394368943439
1.7676388176775284
====================
850
4
0.11646056648397951
0.09560772695264186
0.2560345272812956
0.020852839531337652
7.682801108337795
4.748754373569155
15.049715080368525
3.1340237677403544
====================
900
4
0.003797441371024224
0.0350294784682621
0.25014195427758756
0.03882691983928632
8.36859291651625
7.130995328468819
17.060494268109284
1.2894196597012157
====================
950
4
0.05246357099330312
0.07145151184463683
0.25310285931483223
0.018987940851333707
8.852031842292076
8.725930205469174
19.564825205714623
0.1282694810220621
====================
1000
4
0.2784805857280766
0.2844827404918338
0.20155330491784434
0.006002154763757216
10.60685993844719
11.304024351547026
21.17759430228407
1.2306506270506514
