====================
0
1
0.0
1.9130544453572804e-08
0.0
1.9130544453572804e-08
0.0
2.795683713156973e-07
0.0
2.795683713156973e-07
====================
50
1
0.02968026998613449
0.0300021403642865
0.004696763308126517
0.0003218703781520116
0.08084592727081076
0.0919051371744912
0.3838556596866713
0.02593558732575037
====================
100
1
0.0539837003796968
0.05485435567091246
0.021505365369115736
0.0008706552912156607
0.14444124095744915
0.1374259290246932
0.4638596309466692
0.028646402237776165
====================
150
1
0.10082904507396706
0.10093341400607647
0.03241220070942452
0.000104368932109411
1.4974625839954518
1.3610877935495145
0.4341650284369699
0.156823024454414
====================
200
1
0.00885874531949396
0.013496431008232473
0.08359815003056024
0.022355176327726434
2.0762271376205423
2.198001588488519
1.0184442330428047
0.24886640409535518
====================
250
1
0.016493099569114378
0.013432662855935473
0.07030258005503787
0.0030604367131789045
1.9922540828450843
1.6817685544654226
1.6740831150677662
0.36941873682009635
====================
300
1
0.0036525942663740985
0.00668787356864442
0.0391793533243876
0.010340467835018519
2.078513541026659
2.5215115128595085
1.9160516768373514
0.7410710821914177
====================
350
1
0.09674391319232978
0.09722563479856516
0.1506196251122156
0.00048172160623538574
3.0643101615094066
2.8440966858961048
2.66552684879296
0.4529522585083953
====================
400
1
0.020617407945254206
0.029869794160179184
0.14185863692435957
0.009252386214924978
3.8019794530781255
1.0159750883557006
4.2305049362162634
3.0538094646050244
====================
450
1
0.017129959258718186
0.015161684316500113
0.13209766246738153
0.0019682749422180734
3.0895029535621994
1.4372002827396104
5.484087476734887
2.2766223750438543
====================
500
1
0.01565464436723163
0.011303113841260037
0.07790327425349663
0.004351530525971592
1.6500018987028227
1.5294277524915818
6.461172812442825
2.0187934625340693
====================
550
1
0.026697837998806095
0.026546071765034873
0.13100896842122123
0.00015176623377122223
3.077567474957917
1.6791794043733008
7.699259497277275
2.5097799480748413
====================
600
1
0.12939287355892526
0.13650261364117378
0.1414087079010165
0.007109740082248541
3.394031917231742
2.3478632276646203
8.856707823629606
3.458573571475935
====================
650
1
0.13577173303599954
0.13659083582340892
0.043154412943598786
0.0008191027874093759
1.6176942624354596
1.8852831673847736
9.992591775390354
2.0828716169472155
====================
700
1
0.11220553732206162
0.11254574035656195
0.02761225092045483
0.0003402030345003304
1.5754089550718278
2.585187619047236
10.106658119661171
1.0555916042455809
====================
750
1
0.12616107915021335
0.10762405676031439
0.06729260305408413
0.01853702238989896
2.869385991710472
2.874698350651221
10.420088779459798
0.11596098726168105
====================
800
1
0.13433042552645202
0.12958768858325545
0.05559239992795688
0.004742736943196595
4.455531036659629
4.179971525150164
10.49469574669132
0.3043371568870418
====================
850
1
2.452947832196678
2.4098435806557776
0.0547933040189823
0.04310425154089992
4.072755598263635
5.122426399370464
11.150058818665958
1.2740790816633503
====================
900
1
0.785892137851729
0.7857210294242976
0.01958891701435861
0.00017110842743139898
12.792373789467884
14.462390486052879
11.160062158095089
2.849120194313964
====================
950
1
12.226109571096318
12.22448381408618
0.028715287730403216
0.0016257570101391172
18.172832217253937
19.954950260938723
11.439717720294306
2.662426805913666
====================
1000
1
12.35192084179787
12.341888711015555
0.05645039089116527
0.01003213078231515
14.811624052510046
16.362691793507636
11.618843923391397
1.552098203782987
