====================
0
3
0.0
0.0
9.237055325116027e-09
0.0
0.0
1.3429082616799096e-07
====================
50
3
0.00517147520122041
0.02511222240569655
0.00429778125982927
0.10273982301665807
0.2533002483446991
0.055097989113026324
====================
100
3
0.024052052603643848
0.08276545027556281
0.0027837223525799537
0.3849809185708661
0.6397195062443233
0.04953859340479182
====================
150
3
0.019295730132575573
0.052532259982033924
0.0029303561882181306
0.6027322608495438
1.2480693507750509
0.4085286291810319
====================
200
3
0.03534136201399601
0.01387515493728229
0.008806492786993608
2.054429434607172
1.390250951770111
1.0335245474772972
====================
250
3
0.02725989235119286
0.004731576615341959
0.00027028479339930023
1.0410056105609273
1.2127207117706966
0.7182731909625947
====================
300
3
0.04835239940229741
0.04377770654975732
0.0031615131824733744
1.240372082896563
1.6203943629125463
0.6167232258860057
====================
350
3
0.04969250920542634
0.051191516844626195
0.004819047928164455
1.8127334024197688
2.2476580462577003
1.9172061013869959
====================
400
3
0.019250776950121416
0.002565235297410845
0.002621826490820666
4.0284961043800935
2.856421279998348
2.6652463667308908
====================
450
3
0.007008088358825049
0.019494338283170487
0.005358858917381859
3.2942028541743995
2.7073793532839296
2.1476531193943185
====================
500
3
0.015390636672471647
0.04179379320897514
0.005294658991069845
2.913910430343376
2.696954033301798
0.9223129397116524
====================
550
3
0.056072182444974805
0.04020455913325627
0.0020020504875277734
3.678347216483341
2.814715640503456
1.9192649681698166
====================
600
3
0.16757798296734738
0.05225768917405363
0.003390132916524527
6.117954210050593
3.1127297202983657
2.0066131880471403
====================
650
3
0.18169727977221584
0.10186067612582383
0.0004321138538339042
5.372050306806541
3.6619059055852787
0.1105636647093963
====================
700
3
0.14581286443301344
0.16493182856263333
0.009502371661864295
7.9609744306762025
5.11944407453305
1.9596262810990492
====================
750
3
0.08009802640520713
0.1255262269139521
0.005558634756456682
8.601435579378787
7.006992358590647
2.8356341698310916
====================
800
3
0.0724736173632943
0.08266403810581353
0.010369102110120973
6.925619948834371
7.67597553545757
1.3931693226891901
====================
850
3
0.16681285686971026
0.12728444745582834
0.0005592468098964964
9.259044901283598
8.907662737360702
1.5736856626704427
====================
900
3
2.4182584071294944
0.07986735703078551
0.008775215759891708
12.064818137274887
10.181426196969474
2.9042996669399574
====================
950
3
10.515587834145128
0.09086222181384374
0.13627466828908474
18.878084830490447
11.2090960564206
2.9807755596765997
====================
1000
3
9.791312925302803
0.0878038203821378
0.025122777904130346
20.593804181987366
11.77491432443061
5.194120088358709
