====================
0
2
0.0
0.0
1.154694139498781e-08
0.0
0.0
2.8188206043437018e-08
====================
50
2
0.006637218109951215
0.04145697258976
0.004797371701450448
0.7741124683385028
0.572847500220415
0.020188194969510825
====================
100
2
0.06787994403594144
0.05652164065281928
0.012643900506596584
1.0991351611827083
1.057563934580337
0.10621094478597823
====================
150
2
0.0565044407520221
0.013665177537768525
0.01119694109580549
1.787994154330397
1.5663641027371031
0.7646042097416424
====================
200
2
0.07228367744078498
0.011140737928017553
0.00030992922023849803
2.5657350585041585
1.8808389475231313
0.9943296441544875
====================
250
2
0.1291758385916233
0.007273139005681051
0.003728742069634361
1.565083616084601
1.6121324921626816
0.4476590791235914
====================
300
2
0.038129848236990505
0.05634752148853739
0.017301941816890043
4.199941743698228
1.9618143584479273
1.8839732587315192
====================
350
2
0.06386895468826759
0.060778986896795395
0.005475244460341422
3.855430749227823
2.6931674717185987
0.225036205473312
====================
400
2
0.12878475697935193
0.014508971360689085
0.0032666662917029653
5.084489217106395
2.8885043022473194
0.7518373340015388
====================
450
2
0.14227083553612863
0.05324474851890404
0.003358065879168981
3.7581872609400713
2.764597792969895
0.6762391286512415
====================
500
2
0.005729562964611468
0.07093183135683079
0.0034892780875823703
5.652942438357736
3.707377198631023
1.4543473994853697
====================
550
2
0.023695855399375576
0.12140282154158188
0.00039318899846962907
5.203222767310305
4.441673930059769
0.45852814703992617
====================
600
2
0.06938749002048092
0.054868090984134546
0.005111803457345267
5.900352349346128
4.479784633410799
0.6049502308226492
====================
650
2
0.08159806049376184
0.13123120229924212
0.0035009764563922463
6.21398806748474
5.396893743390029
1.2579349624837541
====================
700
2
0.029228546998776306
0.16998647062392847
0.0034842821180385286
7.618752424576342
7.195081902577718
1.8862894790283777
====================
750
2
0.005118565343902759
0.1367105674622442
0.0030266572493236055
6.2922419205925895
8.902412122697967
0.8753985998723918
====================
800
2
0.07111481711859916
0.12651794484145185
0.005170565340824083
5.892762303502099
9.464160240065615
0.3960560740529516
====================
850
2
0.03529867666817399
0.12769784502360504
0.0031898427699701415
6.228476675252191
10.534951856171581
0.46279502051818355
====================
900
2
0.029300204623751824
0.08481546535838902
0.006014503294267559
7.517411931947505
11.976642739358612
1.0596934639104834
====================
950
2
0.07006407291277905
0.0594314504304263
0.0002147087569426276
8.295004828650814
13.05055510098672
2.2209607541329106
====================
1000
2
0.18023226446252255
0.017699861157708968
0.003645135804062106
10.728445256406204
13.174448525684456
2.9153290192665584
