====================
0
1
0.0
0.0
1.1222355502885668e-08
0.0
0.0
5.041989019196053e-09
====================
50
1
0.03141815713298102
0.0016624059896841459
6.27109282109739e-05
0.7501754451669764
0.5655601403066237
0.021617800852545988
====================
100
1
0.024444878536673986
0.08713367694104246
0.011036475805484613
0.484211930733052
0.8104349499593253
0.2298653601348186
====================
150
1
0.002131168252840654
0.10960821981315716
0.008672738765254318
0.5263039736445155
1.940691782472357
0.18983367892528413
====================
200
1
0.13930572334802976
0.135156146513439
0.006162048121709632
0.5295217543581361
2.995757306480358
0.12881020949840266
====================
250
1
0.03896117844377245
0.11552562094677832
0.007540077772678178
1.4176688447842172
4.585814840486566
0.4102913765875671
====================
300
1
0.05594058387533396
0.10264925759013632
0.0028181802287914337
0.8000688406255086
5.425076650307196
1.3214773512811915
====================
350
1
0.03489715515219638
0.05704232584293645
0.0015130771740039517
0.1393933184462642
6.031173296599252
0.7921629638235959
====================
400
1
0.008289602383369996
0.056108569390602867
0.0006056263627225097
2.3961489269627774
6.580340846625047
1.688747357947232
====================
450
1
0.0002556451872861576
0.07119505093915901
0.0001127639876403741
1.4263260281093304
7.433661145569658
0.9962838474889403
====================
500
1
0.10207987656507944
0.04027632813915849
0.0022198512322386676
1.6840701136635552
8.041630501880295
1.2444764641429313
====================
550
1
0.1282845052657866
0.06770152618929726
0.002074773540640562
1.5578205600437625
7.743319568932492
2.8420518169171065
====================
600
1
0.05109827642175571
0.06742595131225176
0.012102919345945526
4.329440950732641
6.966452674979963
3.5457738981436555
====================
650
1
0.036662043238849806
0.005843712290290126
0.00824256902074727
3.5038971421856764
6.510731909197859
3.409482538040071
====================
700
1
0.010385846687902323
0.024505504912472276
0.0008835145420853507
2.34246614420221
6.601618941669212
1.7395211069746679
====================
750
1
0.05668112306119766
0.06057162846625874
0.002999293767487865
3.1309808969528103
6.155206455805698
2.8361921315602423
====================
800
1
0.004758900210748495
0.09946288670902294
0.012541900961923945
6.113480079511575
5.458780537507645
2.969800562234852
====================
850
1
0.0495465781251081
0.06972976989730628
0.00783001368907299
5.638775392705973
5.20537605570254
3.199183518192437
====================
900
1
0.8516986015153514
0.0005062489148106586
0.004165099527670524
6.262492328217771
5.011032538552234
1.683067492751889
====================
950
1
0.053178529527817764
0.03485242616985884
0.0025657981461624235
10.184951620763742
4.996583247978709
0.25684953360792273
====================
1000
1
0.01800425641287723
0.059729736901057484
0.0024995302992406113
10.998205361289939
5.058203676567637
1.0423424514644053
