====================
0
4
0.0
0.0
7.040896918922754e-07
0.0
0.0
4.999963213517335
====================
50
4
0.022244559034358735
0.052842592754956064
0.0016164051312286265
0.3967020339542309
0.2449659950011534
0.03066257890021906
====================
100
4
0.07887267316269586
0.039813961733899284
0.014806106482320391
0.984687199235011
0.962581845553194
0.1875980165812641
====================
150
4
0.018463240981456464
0.05858642855049778
0.0029459145067860515
1.249474330393764
1.429271623984811
0.6865659319773766
====================
200
4
0.03244707402037537
0.0064912743632459385
0.01725598531682819
3.072273359396562
1.6334174433107338
1.3731024913346634
====================
250
4
0.009235285934323212
0.02165016853192059
0.004473968535043227
1.8991414866094274
1.500756836225103
0.7159388815394456
====================
300
4
0.06852419635867735
0.045687829919832446
0.002292184575764633
2.6776706179464105
1.719218741828549
0.5566513565138337
====================
350
4
0.004490083491850649
0.01450354179572777
0.0033154490186118046
3.3135587388305665
2.085999333342148
2.183148771180941
====================
400
4
0.0297156550484199
0.06937851146596094
0.0037210944684126744
4.728416056923262
1.7417926061999236
2.903002759616316
====================
450
4
0.06183175430730148
0.00966216866963121
0.005802781505614973
3.2125981601615865
1.304865374231817
2.2550503956610513
====================
500
4
0.07792970868733162
0.07658339924327295
0.004718613559830498
3.197081991297022
1.6678836926187819
1.243153114523459
====================
550
4
0.10832045091316878
0.03752442440824444
0.0018293374436511023
5.234595218792868
2.332596825671142
1.1618132358511444
====================
600
4
0.1775188349232445
0.029024419425733028
0.00964045059996075
7.217572860583788
2.3929340890419053
1.2725886743930335
====================
650
4
0.14447455321673064
0.04496565673213282
0.019228658333907633
6.815495016332822
2.2979420505829204
1.6508792975478392
====================
700
4
0.005892018039515889
0.05204094178461549
0.0023661144636428766
8.336597102414942
3.084648351519583
2.889327587406762
====================
750
4
0.004965500237997356
0.018832892976842652
5.668615842657765e-05
7.422615625225988
3.428858575704209
1.6451431366371727
====================
800
4
0.124527685701967
0.054278613383901136
0.016697539601652184
6.391903878084777
3.2159763738997142
1.14029807248583
====================
850
4
0.15852758124543675
0.13958191929818686
0.0007066315661850009
8.515053040023
3.533905951467696
1.6311614379993786
====================
900
4
0.026691796043375682
0.073371733476852
0.00927894894787995
10.46083465532132
4.9633199010561695
2.0634379450393747
====================
950
4
0.11315108581950573
0.03406983201468994
0.0015649656703216053
10.848846965690765
5.412818344085476
0.9624361888541485
====================
1000
4
0.1746014554959896
0.03935359820265945
0.005224533744473583
11.96520408626443
5.099793526975889
0.5254869800531692
