====================
0
0
0.0
0.0
1.2799150074659703e-08
0.0
0.0
1.780828660748712e-07
====================
50
0
0.01936121769136845
0.00918971354658038
0.0009702373561766287
0.2475387364592441
0.3910162400200415
0.022325729691664242
====================
100
0
0.04490751154453099
0.06451409788369755
0.017585925774439737
0.34695303248967463
0.5298437076562006
0.20769933733733642
====================
150
0
0.004993159194951913
0.04854359221176119
0.0011653616000328881
1.2079562641005304
0.5014590807015442
0.3962955556438469
====================
200
0
0.12284228131336615
0.03778115536844366
0.006365844519981335
0.526828607283532
1.1907273301342103
0.6355494439717162
====================
250
0
0.10012234299178902
0.06181835917588541
0.010025677623620277
0.9393805712501664
1.5001873121504963
1.0118656877126448
====================
300
0
0.05348156902497747
0.10743997026718466
0.0038433551112673214
2.5841987948013703
2.4069885938721782
2.756575316366509
====================
350
0
0.08537151948042254
0.09920818757406669
0.008826270875334608
2.136223503053277
3.6260371858199583
1.2656680454428277
====================
400
0
0.11015204232848656
0.07559753360014737
0.0016096923547303625
2.7039751304769957
5.1777253068060825
0.8250787211343045
====================
450
0
0.10172185479177798
0.10512343897970178
0.0023257174600752606
3.446417386826595
5.865064709575602
1.1153729686342464
====================
500
0
0.02108450574448506
0.12306460225608173
0.0007930536409932465
4.627787223838377
6.8926854812093845
1.721737070593088
====================
550
0
0.03615241849107753
0.09869583326163167
0.005355260201875156
4.390336256050711
8.14485589444834
1.0353170646167447
====================
600
0
0.1440187863089188
0.11356895940430879
0.003118042270219272
4.561969816618803
9.184685430396005
0.4285052630851664
====================
650
0
0.1649206055586152
0.15980157449446541
0.0019067346335144286
6.1625880935204265
10.303987454710002
2.4961225484569605
====================
700
0
0.1414462377866168
0.1855960664684786
0.01194391233447556
8.166502754303176
12.031369337334764
3.658273321581316
====================
750
0
0.18153007941403798
0.2571952563471942
0.0001087748348265194
9.040400685736262
14.426344555812616
3.483811069773565
====================
800
0
0.27113947537659105
0.25375208898769247
0.007190878612137699
7.1627459968910365
15.971697810335938
2.32877347935623
====================
850
0
0.29033775031796616
0.24279583765172608
0.004130176489754556
9.566075797061991
18.156630023594694
3.255318266997556
====================
900
0
0.22696217379804118
0.3398293989260788
0.006125066868760687
12.635091936851682
20.987208825538033
3.9378757612680677
====================
950
0
0.11753404004149792
0.3091092866868852
0.005656488713970509
13.75290521893389
24.457401973490192
3.975807804345752
====================
1000
0
0.1856712768037364
0.2931966235161383
0.004473495382230188
12.29078013421462
26.902978765471378
1.049077135151976
