====================
0
2
0.0
9.804136174379499e-05
0.0
9.804136174379499e-05
0.0
0.036629045256095484
0.0
0.036629045256095484
====================
50
2
0.0008736134177949051
0.0032830526988851805
0.025912378347704657
0.0024094392810902754
0.3007693088123445
0.5863937950373166
0.37687649529657974
0.34426036210025
====================
100
2
0.009104987997790026
0.0010320629304225726
0.0010984874888753104
0.008072925067367454
0.3181493325885058
0.643057460856475
0.3048201505001651
0.3249704138150511
====================
150
2
0.07836071866943373
0.03564996213719884
0.022951892609403002
0.042710756532234884
0.4858886904579726
1.0784317916598043
0.2598192919572124
1.4949369047610346
====================
200
2
0.05645350483157865
0.00499183652695645
0.041737286858224365
0.0614453413585351
1.0189388002624546
1.5915709375950597
0.6881704244733734
1.869295850562121
====================
250
2
0.049942610386522146
0.019450663062301254
0.06284217484324617
0.0693932734488234
1.5330268330872843
1.6644669633912925
1.105940576263807
2.6049899737367355
====================
300
2
0.017029973811252486
0.034260533740861465
0.011285918815015616
0.05129050755211395
1.6052623168507143
1.4708092608978438
1.0615505461292554
2.3901464035252658
====================
350
2
0.1067309824022693
0.06476701539624985
0.04590006659917467
0.17149799779851915
1.9395060563103368
3.527467758246662
1.135708189941035
5.3506534387201645
====================
400
2
0.17802499861244586
0.21041783041616488
0.1307419548273831
0.3884428290286107
3.2487752232436735
6.4080660184442
1.9244761804928943
9.606686318834745
====================
450
2
0.16631970127865814
0.14106396078516248
0.13789816167329305
0.3073836620638206
5.375344859507127
7.905444580502177
3.622218893593491
12.808537743356846
====================
500
2
0.19672578467787005
0.09677113129975012
0.1636470024845842
0.2934969159776202
6.3900877943921
8.036357200747643
4.418607267294086
14.28984705916601
====================
0
2
0.0
5.309260221914894e-05
0.0
5.309260221914894e-05
0.0
0.06735977915308046
0.0
0.06735977915308046
====================
50
2
0.010488167444672403
0.015764675711257947
0.02815670942911286
0.0052765082665855445
0.37679363014195083
0.3007437708598401
0.29746497812640715
0.4557764422575259
====================
100
2
0.04661169925514397
0.039870642780304166
0.029849599149142314
0.006741056474839802
0.8772979269305963
0.21888353112993666
0.8374870451150837
0.7770533618377149
====================
150
2
0.07490374635159669
0.010609670661802184
0.02005405500686308
0.0642940756897945
1.207183030757912
0.9145229774782668
0.8193497219495354
2.0968604756165927
====================
200
2
0.025676843932484435
0.02877781662111429
0.004158066114690901
0.054454660553598724
1.077925806388915
1.518975198809462
0.49132174649646615
2.572391669382127
====================
0
2
0.0
0.00028070168335619363
0.0
0.00028070168335619363
0.0
0.038169123958355505
0.0
0.038169123958355505
====================
50
2
0.06034596130325842
0.042513289081222094
0.02243340714268749
0.017832672222036328
0.5888699923319576
0.6422593139198992
0.492093457555631
0.17980804431681546
====================
100
2
0.005657167910207761
0.02512274444893725
0.006902235242529198
0.030779912359145012
1.1707867056254233
0.7449818490794455
0.7635841850699883
0.6427828462599994
====================
150
2
0.06523055638806463
0.046468185252007466
0.03729782089466682
0.018762371136057165
1.0551333233640505
1.5421884504288264
0.7636017589832955
0.7297864887887742
====================
200
2
0.052013743711394736
0.024185869425185445
0.03696247461334215
0.02782787428620929
1.0010310293870808
1.7423965126420673
0.8256932077100537
0.8593055318197951
====================
250
2
0.06426214123309815
0.0395217664672225
0.09913683541386065
0.02474037476587565
1.407470557588358
1.9931301558381054
1.0221245909865313
0.7041815165754799
====================
300
2
0.08488429947470477
0.020049667223760004
0.1027506224365804
0.10493396669846478
0.26160596839614786
2.6336499240071283
0.4413838945568352
2.3848231108264772
====================
350
2
0.17528450446557664
0.039148975742955505
0.14136847144586362
0.21443348020853215
1.5711943809038111
3.9418916760935816
1.9930575863002737
5.448365950520477
====================
400
2
0.1455421853995283
0.1664897173622251
0.13965589287044355
0.31203190276175335
2.7861804010040023
6.1991462900902405
2.8779852113680113
8.976771021421644
====================
450
2
0.15999396098171248
0.09898665256449579
0.22261674018376287
0.25898061354620827
4.145484538343879
7.894954003009788
4.508249587868211
11.710507553928208
====================
500
2
0.2033028052618242
0.028637658649151465
0.23674593771333718
0.23194046391097567
5.512195939583912
7.56708700139405
6.515101216338034
13.021968803372848
====================
0
2
0.0
0.00012601642775620706
0.0
0.00012601642775620706
0.0
0.04357957014152723
0.0
0.04357957014152723
====================
50
2
0.08898298471520816
0.08522977124395892
0.03610773897864217
0.0037532134712492393
0.5527938389035238
0.39043673648447996
0.3828406443118513
0.3615016526165437
====================
100
2
0.0760649226216672
0.0472095181518406
0.05718835669021871
0.028855404469826595
0.9077482974518845
0.25357631651869383
0.5175771800840573
1.001562653218042
====================
150
2
0.05196081159514132
0.020384998506445262
0.05614101674072791
0.03157581308869606
0.8504936426951893
1.7626190931585495
0.3422230077780615
1.1336951279505572
====================
200
2
0.011060002328506282
0.09759436569002321
0.022967461980929464
0.1086543680185295
0.7363476046240777
3.660769096087656
0.421941650128755
3.102989255505382
====================
250
2
0.06988432156294055
0.08816056042886267
0.028586527278911866
0.018276238865922112
1.2187787621336246
4.999631680693897
0.7086601244680726
3.8022055363599025
====================
300
2
0.040403625787494235
0.018776838636172855
0.028487237712017333
0.02162678715132138
1.8578782876222584
4.375917935211691
1.1617327107433508
2.7237780389949298
====================
350
2
0.06226328716740448
0.028017472724451098
0.06853470770762371
0.03424581444295338
1.6809478517409027
4.378385349862505
1.584517742337332
2.9429039967251827
====================
400
2
0.025196913257762094
0.3825295971264575
0.032215050253779146
0.4077265103842196
1.8841812327463834
7.455485581287015
2.0754492107979563
6.912268972524466
====================
450
2
0.01820419460554601
0.18428337319313193
0.026736436765213867
0.16607917858758592
1.887357864509518
8.852369965970016
2.522261431672714
8.30937410821682
====================
500
2
0.027212676522358148
0.03684977850261806
0.04853763251646992
0.00963710198025991
1.916995443762563
8.409425351994145
2.821502713765001
7.8431503428578
