====================
0
4
0.0
0.0003931337500710488
0.0
0.0003931337500710488
0.0
0.023588455175393788
0.0
0.023588455175393788
====================
50
4
0.04969429750769483
0.04317892193710815
0.00012665011299528572
0.006515375570586679
0.48111400289383865
0.3142324466338942
0.2245455962253306
0.2943137046291892
====================
100
4
0.0230250736064197
0.03489993897079735
0.005172301641490851
0.011874865364377651
0.6071875101371161
0.8156823027481311
0.47905218298533686
0.20852283507441
====================
150
4
0.016789124616866324
0.03496961837480428
0.03272793720755818
0.0517587429916706
0.21627780735656713
1.4429934344869495
0.22234538443981128
1.2302725968667017
====================
200
4
0.01025462117876575
0.06687993834542001
0.016250644712518015
0.07713455952418577
0.9980800507869658
2.5148708288911763
0.7514253063552687
1.9647276200697816
====================
250
4
0.062487166346380185
0.10642836523051846
0.036767078920940666
0.04394119888413828
0.30492099650796706
2.3126112248556994
0.3264097859568982
2.040590208824225
====================
300
4
0.0017933931400189174
0.04226520598696304
0.02196145801377325
0.04047181284694412
0.7560127493117037
2.2645054650653456
0.5678556906067986
1.5742457777147933
====================
350
4
0.028237042941269497
0.07733309751778927
0.05436523029675522
0.049096054576519776
1.007582118730277
4.179994719274084
0.979714644268986
3.3591934244042747
====================
400
4
0.0810738339401345
0.18691717640193461
0.06987684414143458
0.10584334246180012
1.410442213254545
7.159617616447461
1.728918197215321
6.08348631931919
====================
450
4
0.07897394479708897
0.09463382325840697
0.04758488820169493
0.015659878461318
2.345602126916686
8.093220097341673
2.394611118830418
6.647108019722854
====================
500
4
0.01367947477450171
0.026875755984562044
0.009841148906652997
0.013196281210060334
2.1761214904936184
7.997841026665448
2.173289199508218
6.3900878326443635
====================
0
4
0.0
0.0002871349984836884
0.0
0.0002871349984836884
0.0
0.06512827284868657
0.0
0.06512827284868657
====================
50
4
0.026643757903970222
0.018574530637479603
0.0017245063353270584
0.00806922726649062
0.25998751035463696
0.1227905796179628
0.2911980032318706
0.30990802912549775
====================
100
4
0.057876643510405223
0.04460381662851454
0.049531929434363686
0.013272826881890687
0.2570393880714921
0.08030458878034295
0.2850685640458268
0.22892669500592078
====================
150
4
0.057862708581422506
0.05919993579864946
0.06910272605452361
0.001337227217226955
0.8574005620464621
0.9621355618830592
0.39085105951442856
0.30699592712288454
====================
200
4
0.09137898613246379
0.09007743643918238
0.05422049767239832
0.0013015496932814044
1.8726569280290255
2.139591166724759
1.315631045497892
0.505180820472668
====================
0
4
0.0
2.6255361651150875e-05
0.0
2.6255361651150875e-05
0.0
0.02546920837074955
0.0
0.02546920837074955
====================
50
4
0.021820345316085676
0.017973990804787565
0.0020942801420800183
0.0038463545112981112
0.7480761295736003
0.660713096373304
0.6378720588755918
0.0988256787464825
====================
100
4
0.02157576529023464
0.021829672081933094
0.03128999459860138
0.000253906791698455
0.9532973588099044
0.8564596340499361
0.7770277198247713
0.09695532184969696
====================
150
4
0.09799992348292763
0.059916648373904646
0.07971936214934905
0.038083275109022985
0.90523434734802
1.4888131828049673
0.9424345492660031
1.0583995248809421
====================
200
4
0.07363564814729043
0.0245311160805841
0.06949205515282247
0.09816676422787453
1.9098277022239447
2.1113141922733933
1.7781319843501024
2.9621754483711853
====================
250
4
0.008473145137402271
0.09826358993334061
0.04210461492931117
0.10673673507074288
2.385317713942222
2.1381034027263706
2.4838582929066946
3.741857156911619
====================
300
4
0.0020901322591750926
0.16220473204866614
0.010735312319528845
0.16011459978949105
2.994990587733771
3.0937317075303117
3.0640631499248863
5.004315467942058
====================
350
4
0.0803964215462909
0.07120669158259485
0.06504543430135645
0.15160311312888575
3.2704170816265035
4.541406774300884
3.3079916665578937
6.514829631240871
====================
400
4
0.05380532413537195
0.1544241635347173
0.07006392102846809
0.20822948767008925
4.059760917313699
6.764757528440262
4.0258315199059584
9.383575046701278
====================
450
4
0.041856746032344905
0.14439588073055298
0.07272750833337582
0.1862526267628979
4.464420111104039
8.209509724887374
4.793270394413761
11.235335162689362
====================
500
4
0.03836850745429876
0.06592778893704487
0.026049658815964438
0.10429629639134363
4.774499665509365
7.851284217882644
5.227279731416434
11.146176980970928
====================
0
4
0.0
0.0003390446020323748
0.0
0.0003390446020323748
0.0
0.0285217817375543
0.0
0.0285217817375543
====================
50
4
0.04918947741013113
0.04646690915653928
0.010042303495769067
0.0027225682535918505
0.8955217831162458
0.7325572749687562
0.7539243748084011
0.1721349814065902
====================
100
4
0.0011937439923941362
0.016157592717594316
0.021606023510393424
0.017351336709988452
1.2291939324178467
0.759513305603841
0.8646361010129338
0.49888907229631835
====================
150
4
0.06419256364597414
0.03931130225715895
0.02208905001345185
0.02488126138881519
1.253234361148102
1.831097123367204
0.9783712673242486
0.6581252369980682
====================
200
4
0.004372134778851611
0.1768574908988112
0.0012899576168442328
0.18122962567766282
1.5515016357096474
3.510581455891671
1.1199991420037563
2.9764865687506723
====================
250
4
0.018266830566295633
0.0811222436852661
0.025942548764523288
0.06285541311897047
1.3475579225762135
4.661128636078596
1.0627202137051672
4.079459170538773
====================
300
4
0.048491686915427934
0.07645360765029308
0.08180852834353214
0.027961920734865142
0.8867392005812618
4.350375561154356
0.4655060463282445
3.752240932602423
====================
350
4
0.08988005827952628
0.06374497204546192
0.06420796617353819
0.026135086234064353
0.12451057027884929
4.009451748051526
0.8537827167549946
4.122551711559112
====================
400
4
0.0921105020972576
0.13232932022556404
0.08405693639797894
0.22443982232282164
1.3869274489567434
8.000017162216308
1.5348881507608974
8.715781327205207
====================
450
4
0.022370880214852118
0.03390889980383949
0.07533621887010233
0.056279780018691605
1.9892885777393132
8.729574276820676
2.302371061589859
9.62897501580552
====================
500
4
0.013965407808652408
0.005037087262039552
0.04242657597368815
0.01900249507069196
2.845582135729569
7.809858985250633
3.3916441222191462
9.182565982878796
