====================
0
0
0.0
0.0004237471871243359
0.0
0.0004237471871243359
0.0
0.03370863499051132
0.0
0.03370863499051132
====================
50
0
0.06527756897463544
0.05846552066537791
0.020684267402784062
0.0068120483092575235
1.147260283224068
0.8834902846288907
0.8922731627121605
0.2665292520022012
====================
100
0
0.04115306275997943
0.028916999283955747
0.05676127427396427
0.012236063476023684
1.6992246110785023
1.0779684588958944
1.260260281537975
0.6978176608350717
====================
150
0
0.005986707593891971
0.0048283469546448465
0.0515416960180366
0.0011583606392471246
2.044676319199346
1.5078799821230726
2.0101566820315577
0.9911179522066484
====================
200
0
0.002639937187454974
0.012847706724958528
0.04321788775123304
0.015487643912413501
2.126857525474268
2.369521242827317
2.4848304813280944
0.26812585198794203
====================
250
0
0.034683289826610286
0.030852744749427563
0.046973457003799624
0.003830545077182723
2.3777714521366238
2.3832319268258617
2.982076647292286
0.0681036207452075
====================
300
0
0.046756178470340526
0.028222673111265806
0.004234676733874565
0.01853350535907472
2.6756720714035716
1.61199311099098
3.5448139482416505
1.0746295932858128
====================
350
0
0.023908966223975536
0.04000449814425622
0.03976319233599379
0.06391346436823175
3.004751350103162
3.2753227548009964
4.346081651514218
1.5445231725390351
====================
400
0
0.008172173949480948
0.1969469371563586
0.058817733365403045
0.18877476320687767
2.971579554300563
7.1365917203318805
4.943557940156677
4.462180955010073
====================
450
0
0.03631632692986586
0.0342686977004143
0.04392283849447698
0.07058502463028016
3.271179007773846
6.964370249985525
5.369784117845395
4.754890065067628
====================
500
0
0.014830341453647033
0.03787567450195972
0.023725841575705342
0.02304533304831269
3.0708291141453663
6.876923172577839
5.348856239510655
5.063732964803812
====================
0
0
0.0
0.00030475691587391354
0.0
0.00030475691587391354
0.0
0.04008299349071948
0.0
0.04008299349071948
====================
50
0
0.03340609271831463
0.03718196725030731
0.01998108423984779
0.0037758745319926845
0.13250750411721912
0.3137566950114011
0.1480580019599847
0.22601853510549397
====================
100
0
0.012451602076174684
0.01704914752501452
0.002202684722087067
0.004597545448839835
0.3696471159215899
0.4096561264600234
0.14975147599254882
0.15814108697977985
====================
150
0
0.04257466464131143
0.033338454546781415
0.013966417226713101
0.009236210094530017
0.5986342344848776
0.7711619905590067
0.48798462033422346
0.6644134345368458
====================
200
0
0.06729282443723153
0.032615725607045704
0.04156254703285373
0.03467709883018582
0.39371827974146545
1.5310511148984645
0.22132862595415959
1.173839987842756
====================
0
0
0.0
0.00014209797709255586
0.0
0.00014209797709255586
0.0
0.03938700746519908
0.0
0.03938700746519908
====================
50
0
0.02062403039651506
0.021450482539646654
0.011879240902580968
0.0008264521431315952
0.25893059716182265
0.10592034334571658
0.20341763480989278
0.2159025792834141
====================
100
0
0.014317863800943353
0.01403409638221298
0.04498380398964441
0.00028376741873037403
0.35461157369083574
0.18727616234796657
0.5044042052450103
0.27653446101314005
====================
150
0
0.02635778191983329
0.018203106245407774
0.05221101185092758
0.044560888165241064
0.4951290600198582
1.0975255368035663
0.9979483234880295
0.8650317271721357
====================
200
0
0.004607295946793924
0.056816836713475115
0.05780304512119053
0.05220954076668119
0.45739212654797173
1.3076395735836845
1.15493583548343
1.5396192318247865
====================
250
0
0.041931844729006906
0.013628557404719466
0.03784385315420735
0.05556040213372637
0.16654244703116527
1.3682264092295122
1.6951886535545888
1.2080209749385693
====================
300
0
0.009064708916477482
0.06121772587112018
0.04246668101055917
0.052153016954642695
0.5537602948531986
2.6680378566936316
2.0667322255796354
2.3017821808601013
====================
350
0
0.07138437941367193
0.13425224799564295
0.03250270437238156
0.20563662740931488
0.18856854023116676
4.519621594684312
2.6163405179513406
4.358418096377601
====================
400
0
0.0526165220044778
0.21044546749507123
0.025008651300091854
0.263061989499549
0.6533566945991617
6.776364703451726
2.9469354256410774
6.983626339247864
====================
450
0
0.05505028974309889
0.13435874103845968
0.05540188627160858
0.0793084512953608
0.6188788025090174
8.65045153872426
3.571818070892254
8.426618834379724
====================
500
0
0.01979156083028588
0.03942913677654225
0.06301663685148329
0.01963757594625637
0.6225614654947943
8.436691145451897
4.221497366560996
7.91801303524936
====================
0
0
0.0
0.00023325184006812
0.0
0.00023325184006812
0.0
0.026808167014537497
0.0
0.026808167014537497
====================
50
0
0.04231225070727218
0.027070860649659245
0.0015339727090131206
0.015241390057612936
0.7181529613939877
0.5979309642243585
0.5544088554103561
0.12082711517891279
====================
100
0
0.010439033091253602
0.031219303167008938
0.009713006647201983
0.020780270075755336
0.8439561624160555
0.3145852527731038
0.6791005866894143
0.7952761232588488
====================
150
0
0.019960920894114054
0.004055591477730713
0.02838347381665307
0.024016512371844767
0.6866559304300675
1.8229995182576857
1.025148822786543
1.1417840959495735
====================
200
0
0.017675984105941824
0.08664783424636295
0.003523669167109591
0.10432381835230478
0.6539095415374644
3.3152897440183358
0.5704250024831236
3.367601059120021
====================
250
0
0.0429229635262518
0.09639091176009384
0.007942296880035338
0.053467948233842044
0.8594460938872719
4.947493548478928
0.7974158570345273
4.732400025542015
====================
300
0
0.021993377995487062
0.04690271880890551
0.0015274243945828658
0.024909340813418446
0.9144040919935305
4.019349200543762
0.8585061325354626
3.168372855931789
====================
350
0
0.01339496893481229
0.06488113400897033
0.013780872877665162
0.07827610294378262
0.866694366795401
4.043129826654451
1.1370208818405108
3.3049469978145876
====================
400
0
0.005545501448439499
0.2856683021066944
0.027735831033529626
0.2912138035551339
0.7745520120536805
7.627199958430841
1.251483525247843
6.852933145058814
====================
450
0
0.06366460279481734
0.2862577689315955
0.05500411684541229
0.22259316613677815
1.0902852049180785
9.089840772830252
1.592281619385768
8.112288302939282
====================
500
0
0.08603506707060982
0.07217890743141853
0.10979804682450611
0.01385615963919129
1.8644362219358928
8.578185388879767
2.1629006024915034
6.749400539669768
