====================
0
1
0.0
2.4139011991554573e-05
0.0
2.4139011991554573e-05
0.0
0.03230651278958827
0.0
0.03230651278958827
====================
50
1
0.030092548465799673
0.023611272006336614
0.0069252958234757855
0.006481276459463059
0.38015973014818005
0.35940771531389637
0.16168565750515107
0.4178502765353197
====================
100
1
0.0289997168799343
0.032977425879944455
0.025181347285725852
0.0039777090000101545
0.8861925408270995
0.6858896316969922
0.517510414896844
0.20560500919039268
====================
150
1
0.011803825280825686
0.006562378754811915
0.01332930831729695
0.0183662040356376
0.9498152316382847
1.3058097274150249
0.8044015847320048
0.3662369354978266
====================
200
1
0.03464777431110818
0.08964657224618765
0.042186324840340864
0.05499879793507947
0.9049693862753523
2.3227797779384014
0.877305719598413
1.423075945061908
====================
250
1
0.04175562880845618
0.07664476572834511
0.028228622222701283
0.03488913691988893
1.442441816171227
2.92122674729986
1.3951517422079474
1.479682968197991
====================
300
1
0.02197758241416148
0.04546052746467666
0.03873610123389026
0.02348294505051518
1.859987435200713
2.325056045531581
1.7776879027605608
0.5191911855273804
====================
350
1
0.026205179460405237
0.004063387772121008
0.025142899141938235
0.030268567232526244
1.5400526339614569
3.0925402926755616
1.9570385306614269
1.7216679583783536
====================
400
1
0.022206785579789425
0.18826762404239505
0.017222511711690834
0.21047440962218447
1.3378492280342882
6.343480640114832
2.242567347612197
5.006849485958184
====================
450
1
0.07177038780067924
0.25500642001977636
0.058644221534349894
0.18323603221909712
2.162289265688765
7.2232486032025065
3.051084692187959
5.08485448676907
====================
500
1
0.031377000360966356
0.1603809217950709
0.048019373971450285
0.12900392143410455
3.084556706998455
7.602486641026259
4.094733609378489
4.567514698780292
====================
0
1
0.0
0.0001964600104875977
0.0
0.0001964600104875977
0.0
0.05022279298186373
0.0
0.05022279298186373
====================
50
1
0.08923556439876257
0.09086289127553293
0.03841946140786434
0.001627326876770363
0.6204145157913795
0.6225832139186555
0.3394236924176279
0.2542142406289064
====================
100
1
0.08748705486434494
0.0818087378477812
0.05530889993171062
0.005678317016563739
1.572049222801657
0.8634858961716979
0.9907052866776023
0.7264193159877357
====================
150
1
0.051938337337666285
0.012444454443470532
0.05427740614531151
0.03949388289419575
2.4894992770592026
1.1710780234557585
1.7389278104839714
1.3395023074016803
====================
200
1
0.0967811887656573
0.12079406998586786
0.07610532008345078
0.024012881220210544
2.2264545809281233
1.9354447686333611
1.289658823103658
0.8668728598522514
====================
0
1
0.0
4.8795330668461545e-06
0.0
4.8795330668461545e-06
0.0
0.016488769818933192
0.0
0.016488769818933192
====================
50
1
0.06941348142223402
0.06387401476761556
0.046940231492060835
0.0055394666546184634
0.5856473672831911
0.5431894986461955
0.4237812205234987
0.25951111233377466
====================
100
1
0.029527353719930538
0.030580166006067167
0.03085008418085744
0.0010528122861366285
0.7914553358081614
0.5487607487223176
0.5208295556069091
0.2434373012138727
====================
150
1
0.039339946738800036
0.050964380101856444
0.057137494820023615
0.011624433363056408
1.10792214227622
0.935811502695044
0.9927603489625844
0.33255388337372854
====================
200
1
0.12025892188202662
0.1423979996271195
0.10416262754355916
0.022139077745092866
2.0030660376177445
2.162996436304543
1.7512277009310773
0.3631331405673779
====================
250
1
0.18106183871957438
0.1664081022495525
0.11134277823794592
0.014653736470021883
3.6063743394248644
2.6201827302430827
2.6948815001427238
1.1888740785946146
====================
300
1
0.11389002194887032
0.09610502345701066
0.058952969541406386
0.01778499849185966
4.797741191486296
3.0199618303097218
3.4776466644570716
1.7872954578000444
====================
350
1
0.07701254225389031
0.1324999849959858
0.0649960322503631
0.055487442742095494
5.669202189360391
4.174988871923733
4.214888952760364
1.9557661132607431
====================
400
1
0.016053882430222998
0.10940682414783118
0.00107482774579428
0.09335294171760819
5.838715973506317
5.8760284181017495
4.341170036062833
0.5008998488438628
====================
450
1
0.024252034130053834
0.09312496412235416
0.04383291963730396
0.06887292999230032
5.8048281955065555
6.963036692620267
3.8104811483021095
2.567820251604519
====================
500
1
0.03216623746855696
0.00835322804508909
0.07009057643487449
0.04051946551364605
5.883830603422882
6.827743037079605
3.624664885651866
2.626495953689438
====================
0
1
0.0
0.00024133002056117846
0.0
0.00024133002056117846
0.0
0.06088265924290072
0.0
0.06088265924290072
====================
50
1
0.07691002448985773
0.0738095216317487
0.02068006245416454
0.0031005028581090333
0.35008577782679967
0.6629786271283534
0.034911571396319896
0.4873093928908342
====================
100
1
0.06972064764407104
0.04999442265233167
0.046143180922391114
0.01972622499173937
0.9360639557513689
0.2503342819557181
0.1830041801445529
0.8980811965690653
====================
150
1
0.052940057668022344
0.06439831075010294
0.07779135956884575
0.011458253082080594
1.4097054660163262
1.790356902939753
0.8887372643840691
0.9144217792141046
====================
200
1
0.05311444780912226
0.09976011988022987
0.050059905231503964
0.046645672071107605
1.9790128570697305
3.5256306099968486
1.4225563168817013
1.6518792846288577
====================
250
1
0.04484499984138668
0.1410178256947041
0.0016950273956870543
0.09617282585331743
2.600866165739353
5.306514060018097
1.7341603621210844
2.7811978974803413
====================
300
1
0.05960755524983474
0.0701792081464232
0.03600088068698648
0.010571652896588457
2.878667928998254
4.465990763040739
1.7468596480463465
1.5884311127792512
====================
350
1
0.06968902587291903
0.10915453211235482
0.07942463123641796
0.03946550623943579
3.371079312681081
3.924430047016962
2.2090459452170297
1.1867667426499717
====================
400
1
0.028856603488549255
0.252184631712863
0.023897743279794822
0.22332802822431372
3.784196797147051
7.775118887331885
2.5675530173086507
3.9911509240158547
====================
450
1
0.048593015922902216
0.09646160603075526
0.005911048232161598
0.14505462195365748
4.037048853205072
8.492263135714527
2.582511285594906
4.772431989933631
====================
500
1
0.020755831144128933
0.16491679729969544
0.027295868121263833
0.1441609661555665
4.141693757457232
8.032046694155863
2.474470380745889
4.55789445573632
