====================
0
3
0.0
0.00021216164502370008
0.0
0.00021216164502370008
0.0
0.06804744371860405
0.0
0.06804744371860405
====================
50
3
0.07925053305013541
0.07563372923986944
0.058478190875637104
0.003616803810265967
0.6382133698975493
0.558636248046021
0.5546746600828125
0.07960178551037075
====================
100
3
0.04858771200258305
0.0423242809244031
0.037248904403229144
0.0062634310781799485
1.4320704774062847
0.9045183760467077
1.1201388991958197
0.5376525099816483
====================
150
3
0.039355526350615566
0.03293522372942581
0.0332521572713258
0.006420302621189755
1.3177162171087702
1.189717264969634
1.5777677309795
0.14863727829784157
====================
200
3
0.026663537522827574
0.07747871674072074
0.059463310109529204
0.05081517921789317
1.5422166410969333
2.8475701494565273
1.9058792014337929
1.455734737183688
====================
250
3
0.055768036334528315
0.08772691138554167
0.05416018208699169
0.03195887505101336
2.2120157839193
2.809423819313229
2.6555285239728454
0.9487246357248783
====================
300
3
0.034620280073458964
0.04132270551553008
0.05022769960190043
0.006702425442071114
2.9376180969736163
2.3271388426079618
3.11880909853263
0.9618216593496958
====================
350
3
0.05053177391770314
0.06825701948709972
0.08958312725392448
0.017725245569396586
3.440748158366138
3.8693331515114817
4.057186439500436
0.6049668342339484
====================
400
3
0.11850108314962116
0.19443806116964585
0.1319483981672669
0.07593697802002468
3.5195137466462976
7.19974074200622
4.540989715437395
3.744804837503786
====================
450
3
0.24476916361515944
0.27931483467149554
0.20180782663790287
0.0345456710563361
4.883449677223473
8.053316214943655
5.800455583721288
3.3619803336156213
====================
500
3
0.2054903865990143
0.18566629519753208
0.18744651067091977
0.019824091401482224
6.889634809201899
8.72765511554918
7.377748224895323
1.9479335740944121
====================
0
3
0.0
0.00018010684422819535
0.0
0.00018010684422819535
0.0
0.03701481563886437
0.0
0.03701481563886437
====================
50
3
0.013852421830058192
0.01315699833940509
0.015138584967073765
0.000695423490653102
0.23818261187036244
0.28034615796631335
0.2550596241480762
0.0548322758665684
====================
100
3
0.008258089457570783
0.0018738214925035912
0.027500116123684304
0.006384267965067192
0.14422027098982027
0.22289638572900364
0.30727139101860895
0.07921285312764756
====================
150
3
0.08727448718853847
0.04221503847538144
0.05041628756162164
0.045059448713157035
0.5883834391954583
0.5995441962295993
0.7766144350144457
1.178217071600433
====================
200
3
0.03664953931901143
0.0313976867393054
0.016490724255676145
0.06804722605831684
0.9464117908850799
1.5424968225466926
0.7058693348763014
2.1187614604991265
====================
0
3
0.0
4.4594248772689474e-05
0.0
4.4594248772689474e-05
0.0
0.04624028413340794
0.0
0.04624028413340794
====================
50
3
0.0722598500269096
0.06584077830869295
0.05485019188182383
0.006419071718216651
0.5115359208176607
0.40498568746355995
0.4221063168133661
0.40350984622893
====================
100
3
0.0981540049525762
0.08916847958636831
0.11725344477143418
0.008985525366207892
1.1998660651055373
0.7504028440266889
1.2667289717110854
0.5000312553203954
====================
150
3
0.13115705183462767
0.12677671006017377
0.1983749035341924
0.0043803417744539
2.38488548638925
2.0560789969884214
3.087189316270399
0.35440287637720197
====================
200
3
0.16443718299464302
0.14376156207932014
0.1969877050168469
0.02067562091532289
3.243898147920205
2.6947042078881527
4.090535252252481
0.6071122889776104
====================
250
3
0.2560036537501562
0.1931928840817263
0.2295948393586531
0.06281076966842991
5.152674124411619
2.807418846474872
5.896077371240546
2.568965683147776
====================
300
3
0.29788501121389865
0.2453942035397385
0.29970750930407064
0.052490807674160145
8.130300655432366
3.7879354754019112
8.733652164806724
4.53637730823968
====================
350
3
0.3210711637387714
0.15132817024987355
0.3522294585527168
0.16974299348889788
11.156807298915005
4.292439275954673
11.989870263047502
7.0986757922427755
====================
400
3
0.39273556692684286
0.3085303549955224
0.39578028886200806
0.08420521193132044
13.511484626731683
5.855922063827408
14.581438842823779
8.280886764259792
====================
450
3
0.4649994110925061
0.20923353467742156
0.42020008877915305
0.2557658764150845
17.902140175091077
8.88087526841961
18.602494013101925
11.34321330186364
====================
500
3
0.3958046261970418
0.05488093118443205
0.3823684187207266
0.45068555738147387
21.860331671686154
8.316204265150551
22.309976995721982
15.670580664569199
====================
0
3
0.0
2.88392897319146e-05
0.0
2.88392897319146e-05
0.0
0.017763921035634095
0.0
0.017763921035634095
====================
50
3
0.045454190199424316
0.03431417770164402
0.015540452560577789
0.011140012497780294
0.5830913372904858
0.3412768654068763
0.586908203616199
0.8465397446975169
====================
100
3
0.05800036486525517
0.06151886885996616
0.04119310713067437
0.0035185039947109864
0.3143617716986553
0.481589969988798
0.11228774070528709
0.3941136861906003
====================
150
3
0.006739830687536363
0.0033307040977863522
0.03831675330685158
0.003409126589750011
0.8730936632284011
1.292739432452013
0.6256282544966848
0.46476461210313963
====================
200
3
0.015749369722398245
0.07181507433268401
0.014453975327340274
0.08756444405508226
1.2160526871535282
3.6285404474480014
1.1023152698815892
2.5492329859005385
====================
250
3
0.008097090526270279
0.09842364684176785
0.021855196159595414
0.10652073736803813
0.7846990606132821
5.120644479654444
0.5872400203721679
4.369253804836993
====================
300
3
0.07873453580152878
0.034817688242632094
0.08003328823515687
0.04391684755889669
0.3436124159105047
4.448541740505979
0.3950224125864243
4.115312482840942
====================
350
3
0.1396744373271448
0.07585217471009709
0.07572339973324138
0.06382226261704771
1.2819233884406087
4.481520201052306
1.182419459634593
5.753397394139698
====================
400
3
0.08065506985858593
0.19292367475678157
0.045905887262615505
0.27357874461536746
1.8181282217580441
7.70971453592366
0.9733530231889236
9.321423332228775
====================
450
3
0.07721528757181684
0.047784943603180974
0.07983691546744343
0.1250002311749978
2.659876481805098
8.526338470878036
1.7843548927656991
10.851066995880533
====================
500
3
0.10792727240559241
0.0030940569124116024
0.11220114295189898
0.11102132931800401
3.6656793884997216
7.712136839573305
2.875843563173788
11.16997905888431
