====================
0
1
0.0
1.1046696021227455e-08
0.0
1.1046696021227455e-08
0.0
2.678467943653996e-08
0.0
2.678467943653996e-08
====================
50
1
0.07175011303446599
0.07165286707661211
0.04218824182729097
9.724595785387535e-05
0.36348512479441636
0.3645585788929298
0.3290636246857658
0.0013710355612383044
====================
100
1
0.0885955288634852
0.08893780295423026
0.07080182200188911
0.0003422740907450539
1.1630171629761235
1.1621563205174612
0.8664143681973522
0.000863925176065704
====================
150
1
0.00829455493048692
0.007828733843334046
0.009000842065673309
0.0004658210871528734
1.5525347308889261
1.5488008568145422
1.34351088554387
0.005707356374436138
====================
200
1
0.04080689466241024
0.04056410773081638
0.03611980065058954
0.0002427869315938594
1.8389013195430828
1.8405967868633586
1.4902269890205475
0.005809684641175562
====================
250
1
0.12650322333847352
0.1263055122022767
0.08878993733439877
0.0001977111361968209
2.701606410830001
2.6949828350739504
2.0724657330658234
0.007027289791404921
====================
300
1
0.13625248518265431
0.13588613645669723
0.10112209294135166
0.00036634872595708856
3.803955255736529
3.774053391492409
2.7836123029650692
0.04254080228375664
====================
350
1
0.08005408478112375
0.07974556095365881
0.09736435860784831
0.0003085238274649349
4.7423038073313135
4.641973377811734
3.6079018586482263
0.1054615186856539
====================
400
1
0.11995775823290956
0.11984998413391178
0.11738591434339271
0.00010777409899778625
5.552358930060355
5.542241715809053
4.334690543754365
0.05258937146377401
====================
450
1
0.24160731440497862
0.2415209701713854
0.17690536777268684
8.63442335932163e-05
7.442509096547107
7.430803110041387
5.764103168996788
0.011723924446772916
====================
500
1
0.21740956127438027
0.21671429240804807
0.19183400344070245
0.0006952688663321993
9.790358954022953
9.733887473655972
7.564731979219729
0.16772060672305833
====================
550
1
0.1693276673269355
0.16946404247343172
0.1924091998761448
0.00013637514649622595
11.943894934799419
11.792395063942497
9.858178986806834
0.1523733173051753
====================
600
1
0.2149958899758956
0.21455847672243772
0.201266940174793
0.00043741325345788965
13.530130244824571
13.492279167964725
11.449069178605459
0.07709041906900309
====================
650
1
0.2434574047529543
0.2436013609500831
0.17234684290596025
0.0001439561971288139
15.064847962670145
14.989356099431728
12.594785544452321
0.07549190131732009
====================
700
1
0.19886796069310408
0.19819869376887622
0.15978019757088813
0.0006692669242278626
17.256554639164484
17.288705475443628
14.366463729925037
0.3480857657113181
====================
750
1
0.08882788321590995
0.08682618134858111
0.08435361906812111
0.0020017018673288423
18.799951942852633
18.928364836724043
15.697945030354484
0.3067759074824674
====================
800
1
0.14667982148657768
0.1469116317825175
0.1265019880272448
0.00023181029593981892
20.41230781311412
20.290784705948642
16.462182169653893
0.6854999098082953
====================
850
1
0.1700853653879486
0.1698499602747645
0.10611219065463562
0.00023540511318409507
21.73280114274042
21.881457577152506
17.580917651082263
0.39142120584604406
====================
900
1
0.1730722530134412
0.17056282398936595
0.11785131126108084
0.0025094290240752493
23.201053257488038
22.930828462556203
18.340190128048327
0.4760668766844826
====================
950
1
0.12434463575502175
0.1262708366550196
0.10282511422494434
0.001926200899997843
24.48923267143284
24.925196467246632
19.3149163751793
0.5932323422663339
====================
1000
1
0.10492849289349301
0.1044979711135943
0.08111319569935434
0.00043052177989872644
26.311041438739437
26.092097806341034
20.46732894527973
0.7338440366571615
