====================
0
2
0.0
1.202017841211518e-08
0.0
1.202017841211518e-08
0.0
1.5208608396798588e-07
0.0
1.5208608396798588e-07
====================
50
2
0.05445817587313195
0.05439816973810707
0.009296994599510056
6.00061350248815e-05
0.5144451877769668
0.5149056916585424
0.24858906941341058
0.0008320705768438265
====================
100
2
0.04296973165385776
0.04299030225414624
0.01834923087403517
2.057060028848312e-05
1.106938393085902
1.1062080305778246
0.6249103282025605
0.0008359891927367988
====================
150
2
0.004124306845498138
0.004170436180608972
0.014135579588668401
4.6129335110833836e-05
1.202900587245771
1.2017603973908388
0.6693902668628171
0.0020762645109803145
====================
200
2
0.02480443051672877
0.0246768978209455
0.03443193039022281
0.0001275326957832716
1.4834291120671257
1.4881441103733137
0.6921847161938144
0.005487768266994172
====================
250
2
0.021740108399075808
0.021804350188997068
0.06527838274669384
6.424178992125995e-05
1.1076488170850023
1.115265986675878
0.6151178411350435
0.009269635550621201
====================
300
2
0.01024510206895668
0.010018532251577117
0.030009213479563535
0.00022656981737956272
1.1812442170352666
1.1817402916077873
0.28913864266301753
0.002881126488841818
====================
350
2
0.06469906335561815
0.06493261926039473
0.06468222944708057
0.0002335559047765834
0.9310190390616893
0.9267025030163591
0.5645953113598876
0.0062456775019247845
====================
400
2
0.09751387826474889
0.09751004279806728
0.09782047290457647
3.835466681594153e-06
1.735218382686251
1.7270998986885555
0.7572255815073582
0.017707983744924483
====================
450
2
0.04560623200813363
0.045783330073172035
0.08794490898165419
0.00017709806503840575
2.6868935280814465
2.6948766830425632
1.8972498516904368
0.03832457848205133
====================
500
2
0.12457617967785417
0.12479181314133969
0.13486221856104041
0.0002156334634855206
2.1022873130876114
2.187499026928433
2.3745630647912663
0.10202502217671784
====================
550
2
0.16060063007292058
0.16065773317578813
0.13127886944548584
5.7103102867550604e-05
2.8351180379071677
2.473841967505417
4.023861653340845
0.37518530875890616
====================
600
2
0.2234303945939816
0.22327601799677083
0.20014743136491808
0.00015437659721075273
5.251419182676182
4.734915860606306
5.958709429700128
0.8073156640427978
====================
650
2
0.04664331004932998
0.04701284977527043
0.0941461383748241
0.0003695397259404487
6.631319415303265
5.98623950741426
7.402666515232448
0.6743965176102741
====================
700
2
0.04506207446546062
0.04504099594175193
0.06097091406975341
2.107852370869523e-05
5.961116857455549
5.851569414394391
7.91039579147994
0.5198700750910487
====================
750
2
0.1153469478396143
0.11505035746264958
0.06821102060522444
0.0002965903769647227
7.765550108176598
6.898902398926361
8.509755698678154
0.8822442803902572
====================
800
2
0.09436866374591722
0.09545505299184641
0.05509255876710733
0.0010863892459291886
9.109034803408687
7.983739210665122
9.41104027643048
1.5341907873876364
====================
850
2
0.02729922201083168
0.02707539753450594
0.04309732143430556
0.0002238244763257402
9.515782963318
8.379043702502116
9.93959660882425
1.1835936971476069
====================
900
2
0.06542203500936905
0.06482777248204341
0.061010706190830266
0.0005942625273256397
8.570992848750775
8.332746686302173
10.52747589312971
1.0534988300018298
====================
950
2
0.1291556343624094
0.1273333769697007
0.058935541101471145
0.0018222573927086927
10.489333986835836
9.371152582629643
10.859666419127775
1.1284519435517815
====================
1000
2
0.10566128295156421
0.10311888863825101
0.07908258932574862
0.0025423943133131943
11.81998996744209
9.73726296566089
11.64396731495611
2.252488109412302
