====================
0
4
0.0
1.0835615952275611e-08
0.0
1.0835615952275611e-08
0.0
5.314645923828571e-08
0.0
5.314645923828571e-08
====================
50
4
0.006773775950308147
0.006616813356277396
0.04004569112579093
0.00015696259403075175
0.2350391178474538
0.2353329201439198
0.10613580480555894
0.0007880170018308865
====================
100
4
0.0649403287185879
0.06499643667105115
0.0756282456151589
5.6107952463246846e-05
0.5842137282053224
0.5766245541225288
1.0567932934605588
0.007671520937519773
====================
150
4
0.1071067054942163
0.10698073477325587
0.07770286336419607
0.00012597072096043327
1.59508953921154
1.5606933700294026
1.9457155002283817
0.03846222867353651
====================
200
4
0.09687450214525281
0.09654499409615994
0.06388307398610385
0.00032950804909287403
2.556491510926269
2.5535549592372786
2.6925598327007023
0.056894957775549856
====================
250
4
0.1056660918637593
0.10557163491395438
0.07942055620953692
9.445694980492192e-05
3.0444517880088835
2.9895242005415272
2.828551650403689
0.05520847539357457
====================
300
4
0.16935176347492753
0.1693333741047267
0.13176043701906082
1.8389370200821986e-05
4.260747377979885
4.183242995975306
3.832422452160179
0.130786985073851
====================
350
4
0.17403925734662162
0.1735301799564528
0.10082874921479656
0.0005090773901688106
6.158775180134962
5.740237399795094
5.020121217110393
0.5519937566512775
====================
400
4
0.12519069953621031
0.1250855964134657
0.0741916668939715
0.00010510312274461281
6.9955883656304705
6.921286155803728
5.567771928972588
0.6894643435501876
====================
450
4
0.0634928817225775
0.06344831470867063
0.06071330538750086
4.456701390687101e-05
8.123789893519989
7.8104185241645485
6.026023764369916
0.3962736327379945
====================
500
4
0.08115218650212963
0.08120887560972445
0.03940920699946293
5.66891075948206e-05
8.550811409913955
8.461329103242731
6.38759484949156
0.16594520687907666
====================
550
4
0.11430922522154074
0.11360144882438195
0.026705924254202706
0.0007077763971587991
9.947491929317398
9.716386817765343
6.797495021157273
0.38401146158436605
====================
600
4
0.09151178235990332
0.09223212764225025
0.013062797752008685
0.0007203452823469472
10.966946606837501
10.979943866992567
6.714658356986632
0.018269514007630987
====================
650
4
0.05325775252716669
0.05316795831479082
0.0001872846945540907
8.979421237587104e-05
11.443002480303761
11.637242879384932
6.553301010198884
0.2262140320102041
====================
700
4
0.14003308406281878
0.1389057202846109
0.061247277041069914
0.0011273637782078794
13.300227901768645
13.033561031567725
7.011092971459067
0.5772724265685263
====================
750
4
0.245522102324081
0.24609470570025316
0.09270303812356717
0.0005726033761721538
14.535703745876134
14.782161290839126
7.55108188089135
0.46227315894257115
====================
800
4
0.17451851302955143
0.1745505247901893
0.03761553095769885
3.201176063785804e-05
16.916811134262815
16.94673453190596
8.195979763301903
0.2814254248723764
====================
850
4
0.09425370046512072
0.09608685036833098
0.015090792176454482
0.0018331499032102627
18.073648856799636
17.958688691199775
8.422580307486596
0.47010317901807513
====================
900
4
0.10275403018879414
0.09891085839285108
0.016801557222283492
0.003843171795943068
18.94433401175773
18.625245911923248
8.614674585801295
0.5540600689030022
====================
950
4
0.08686796998071888
0.09156670434803305
0.02335372365672339
0.004698734367314161
19.741033350838304
20.522671067394917
8.965762756614392
0.8385179369715571
====================
1000
4
0.031013100786731574
0.026253480349767135
0.002366524400356569
0.0047596204369644395
20.197890637947875
20.790958194390893
9.300977399265864
0.6110187311360454
