====================
0
3
0.0
1.2038180422657221e-08
0.0
1.2038180422657221e-08
0.0
8.75114510281839e-08
0.0
8.75114510281839e-08
====================
50
3
0.10922734085149988
0.10897981959062553
0.09277350352145652
0.00024752126087435045
0.74868411414374
0.7490427953692788
0.589432919721944
0.00036605799371558387
====================
100
3
0.09394746161705925
0.0939940459252031
0.10431209946977527
4.658430814385994e-05
1.3911906714007711
1.3917618502425668
1.1667255614376135
0.0018249223976684042
====================
150
3
0.04199159708715228
0.04207409517531335
0.10051867884877552
8.249808816107596e-05
1.9583566659532041
1.957617378493807
2.212688506760251
0.003407384709509221
====================
200
3
0.04130909199146928
0.0411099936957248
0.09198501390575342
0.00019909829574447447
2.768607431166878
2.7691548006435687
3.412323845434841
0.006713733448072919
====================
250
3
0.12504928228901702
0.12490489575479025
0.13597388670632293
0.00014438653422677028
3.555068117904327
3.534980420660141
4.505640866841559
0.02010608763803836
====================
300
3
0.03756200093625939
0.03752853393728639
0.0753956698818703
3.346699897299743e-05
4.297230752295531
4.281309027863207
5.445039420742542
0.03484718560256508
====================
350
3
0.0710640431904408
0.07128870945600485
0.15382467333221794
0.00022466626556405522
4.677856070129986
4.61614239580634
6.4914819097831655
0.06314819907445404
====================
400
3
0.13049267492408534
0.13037321208494196
0.1540758695375836
0.00011946283914339461
5.088604083728853
5.069890520175695
7.6254714842485285
0.05817906501317569
====================
450
3
0.10269995157677125
0.10300100719113914
0.08555669290859447
0.0003010556143678844
6.467150329138706
6.411426179725233
8.861980326283227
0.056735439895818224
====================
500
3
0.1264868618791546
0.12689249275381798
0.11661662746268142
0.00040563087466338743
7.131259448050382
7.110629075675972
9.575093838703081
0.10430474298973215
====================
550
3
0.11071088533491769
0.11069597935005504
0.15883265215862052
1.4905984862645383e-05
7.864714006753961
7.749423950543297
10.593277031921918
0.1153620572294232
====================
600
3
0.17311205627848522
0.1729332543336339
0.20273895027347894
0.00017880194485131603
8.741665812636803
8.71392242564504
11.90851880655043
0.07205747573350087
====================
650
3
0.2670925417125223
0.26668563467651274
0.23349235207366825
0.0004069070360095406
11.274105955859426
10.961167445929151
14.247993232670709
0.424459956308573
====================
700
3
0.23080232445475302
0.23062433542100047
0.265805151046965
0.00017798903375254582
13.01790061213059
12.941437576177549
16.478500243260445
0.8328124697762086
====================
750
3
0.22210594171918574
0.22173059998407063
0.31652713926457654
0.00037534173511510893
15.113191346586486
14.570330464213418
18.68137964793906
0.577567603162823
====================
800
3
0.2616792026885369
0.261584505190054
0.2925077348357793
9.469749848288144e-05
16.83651892723781
16.486723969495184
21.555208114664534
0.4586609382663082
====================
850
3
0.16741539424392538
0.16789963185440882
0.24632988242345943
0.00048423761048344005
19.111847834105685
18.276089043701614
24.02715921356567
0.8724020368947651
====================
900
3
0.16030240080812286
0.16104496136763702
0.265323837655159
0.0007425605595141604
19.891006962702562
19.547132741813275
26.361097210619207
1.5430323449060257
====================
950
3
0.08700418045437286
0.08528018974285456
0.2281519701618855
0.0017239907115182973
21.547345043970108
20.27386480095264
28.5288180426126
1.295755125331878
====================
1000
3
0.02146035959841419
0.02108925731362985
0.1761957180952618
0.0003711022847843382
20.856645736939903
20.149439046677806
30.309534262569585
1.174304366356597
