====================
0
0
0.0
9.92971823733664e-09
0.0
9.92971823733664e-09
0.0
1.3877394676634614e-07
0.0
1.3877394676634614e-07
====================
50
0
0.11392110325272453
0.114138766206074
0.04788814785232742
0.00021766295334946228
0.6073168327271466
0.6066089746763021
0.29482159271889924
0.001522494237655732
====================
100
0
0.07177348006127593
0.07155304486343761
0.034812737645364855
0.0002204351978383201
2.150833684730229
2.149608810509065
1.481717898204858
0.0057953030435619855
====================
150
0
0.07178173994232884
0.07208600269404575
0.05969824511745303
0.00030426275171691053
2.823369964504135
2.8002764989647257
1.8770031199761008
0.023123865118310608
====================
200
0
0.008061472071359472
0.008463784773284893
0.005667862952222826
0.00040231270192542105
3.2643598567986674
3.2614394260227266
2.166199292260822
0.031116803761894657
====================
250
0
0.05952218621115879
0.059430182149309285
0.008265646261841564
9.200406184950438e-05
4.426369972173354
4.383109556905809
2.68559278991643
0.04371607063084699
====================
300
0
0.04535101636535099
0.04516687608319625
0.0022199170754206854
0.00018414028215474332
4.635923017945259
4.608736508787185
2.5083662228903685
0.07823495986630695
====================
350
0
0.03431943825422312
0.03425487859767129
0.056866975314994406
6.455965655183249e-05
4.4127019538140715
4.330299327968575
2.2655534854646153
0.08242002906503224
====================
400
0
0.011139711369772038
0.011351935818391445
0.028570863563456075
0.00021222444861940812
4.127394276803195
4.1303396395614
1.6054161992079015
0.03128743273362943
====================
450
0
0.017105112207355777
0.01730826179552425
0.05137393527758305
0.00020314958816847195
4.329931199510276
4.312225067158274
0.9117436891037519
0.01826283137032594
====================
500
0
0.011103007817622412
0.010786979716034928
0.021621687290946934
0.0003160281015874844
4.497306734434082
4.498672433490171
0.8271404413799377
0.004775008527108659
====================
550
0
0.10466274627101568
0.10492633632041115
0.10865296594501572
0.00026359004939546793
3.9035244946559833
3.936499442374313
0.9703042625537492
0.033233782147546936
====================
600
0
0.03343908742708488
0.03324101601557137
0.07419350015697308
0.0001980714115135102
3.931598530015432
3.593796354481977
0.9972563692213869
0.381954686611682
====================
650
0
0.029121975844733416
0.029008548007634083
0.04675296349765934
0.00011342783709933357
4.573481436969995
4.188895770145707
1.5071258288731293
0.4548134528613053
====================
700
0
0.006975694862409565
0.006081144300497776
0.08450340744807017
0.0008945505619117888
4.84987338844482
4.611476442598641
1.7061749476034476
0.5464232770216907
====================
750
0
0.02101102455202164
0.02133173824899015
0.08664530018699623
0.00032071369696851093
4.857712939031724
4.673578353270084
2.5575713756737453
0.4917211454552592
====================
800
0
0.07062572676449488
0.07044564522359656
0.1561978436650571
0.00018008154089832603
5.6794909460495955
5.253388311619553
3.107691163104211
0.7130651936954624
====================
850
0
0.012300093112939114
0.012424338610907748
0.14685005532065376
0.0001242454979686336
5.263570818630431
5.718581501434873
4.543254527532881
0.767496911081537
====================
900
0
0.010291577947187491
0.010401647619765253
0.13231427002551577
0.00011006967257776168
5.007421921968151
5.516544964056033
6.173323419848541
0.5228676885073998
====================
950
0
0.05989354538844949
0.06158721228330455
0.1362013703413587
0.0016936668948550615
4.99753307052885
5.765490378584193
7.561235029864412
1.3578078242135752
====================
1000
0
0.004278839841057922
0.0037473421949624757
0.11080915552219547
0.0005314976460954458
7.523509403277585
6.927681022796554
8.410938534758944
2.1043995601615086
