====================
0
3
0.0
1.006075199380676e-08
0.0
1.006075199380676e-08
0.0
1.267695271952378e-07
0.0
1.267695271952378e-07
====================
50
3
0.09082836674509998
0.08587698549741418
0.13032207867980983
0.004951381247685793
0.4937181602868715
0.5748999536692281
0.6896354586275543
0.16434802247758348
====================
100
3
0.035139191969392414
0.00965861832291992
0.058651516028210615
0.025480573646472493
1.482078463344692
1.002036897663486
1.904459804474287
0.5246157702416273
====================
150
3
0.05534211135696654
0.005715844456486208
0.03954154482233019
0.04962626690048033
2.1775055395268885
1.2430037538057528
2.66496603397591
1.1697895479826712
====================
200
3
0.020818224923713515
0.07270517273021927
0.05037336749045031
0.09352339765393279
2.1471527775709567
0.8750334701369605
2.6906905795061484
2.7791578860313284
====================
250
3
0.05114655554327463
0.05797509023392844
0.11934888454501502
0.10912164577720307
2.5074732370306094
1.8905353563203422
3.7626650089188036
4.332630183616575
====================
300
3
0.11446322630792194
0.02235547803767357
0.16504179835261645
0.1368187043455955
3.122813102381447
2.2825244599903756
4.874558271173147
5.289150110819804
====================
350
3
0.11236529755121616
0.06019817095944435
0.14840786293739994
0.1725634685106605
4.206097442680906
3.259619903439492
6.378545274632001
7.4525432508378655
====================
400
3
0.08592245521128743
0.11555153743737646
0.14834253217518975
0.2014739926486639
4.938000042030571
5.235446629664218
7.422932133588319
10.096685262699463
====================
450
3
0.06516394647557378
0.09900922483733732
0.13832538681120377
0.1641731713129111
6.177716297279628
5.879612170279995
9.298367402760702
12.002974659036106
====================
500
3
0.12486526477709603
0.0004164116656877326
0.15280244353228145
0.1244488531114083
7.086126769064697
5.429942925644169
10.725214349880101
12.47759550799425
