====================
0
0
0.0
1.2352169828750384e-08
0.0
1.2352169828750384e-08
0.0
1.1177936154520684e-07
0.0
1.1177936154520684e-07
====================
50
0
0.07298125869139893
0.07509676870316251
0.043264523714279246
0.0021155100117635772
0.7648551213150049
0.7416994217157873
0.5994202270637942
0.09986446074684596
====================
100
0
0.023163405379651003
0.013506110937156812
0.019326457019557708
0.036669516316807815
1.3166171952946506
0.44524633402507086
1.0113596879021172
0.8998297801187901
====================
150
0
0.03493116729053569
0.014219612770923318
0.0575670631649956
0.020711554519612374
1.3496819313607884
0.5980861933826499
1.2201756981058185
0.9309989336420744
====================
200
0
0.08572144346308089
0.07854710373207771
0.07442527649559959
0.0071743397310031825
1.7361046950198145
0.9852442737500265
1.726723247288486
0.7705141719779748
====================
250
0
0.18978782369600378
0.21537944482133664
0.13075034872786384
0.025591621125332864
3.141582678763987
2.5199441691847775
2.665177822237141
1.0790103197722347
====================
300
0
0.18088246321393786
0.1603963532732502
0.16832902916159043
0.02048610994068767
4.456257316710115
2.968101514036767
3.615771731781635
1.657263189693836
====================
350
0
0.12560492248786037
0.09520473560375198
0.15488797449996228
0.030400186884108393
6.082757681884055
4.56639409850702
5.523340402171036
1.7706882928135976
====================
400
0
0.16703120190813048
0.22014542747083424
0.1701774354462787
0.05311422556270375
7.777962148260229
5.8980827516782925
7.448267391571059
2.756395311097771
====================
450
0
0.2012419091389439
0.08331921324072256
0.15982468286537954
0.11792269589822135
9.712589644904758
6.347001713573568
9.162900874548189
4.6246488645079324
====================
500
0
0.1446967228614664
0.04501192404497534
0.13854024623982752
0.18970864690644174
11.496122458151863
5.877497158519507
10.696821829418433
6.525949767833075
