====================
0
4
0.0
1.2466089687564707e-08
0.0
1.2466089687564707e-08
0.0
1.336080128174079e-07
0.0
1.336080128174079e-07
====================
50
4
0.011211016125341144
0.004137400740815478
0.025939853217226805
0.007073615384525667
0.22079549141644944
0.2678410635517502
0.07771730245203878
0.14510331699042048
====================
100
4
0.04758185281654859
0.05735684334741675
0.05026198475435928
0.009774990530868166
0.274073413649903
0.17263478468508864
0.6931750421513784
0.3351673253206622
====================
150
4
0.10224806459921121
0.08323203901344933
0.07769887006511511
0.019016025585761875
1.0860584724367712
0.13450780367357199
1.3966699711892558
0.9542194171791752
====================
200
4
0.0524933029254474
0.0083597626092234
0.061208365357837254
0.0608530655346708
1.7364374047378168
1.0808848461939053
1.9720565803800356
2.8161433181059214
====================
250
4
0.03450848361647907
0.13107292963094985
0.020548204685465477
0.09656444601447078
1.5082672443598206
1.9854241182220254
2.118318043954055
3.489116078747382
====================
300
4
0.0627663086162964
0.037772680080461196
0.07782588987500505
0.10053898869675759
1.7351679848962622
2.4720579822042503
2.605233279606322
4.202123691497175
====================
350
4
0.11580269568834489
0.0530556556717392
0.07835146345705302
0.1688583513600841
2.752140043236837
3.5452662724763724
3.331033968607923
6.293543039923399
====================
400
4
0.09757156087961782
0.10463042308852885
0.09131469345980027
0.20220198396814668
3.231267375766835
4.976350024541145
3.796744452126394
8.177393441522064
====================
450
4
0.02288037725888059
0.13972443348065489
0.0503405554057601
0.16260481073953548
4.07180987957807
5.43711100469688
4.776984965468199
9.500143577217985
====================
500
4
0.06105939196872878
0.06636078240179444
0.07421761446334108
0.12742017437052322
4.788675090452669
5.746623931843507
5.7776770737476655
10.508006436796682
