====================
0
1
0.0
1.1581854474481868e-08
0.0
1.1581854474481868e-08
0.0
1.201816342525127e-07
0.0
1.201816342525127e-07
====================
50
1
0.01149004527700459
0.016113057048689372
0.012346716441753225
0.004623011771684782
0.40199222722462524
0.4977365875793237
0.3853929119701805
0.09828790037223739
====================
100
1
0.05195591124294152
0.0346597157380133
0.04731907491207332
0.017296195504928225
0.7314017229880759
0.3898597981948947
0.5456835028612838
0.5809271242408687
====================
150
1
0.024267628352569126
0.0025077079052295836
0.052593740701217806
0.021759920447339542
0.9686962511692188
0.6403280301827703
0.908401384664346
0.6334244635864401
====================
200
1
0.02741973793802738
0.04930023267143195
0.028776237886748074
0.021880494733404567
1.2880921875209188
1.3276722262230818
1.0139550451306727
0.2587662860993552
====================
250
1
0.025716029406717578
0.10733510162397919
0.001675102860666744
0.08161907221726161
1.7212256274917626
2.6475542136747316
1.3308679084637607
1.3531329029032777
====================
300
1
0.07935362642258292
0.013203185060789213
0.075336628170382
0.06615044136179371
1.767830750479057
2.841027074351292
1.1245978305005613
1.186972587869981
====================
350
1
0.10256905347848266
0.002840316479879146
0.07894823258245398
0.10540936995836181
1.0133507395417434
3.7094324090851583
0.5422668351628793
2.7274110156754454
====================
400
1
0.20703870917142367
0.07454236625464242
0.18740676133257617
0.13249634291678125
1.8710860004735437
5.305979437406785
1.6354643259747659
5.207154974613835
====================
450
1
0.1353891553311355
0.015435518111693858
0.1408670528813767
0.15082467344282935
3.2989965897921105
5.78173685878702
3.242264999915851
7.4308225844283395
====================
500
1
0.17833792236329504
0.018877441514511872
0.16015363080041523
0.15946048084878317
3.5714448924413156
5.640973842143006
3.7826530337010507
8.511188859994133
