====================
0
2
0.0
1.264426584950803e-08
0.0
1.264426584950803e-08
0.0
1.505856621342524e-07
0.0
1.505856621342524e-07
====================
50
2
0.006207593800866107
8.09248430424514e-05
0.036217515499425756
0.0061266689578236555
0.029752083531699818
0.13563371961512602
0.21249193500614807
0.1560516767595698
====================
100
2
0.05939063248419618
0.04845728295800944
0.08186036780039396
0.010933349526186742
0.5661222072728487
0.4758525059087265
0.7706486150030897
0.20774811201490884
====================
150
2
0.14830431158779755
0.07036352007454649
0.10935559770176928
0.07794079151325106
1.6500727767902297
0.41978231445605424
1.6388930198341851
1.7447446993805595
====================
200
2
0.11100891423149163
0.047458132759205726
0.09951227358039902
0.15846704699069736
2.9348692012196254
0.6629322919003776
2.562843137075052
3.5669090354702604
====================
250
2
0.05633873383089805
0.11561914922021832
0.08301786123262866
0.17195788305111637
3.763793960336884
1.77287841445136
3.5036277935660483
5.486052834370262
====================
300
2
0.09506723310027798
0.10959777790991998
0.10857529380165287
0.20466501101019796
4.488477922235498
2.2490077876141896
4.357175807288547
6.617782721768074
====================
350
2
0.15041805553724696
0.057218335257093855
0.11257789194659718
0.20763639079434082
6.1219346438192614
3.2682418905948656
5.7436093527816485
9.190536504211686
====================
400
2
0.1029768342169073
0.15833431979284912
0.08963052556843076
0.2613111540097564
7.2300148873565115
4.853386189609747
6.517826383462097
11.757183665563153
====================
450
2
0.017538915494631713
0.18650580989535603
0.0366199697253371
0.20404472538998775
7.82620699412354
5.6550931111705784
7.245582663993065
13.090407330254587
====================
500
2
0.08936983636113238
0.04729886365891378
0.07301283741512643
0.13666870002004616
8.19612314711974
5.701193554376293
7.567682241755887
13.221955195304146
