====================
0
0
0.0
0.0
-1.056398870602493e-07
-2.112774980582651e-08
0.0
-0.0
-3.741615523886213e-10
0.00040155668216865394
0.0
0.0
-2.3590448055328244e-08
-0.03302142003392565
====================
50
0
-0.7925762869049908
-0.05236347694456969
-0.8982358039871023
-0.05934412950523196
-0.3611185785661002
-0.0502247100672311
-0.6545222582379964
-0.09103156858637095
0.02477346950110859
0.021087281721859738
0.011131083398955521
0.009474825134718713
====================
100
0
-0.9254641111991226
-0.03668921404279604
-1.842504681720257
-0.07304448419388085
-0.5372756410616724
-0.039889940717362155
0.4167304556858067
0.030940083454328797
0.06893819210614852
-0.7338963026102975
0.2224960872463027
-2.3686297941189576
====================
150
0
-1.527135359216416
-0.043263910990802394
-3.552230749616367
-0.10063508387956507
0.27266507903198445
0.013991422785246248
0.7891415751195119
0.04049368351132741
0.05265398276296396
0.04590880032713438
0.27700983518980027
0.24152378500275629
====================
200
0
-1.3802607341763036
-0.03059987797411077
-5.001848732130576
-0.11088916540069169
1.6042125219403829
0.06612799324455887
2.9646068982649965
0.12220544488963031
0.2854100214476075
-0.9194722597606243
0.5443188827820616
-1.7535688152907918
====================
250
0
-3.5876596671185226
-0.0631783907403273
-8.114694186135097
-0.14289909512004126
5.306494134757923
0.19376717119307388
6.1834533291598
0.22578942506460492
0.31032300527582846
0.34896899237776446
0.5765542342128583
0.6483552516048882
====================
300
0
-4.859704955529679
-0.07145184535022427
-11.250066343935714
-0.16540880731288016
8.4930183311367
0.2802778295637898
10.864314114102246
0.3585328867637427
0.34409704091018245
-0.9322764267873207
0.7651482762841009
-2.0730480537983333
====================
350
0
-6.92812139507069
-0.08708684264907977
-16.296265853985453
-0.2048449008418569
11.97112817197246
0.3557220659128424
14.69844756220899
0.43676435983552453
0.3242891529702351
0.37049316021665596
0.8932090864484822
1.020471557995357
====================
400
0
-9.988400353216335
-0.10790113602088668
-24.073829615142657
-0.26006101797979236
14.633468501769123
0.3945029421474402
20.027975712134293
0.5399331910093116
0.2984482365388968
-0.9227183740404238
1.1388769129932341
-3.5210884995540432
====================
450
0
-11.742037181116174
-0.11312653117637966
-32.81253535957198
-0.3161264307951908
18.77131046311638
0.47182355682757326
23.970885028410294
0.6025167106277619
0.3501857704790695
0.4122772333384451
1.457699430799352
1.7161642163438597
====================
500
0
-13.838721669505773
-0.11945608711293502
-42.25478379546503
-0.36474403160603286
21.611333429386605
0.5020367874236853
32.75648765793164
0.7609415626668417
0.4023316882021803
-0.9415055395796529
1.6007006897301088
-3.745836111801699
