====================
0
3
0.0
-0.0
-2.0302944125916156e-07
5.0192243613299326e-08
0.0
0.0
-5.306945993766021e-10
-1.8057414352934187e-10
0.0
0.0
-2.3562381603694346e-08
-0.033423621458500856
====================
50
3
-1.0331181453477916
-0.165651636963784
-0.9658166689137637
-0.15486042224010574
-0.7012535180315869
-0.06617478181414789
-0.824178024121256
-0.07777472699934887
-0.07675402950022292
-0.05949516335241267
-0.07515710140098442
-0.058257319570856204
====================
100
3
-1.251882927370982
-0.0766800649322706
-2.2294391957572337
-0.13655713210517614
-2.8127388086756184
-0.14844855896048173
-1.1852651003373396
-0.06255500709434005
-0.10881158257317337
-1.1152142938200966
0.034912405041793104
0.3578186458970182
====================
150
3
-0.07454039299414106
-0.0030392482001083345
-3.0514438583365404
-0.1244170426484056
-3.7472024567603626
-0.1396091128083401
-0.26403758751926176
-0.009837219570326503
-0.16240140288307314
-0.11804692977235075
0.049648752876255475
0.036088868322694756
====================
200
3
0.11365994544772917
0.0033225809948743256
-6.4941744546918585
-0.18984190548006816
-5.503366979797679
-0.157979633745174
1.3333592275125667
0.03827540543569699
-0.007447356349737214
1.9628704325424648
0.3309261699638875
-87.22090952443246
====================
250
3
-0.2659527086686424
-0.006049169375844757
-8.938550138955982
-0.2033098442038945
-4.886088867864672
-0.11865979124974589
3.7871748799536746
0.09197241246207129
-0.07374760664689628
-0.05729829094059028
0.33385601913994223
0.25938983224959694
====================
300
3
0.8177330414801887
0.015501438654248835
-13.086705126862022
-0.24807944209162808
-6.135757796088768
-0.12607881013629146
6.368063657828756
0.13085227864812446
-0.027408715636928302
-1.6953239105905575
0.5777514181480752
35.73592453359501
====================
350
3
1.258273188945303
0.02039712459633845
-18.75177841976251
-0.30397402105613247
-6.749169282712245
-0.12001060876690303
9.974022504851611
0.17735345825864465
-0.0858864662719716
-0.06610612560475129
0.5813899564265383
0.44749119568115336
====================
400
3
1.4100408377860276
0.019746373652956697
-27.812490758287588
-0.389489311242127
-8.323891137357435
-0.12995537789142617
12.726209650998456
0.19868584980630338
-0.09274300390991357
-1.1379295715274353
0.6862982796613527
8.420679451720671
====================
450
3
1.6214453163351834
0.020123829156101676
-37.90177967094993
-0.47040065497511574
-7.9172681769149875
-0.11213635448675113
16.439787542691988
0.2328451938699536
0.019869629431028546
0.016648691926936035
1.0754474715510502
0.9011136166181084
====================
500
3
1.3999729580606157
0.015441082053395951
-50.247309333147236
-0.5542055808351557
-8.003677725327748
-0.10403920806918304
20.776615102129952
0.2700736656029354
0.06514096081704127
-0.8528264796351736
1.4341269404252532
-18.775612373725853
