====================
0
1
0.0
0.0
-2.5666517622369156e-07
-1.6611085679153713e-07
0.0
0.0
-5.370139888327685e-10
-1.1293006806624032e-10
0.0
0.0
-2.410436326190392e-08
-0.03434193115072566
====================
50
1
-0.18259683074755628
-0.016493013702709683
-0.27395616884208174
-0.02474502338379042
-0.5858681286128462
-0.04814000999466837
-0.988985116751218
-0.08126360025370728
-0.05301329221471751
-0.04232284084546425
-0.07040418550698035
-0.05620675520391934
====================
100
1
1.2381517744495945
0.06315201991818666
-0.6530037792114562
-0.03330650451940363
-0.6416201238100712
-0.03500654756697567
-0.26850380289248577
-0.014649464377853612
0.030572095623688747
-0.55017018172834
0.04096174628019082
-0.7371405503985407
====================
150
1
-0.2737526423171275
-0.008949135429630037
-2.4407255554851908
-0.07978875877768794
-0.4267317304683971
-0.01710848674558045
0.057551052923901835
0.002307331177510579
-0.1265012376570187
-0.09539481170330448
-0.052202184110697214
-0.039365761284035135
====================
200
1
0.7165069533049362
0.018114165572101413
-4.49874969700744
-0.11373385352807912
-2.146127555565535
-0.06550096381711865
0.7019388141581402
0.021423549009829356
-0.12491172665259169
-1.250175065551052
0.09395248787867402
0.9403205034470532
====================
250
1
3.387797377500661
0.07308246556837387
-6.94845269174138
-0.14989386849702913
-3.8844219420554893
-0.09398069769586484
4.042758381488952
0.09781152999745606
-0.3858091503521619
-0.24335301695239006
0.04749679771329318
0.02995908471470111
====================
300
1
5.596277578213794
0.10343782375946312
-12.928267206794679
-0.23895737946553067
-7.92761181610441
-0.15399984622298585
5.6417195188321685
0.10959466211103
-0.2180771777785529
-1.129460483220059
0.5089226548382931
2.6358009284171144
====================
350
1
7.185078974829587
0.11591443369304057
-19.264271380103537
-0.31078393367091867
-9.047260027684757
-0.1522423300555497
8.914674216699282
0.15001124874087915
-0.22558145038591126
-0.15828487638350663
0.5592860500583916
0.39243706938255046
====================
400
1
8.118400835890611
0.11433044140400277
-29.558525831461026
-0.41626908721018124
-12.297197932170057
-0.1787919322965679
11.756830044098976
0.17093539299451282
-0.2125959496934668
-1.1332430200433996
0.7743515340982422
4.1276819823802064
====================
450
1
9.507094675999952
0.12020364383757337
-38.40466825550858
-0.48557221969599934
-14.909583474203679
-0.190609008612142
14.407224440950287
0.18418668585165338
-0.2981839293490609
-0.19908611159703424
0.7102674397743545
0.4742186578845627
====================
500
1
13.06241120303659
0.1527915156151959
-49.86198827387725
-0.583237554042226
-18.21603724420241
-0.2078745370637289
15.048008602909789
0.17172219073368752
-0.2673508469384659
-1.103139565707622
0.9199535551449143
3.7959003194305234
