====================
0
4
0.0
-0.0
2.4510389451393166e-07
-6.059374414478287e-08
0.0
-0.0
-4.0340042417597033e-10
1.372609406325187e-10
0.0
0.0
-1.948120814391884e-08
-0.027975285477284412
====================
50
4
0.2736225258291558
0.05445481445583644
0.13745268938586275
0.027355060312674435
0.023540437163472205
0.006088355813564301
-0.27109363923871976
-0.0701140137295527
-0.1841613028614313
-0.1330894361489555
-0.2095222457406527
-0.1514172473424998
====================
100
4
1.6321248521048943
0.1198176450153447
-0.9985413613660246
-0.0733049767700027
-1.7502418237924164
-0.14904571940792705
-0.08183395398250504
-0.006968751619070131
-0.03925658178074065
-2.7528717087659937
0.1763463961181832
12.366308598339423
====================
150
4
0.6026081203028895
0.02498033344044472
-3.107319744109077
-0.128809886058135
-2.0999275235480184
-0.11097998249649742
0.06800843866781747
0.0035942075373230913
0.006687816736695051
0.005606389920826186
0.13700447790708914
0.11485071351191573
====================
200
4
0.2718441611427025
0.007900254324496201
-5.992276166859863
-0.17414575138128172
-2.7709538846136716
-0.10783835184720231
1.7738012071596465
0.06903175103231395
-0.02959479960368069
-6.435824716175211
0.23544573351372022
51.20113977312241
====================
250
4
0.23465688381039485
0.005342973950067937
-7.752516371330572
-0.1765194029123963
-3.274089565155098
-0.09913197920447639
4.103724531587787
0.12425143748533617
-0.10575201429059988
-0.0810154364482008
0.18876205622107745
0.1446085019958787
====================
300
4
1.4613085394420295
0.027756410198314752
-12.817588462536861
-0.2434600452380872
-5.24969679482615
-0.12771143996953171
6.520117587893267
0.15861746658229517
-0.11665383601086932
-1.2727148021869135
0.4943342174557935
5.393277214860313
====================
350
4
2.1606784410798596
0.03517858315391723
-18.87535905201269
-0.3073147652824341
-6.517862057203686
-0.13246853515059465
10.134377110732743
0.20597031338500585
-0.20226739109360414
-0.144286349026199
0.5558560497277432
0.3965169054967726
====================
400
4
3.838402328530421
0.05507188619182232
-27.40274289801308
-0.39316377207412984
-8.895455414863605
-0.1542116383145946
13.317624430916304
0.23087437193136268
-0.1241841156576335
-1.2520104465420998
0.8720665964831829
8.792078464265689
====================
450
4
4.636483382860305
0.05915994724743603
-38.69815704757742
-0.4937752905512036
-10.092446809023869
-0.15359207917613316
16.853925686768434
0.25649176433570636
-0.26502539530169056
-0.18095349091010077
1.0181057488259242
0.6951401361215818
====================
500
4
7.700901981627581
0.0903193231459319
-50.75344266911199
-0.5952571010689874
-11.897936823621848
-0.16161799790641093
18.504156219944704
0.25135489669750616
-0.2620609801374275
-1.1054410889374389
1.1738084117096506
4.951427901108281
