====================
0
2
0.0
0.0
1.8204571006208425e-07
1.1781798004702777e-07
0.0
-0.0
-3.7782488249149537e-10
7.945374582660561e-11
0.0
0.0
-2.080286540505623e-08
-0.029365705844182122
====================
50
2
0.41357850341105795
0.03950145815728828
0.14428988195006553
0.01378132733534667
-1.2947308914460738
-0.3835934159677484
-1.2443192722167842
-0.36865782946681097
-0.1465187397105907
-0.10878746189602687
-0.1222961652802037
-0.09080264713393996
====================
100
2
1.9243553328587346
0.1017630296070491
-2.2625357906203902
-0.11964656044363346
-4.823865666878472
-0.3706540655525949
-0.49826642091229445
-0.03828557580024651
-0.2715622246070893
-1.0980983149674033
0.0964245726914075
0.3899057055784714
====================
150
2
4.383497513460998
0.16912925473708149
-3.164073728353248
-0.12208001258498374
-7.802419019916899
-0.34177661824464184
-0.21457186584632737
-0.009399091037305223
-0.43586807586960963
-0.26639304567577615
-0.029573277314822732
-0.01807454101517339
====================
200
2
7.169849150415729
0.21672526668139225
-6.619189894623059
-0.2000803175954936
-11.669284174352327
-0.3557065297665772
1.4228126258909128
0.04337059018376487
-0.23645327303725316
-1.1143294043313143
0.4138772346291298
1.9504723550936365
====================
250
2
7.898855372801009
0.18887443074253638
-9.560727490571601
-0.22861248586526325
-13.859988042243476
-0.33132013956594214
3.5254962006313377
0.08427625548249043
-0.2971298171432657
-0.19842441133275512
0.31255319400997283
0.20872420051232438
====================
300
2
9.815231398797707
0.19687447036498681
-14.240435631327514
-0.285635468872156
-16.619780108285568
-0.32779032762204596
6.35455317196714
0.12533024219089325
-0.25111968451759487
-1.106938044201111
0.5341169198844068
2.3543926467068395
====================
350
2
11.747708640328952
0.20470024058529412
-19.589659358825465
-0.34134384044642474
-18.64988142334444
-0.3130826623835481
9.572800196831238
0.16070224276805178
-0.3258345770431985
-0.21350092751684907
0.541318129118572
0.35469508392038546
====================
400
2
14.683400510975133
0.2279850420587959
-28.32864233095753
-0.4398508852540334
-21.37179956480439
-0.31245075748711887
11.669433340707158
0.17060441146724573
-0.33104723417897736
-1.0790773865566197
0.7807244591011124
2.5448395937728643
====================
450
2
17.230605753401292
0.24157906597914555
-39.152573121722256
-0.5489326481489939
-23.987561215331773
-0.30811636727328
13.97977282714109
0.17956793440307428
-0.3466963724082841
-0.22410703664448617
0.917506518450955
0.5930828336152788
====================
500
2
20.13991249303676
0.2569961610725376
-49.865055625998046
-0.6363050421386283
-28.036088645157328
-0.3185525650461579
14.871381472465075
0.16897209784831863
-0.3676723529529831
-1.0706437407540144
1.011232236186486
2.9446583498221175
