====================
0
0
0.0
0.0
1.1323668186707333e-08
0.0
0.0
1.0109415968231255e-08
====================
50
0
0.02053781605856342
0.051779504816587885
0.0007075088531587337
0.14150500007290917
0.03930130382500382
0.014975061172038054
====================
100
0
0.08866674307211042
0.06979424159973346
0.025851310537296168
0.982475111341905
1.0501252604282665
0.3283840527853685
====================
150
0
0.16919978405530633
0.12800762083685924
0.0014072070749355792
1.2508570545883988
2.33710020269242
0.5090327482571488
====================
200
0
0.43882032706001883
0.01980889852893873
0.0009352582227060216
2.461079745874719
2.805813487904585
0.6804411557953338
====================
250
0
0.4046047989140037
0.03167450669526328
0.004266616460905315
8.194949603195388
2.892841656534792
3.6981352086422334
====================
300
0
0.2022454339533848
0.015096320728567036
0.013646012698823817
8.038120134288846
3.131030543722177
4.159297461456044
====================
350
0
0.1501116565011651
0.0013417908654325128
0.0013892791289003004
12.007937163178706
3.323612498499142
3.672444540670862
====================
400
0
0.24238662849724096
0.00370777082462026
0.014708426005424699
11.581608201157374
3.385928548629487
3.157249319516965
====================
450
0
0.023479709615795485
0.11550992097252233
0.006044368882933915
14.003879710235617
3.963950932770999
2.845184915091506
====================
500
0
0.05399477723564905
0.174948515259862
0.0017859850393731058
14.497192686782519
5.549736468887887
0.854201579550642
====================
550
0
0.24583411342719919
0.12557895351224713
0.007358144844239023
16.275220178431702
7.0695374785100835
0.8015585134270706
====================
600
0
0.45858226020157333
0.15453773015909927
0.0038225119406054345
19.91324364264682
8.512489724626437
0.7976118764989854
====================
650
0
0.29586173517409353
0.1198735840633125
0.007110812227867802
24.31451339052748
9.890835377143887
1.6593653372455532
====================
700
0
0.12499126191551024
0.1330410923781833
0.011747719107108257
25.479997277836723
11.130680909771707
1.9868385665112134
====================
750
0
0.2566132523604857
0.08441797778156035
0.004922288759137583
28.547403289910083
12.529825765857938
0.7239518602852143
====================
800
0
0.38167027990875035
0.09596990736745577
0.010651558880719864
31.281885417069955
13.303211235372283
0.8019191416560824
====================
850
0
0.5913835020968291
0.11282795363011999
0.010837090186397447
34.889797886260325
14.01034688879255
1.1678272590332845
====================
900
0
0.5336210681141731
0.14693754399483483
0.007632019096598164
39.48800163608286
14.992853997851688
2.137499807183359
====================
950
0
0.5024862614740574
0.16904472383986513
0.003924645561558693
44.62759037910102
16.812700845887825
0.7344434808022864
====================
1000
0
0.7998573185574628
0.14156943429404323
0.0016070468442993847
50.09859000438567
18.086939639468493
1.4927524487081512
