====================
0
4
0.0
0.0
1.0070722698976467e-08
0.0
0.0
4.2545189871653415e-08
====================
50
4
0.04811945694962394
0.01938378077728209
0.0018062308114024095
0.3308522010167716
0.2828501601434565
0.03831384054045037
====================
100
4
0.06888017389227485
0.014201820725473269
0.005547891073558464
0.9414486985442775
0.6065834443676015
0.22317649006316234
====================
150
4
0.03691281713013472
0.012710017168900078
0.005847462600524933
1.8455279483604186
0.41732461954934635
1.0117482140832808
====================
200
4
0.30380010856356027
0.058059037978145975
0.010683280320543428
2.2124454531094098
0.7557873530539572
1.4667861259266415
====================
250
4
0.04074683982946281
0.0040723804266264985
0.0038915156282968155
3.2884921153780087
0.9322147977361629
0.49886931000143214
====================
300
4
0.06557251692578969
0.03473719620287463
0.005594757459172595
6.00300705406996
0.4999747858861886
1.3739887226527248
====================
350
4
0.04679349326878679
0.05044891568905108
0.008180163224067671
2.485149742129195
0.24081597652423742
5.011460775348277
====================
400
4
0.030047877485066897
0.019216611525877413
0.003845864477488855
8.807843316236074
0.23547022264141035
6.255974036526011
====================
450
4
0.22780131335066023
0.022804148656893064
0.0032884588074786336
4.379106080146865
1.0274638231640048
6.08696205288855
====================
500
4
0.14597673392171062
0.05363837053230647
0.00940909968669379
12.171552222955151
1.4342543847141285
6.561965111300887
====================
550
4
0.2418068683862623
0.03946087767027273
0.00938371519578629
10.186069353998011
2.0033894231278833
6.452310587969813
====================
600
4
0.3122685025426801
0.031247141775662797
0.009295718038126129
18.848919860027056
1.4667715022170855
6.4337319587935635
====================
650
4
0.3130237389272663
0.03766160705961741
0.0012300805436866735
14.96056066246918
1.748103653501742
6.9520487954869505
====================
700
4
0.34378030494599354
0.02270948640732051
0.009572227167497616
21.497561857738894
2.2476293365822637
5.861241027162867
====================
750
4
0.31291216674314204
0.03259313708272682
0.007113522698149133
23.30258500152169
2.408628946193091
5.032779013787564
====================
800
4
0.4264715392589833
0.064342038517801
0.01293625207574891
31.938049935511188
2.111083790183214
4.686765708246967
====================
850
4
0.442357082561332
0.029628514888267343
0.006213393200934725
31.121735403835586
1.487979476803514
5.372085035414389
====================
900
4
0.37978845673225203
0.0063896833287544474
9.23362562277319e-05
37.84079715452451
1.1750322539730602
5.114821432166799
====================
950
4
0.46033119619665364
0.03134498819872977
0.003172884470256987
41.01914129718452
0.9520376773437862
3.872806623334379
====================
1000
4
0.6887017358130597
0.10539130885378152
0.0031698664390958295
50.904308636141
1.0487039646407377
4.377274913506208
