====================
0
2
0.0
0.0
1.2266143615056432e-08
0.0
0.0
1.985103859463135e-07
====================
50
2
0.008433307057007733
0.009004784278009437
0.013321444917697267
0.5066751347581455
0.28571135050566643
0.07218201225828816
====================
100
2
0.045093166002039275
0.10692613391487038
0.0004828408918755578
1.0113580428418447
0.89650644295684
0.13198023384335142
====================
150
2
0.06404098412052361
0.027424903396034983
0.009706396102958204
1.1547708280682272
1.653841290448976
0.2173576989945315
====================
200
2
0.243548501715803
0.026560928680822132
0.001073220027338763
1.9788805742871516
1.8178971167914644
0.5802926370311912
====================
250
2
0.11348995993528188
0.11270038780192326
0.0016097981022467067
3.7971582874358676
2.7733195293830035
0.5428863641305969
====================
300
2
0.11237036815268864
0.19880828041796716
0.015549982521326555
5.019313453279415
4.476343867744
0.6556663646033036
====================
350
2
0.19068868426100183
0.17477361994285712
0.00836167884557626
7.020595952349845
6.562950181731574
1.545987164620882
====================
400
2
0.6008518418597627
0.1675886789263974
0.0005234635766942532
8.586308445604011
7.598327994695409
1.1097490309789924
====================
450
2
0.3530850348290965
0.11879808579586326
0.004297874887129627
11.554953360590801
8.491053290303725
0.5574607506673203
====================
500
2
0.2316397589969701
0.17943751954165554
0.005381519255501566
14.01286862260129
9.959520420245367
0.956706714640597
====================
550
2
0.1984224071480054
0.0815247393073324
0.003925510296819423
16.46371702777072
11.353238339140795
0.5616464472583913
====================
600
2
0.43820156356850243
0.011022900809690934
0.007423655712917768
19.753591365708647
11.773633193925091
1.7248167702369586
====================
650
2
0.3697252313646352
0.07459855021552864
0.010972172507703437
22.23597133909352
12.184719647407718
0.3787488168103349
====================
700
2
0.2982143720729473
0.1606478813123724
0.0059947408823659565
24.495548547329506
13.535641688596018
2.138116662125548
====================
750
2
0.35415923765219803
0.1548956785203468
0.0006950388073374558
28.56335179667749
15.526231807093875
0.5117627892110507
====================
800
2
0.39851174935120265
0.18415834715272633
0.010209845838550453
31.883322890317576
16.398408500876698
0.7028575802005025
====================
850
2
0.34122367336991066
0.2057090668896846
0.002541873852808685
35.856686513365176
18.19854553363647
0.09491163799017145
====================
900
2
0.18403074952476706
0.26648504183621124
0.0016479601102723507
38.47972427934134
20.51886186415066
0.6294778356141429
====================
950
2
0.7174138662948026
0.24105554416374986
0.009126496893258729
43.4581658719609
23.54324926964863
0.6519103947591791
====================
1000
2
0.934730759383144
0.19336748538828208
0.009145912743709086
50.933019842309285
25.339123209385473
1.2360430485947405
