====================
0
1
0.0
0.0
1.2858465326031572e-08
0.0
0.0
1.7640522096091483e-07
====================
50
1
0.09340261709129805
0.10254152757981583
0.0013145870326640718
0.9440419675974052
0.7775484003169955
0.05557683448491937
====================
100
1
0.017720995510675852
0.1331880593083805
0.0035047579049174438
1.8282526066833695
2.0117627586983162
0.4724231302245791
====================
150
1
0.12694887666569676
0.06262207861467228
0.0022446386339907143
1.1985029884312568
3.052114408015763
0.4512011903742417
====================
200
1
0.2937796621165784
0.025457732827579273
0.0029154163669172922
1.839522742833029
3.0739190384601915
1.2524765708840748
====================
250
1
0.11126589842478074
0.006472345113892386
0.011265836552210029
3.473802538570491
3.042603876525206
0.37529898678204127
====================
300
1
0.11120916643264911
0.05064386736792681
0.00601122248522179
5.550061118713711
3.38455933354437
0.9341268157780882
====================
350
1
0.02269829343733165
0.08452900013405795
0.0033731280329383218
3.4975372659780346
4.445845256352045
3.9435677739344146
====================
400
1
0.1267235048365229
0.04662937840901797
0.0051234932375893265
8.334624730821126
5.44234345273225
4.545181632867581
====================
450
1
0.22292330710615826
0.0677744979574244
0.005679640617944015
5.079796553718863
6.189314571562276
5.901878464633341
====================
500
1
0.22358074235692182
0.055886954392825317
0.005497680641416647
13.352234874392796
6.755297136761591
6.799194436324933
====================
550
1
0.22137366422156202
0.028126236957622952
0.01329781009583808
11.72171771013534
7.34279864559745
5.477395930377966
====================
600
1
0.3200844109256101
0.003942997140365962
0.005113261922413105
20.171527763235698
7.59019953938462
5.320110320443951
====================
650
1
0.24018358285398178
0.01783236599948168
0.006476776103475412
17.246627152952613
7.386619099514082
6.527192502430431
====================
700
1
0.16015145717796875
0.07413490200686512
0.01238960088408625
23.59503411555411
7.956236060407549
6.700373180733573
====================
750
1
0.2195687028404938
0.0442137324242331
0.0035393542862292016
21.868918104228882
8.520114893489469
6.626984346800665
====================
800
1
0.3431896727508765
0.05094143515986532
0.00014314167488197957
30.56016779390456
8.619274837187554
6.504556302511779
====================
850
1
0.5057202235544018
0.09180967985987354
0.014283649356115147
27.818842661134966
9.152007353601407
9.996599332465816
====================
900
1
0.3880486843765163
0.07828139804486778
0.004807353399884029
36.47975222499537
10.41906861369234
8.402662309914364
====================
950
1
0.32955933837663576
0.036285705586435624
0.0029803407843462804
36.734934224902524
10.848614539868151
7.510708766445119
====================
1000
1
0.4126014097815059
0.0004474278053327452
0.007056540119587017
46.82504527645655
10.658943632919817
8.635516895489255
