====================
0
3
0.0
0.0
1.0328886703240524e-08
0.0
0.0
9.288270966580865e-08
====================
50
3
0.06365492346784651
0.04488174147959478
0.006432145719908355
0.6793924089382687
0.9779502272111971
0.06091474287123964
====================
100
3
0.11696066929444804
0.05622885384691578
0.008620951437745106
1.3052080767038736
1.5000300548141454
0.3610490968231957
====================
150
3
0.09449713351162692
0.06464815653762113
0.003682228217513739
1.4245648206546782
2.378950218188499
0.9144535067852658
====================
200
3
0.3136171262096152
0.08945410893190703
0.0038565750467738115
1.2812388577748572
2.6021101796078185
1.1999682373685485
====================
250
3
0.28538843846440476
0.06053232413512921
0.010800258402177576
4.434043326345934
2.8970931587151845
0.4493099020466369
====================
300
3
0.35574620469845497
0.026834320809179246
0.0033092885367640434
5.15320210676315
3.195252200592982
0.6117612766488612
====================
350
3
0.510096392565585
0.008786605552986604
0.001042824019694688
9.342099254995068
3.3886138364912486
1.2637978599846664
====================
400
3
0.5305103030680667
0.07724536050413068
0.014831021386194944
11.72122338481813
3.451454303780036
2.2640706757833304
====================
450
3
0.3561693072305371
0.06869962406851782
0.0015804143960578276
18.354663697978857
4.174263095655902
5.786485468551232
====================
500
3
0.49662812724180627
0.050463697730787516
0.009748379471132385
22.201422070225767
4.071818316103523
7.256239959321123
====================
550
3
0.4060948345538328
0.05011813938989107
0.0006684914576504664
27.24908725197105
4.298211904600831
10.008623105274223
====================
600
3
0.43657217656123193
0.10851707986541428
0.008760957748403464
23.606317274440887
5.269792470656237
7.111713122120416
====================
650
3
0.33206065290190445
0.09829835184242341
0.008209983326691095
33.04567337887516
6.761673669335778
10.108183580449468
====================
700
3
0.2644306036036119
0.034044933180878534
0.005124783509411479
33.28319861802732
6.969337338961502
8.966497907878546
====================
750
3
0.2842375586253256
0.033822242348062526
0.00212115102253585
34.82978864887782
7.2228991648393635
6.521420458896415
====================
800
3
0.43921101645397903
0.05425747048458818
0.0019621792831627342
33.75004537546785
7.681857598250183
4.573599351260447
====================
850
3
0.3525926024891448
0.016866233522235374
0.00387332376412286
41.64152692616699
8.283801271137031
4.77813374989331
====================
900
3
0.2448728952297432
0.014172703686515575
0.007306545926048624
41.86143129619068
8.454627588930633
7.004001264676933
====================
950
3
0.3178216122747647
0.029606202204865095
0.013795581921833833
45.677982866578816
8.385770056835366
2.5899411218037747
====================
1000
3
0.7115474920136153
0.10022477565063391
0.0011436769373646023
50.57931046228898
7.800173433693921
1.2567669875667833
