====================
0
4
0.0
-0.0
1.0445771891909317e-07
-2.5823678768836126e-08
0.0
-0.0
-2.1437385200329118e-10
7.294280027739734e-11
0.0
0.0
-9.48670861340658e-09
-0.01365927512334016
====================
50
4
-0.06269292711548236
-0.011694089248419404
-0.04983344308404014
-0.009295414296214593
0.9860376963222954
0.3395480011754599
0.6866478167133385
0.23645129851131017
0.05905772192374892
0.05178131222844868
0.02931075461139865
0.025699422306601737
====================
100
4
0.3442335557401037
0.02308799870081024
-0.47352926330302125
-0.03175995725469042
0.8200901571857884
0.08940598209882919
0.8302374113226847
0.09051223269062857
0.0870193266747363
-0.7768495196139115
0.16688420534880188
-1.4898289806464877
====================
150
4
-0.9057101581245739
-0.03533565806016764
-3.224539994910412
-0.12580320717327895
1.451568247184193
0.09444053428885937
2.2215180387762974
0.144534265558201
0.06998734570393728
0.06195805832079153
0.21248198544638286
0.18810502261502318
====================
200
4
-1.562229005541809
-0.043103560341483826
-5.165741303143026
-0.14252829846242523
0.3456412045629875
0.01530818818023464
3.0138910515202433
0.1334829608342873
-0.023106076024222592
12.223647944570253
0.11574646997343013
-61.23255624619128
====================
250
4
-3.341495910306314
-0.0703547914617026
-6.891291112067812
-0.14509529926282952
-0.20981934579522488
-0.007002541904267787
3.5234726859245136
0.11759289896847488
-0.013935294650645691
-0.011483414145442931
0.09425828572519479
0.07767377430887333
====================
300
4
-4.26598849013579
-0.07307915377541618
-7.791089336001853
-0.13346642096672914
-1.6620095300645517
-0.044298710652295015
2.241124012357325
0.05973425685198787
-0.08931455161547744
-1.388635768037453
-0.008021443623420443
-0.12471499128981026
====================
350
4
-3.4667716602964376
-0.05170602548852099
-8.972052189922934
-0.13381589694223694
-1.5760386195308485
-0.035607621003434765
3.229846223774075
0.0729722855838122
-0.1499077923398564
-0.11108498525529621
0.04286179981487903
0.031761540385151776
====================
400
4
-2.252472576123864
-0.02972034481192275
-10.328099347516982
-0.13627454430020974
-4.0707209072080985
-0.07701138449016656
4.5379396806846515
0.08585039984528815
-0.17643557840525143
-1.1650586400483236
0.1501555939592259
0.9915237826464205
====================
450
4
-1.093939728239846
-0.01300723200048487
-13.534806972251502
-0.16093242600588364
-5.686116383389113
-0.09275415319035572
6.238456621313873
0.10176414306522615
-0.281873963981929
-0.19026850508603946
0.17369271234737282
0.11724478648475964
====================
500
4
0.8205089883545043
0.008904691009319572
-18.144125175165797
-0.19691171042901695
-8.11788594770163
-0.1162394802320416
8.536351348517698
0.12223145905501637
-0.316742174399313
-1.0856785283266126
0.3348323558048286
1.1476851795177534
