====================
0
1
0.0
0.0
-5.4290899109687984e-08
-3.513646806231882e-08
0.0
0.0
-1.645572567099407e-10
-3.460517339862902e-11
0.0
0.0
-1.1775624214492802e-08
-0.016776949120662552
====================
50
1
0.37869297403947044
0.03639745182195138
0.03506289984029998
0.0033700129000603252
-0.06245822061630513
-0.005298134560580815
-0.028482034455336702
-0.0024160414692326196
-0.07084916316981804
-0.055104781601674924
-0.015454674248363665
-0.012020275343829392
====================
100
1
0.7464350222889031
0.03751371102488651
-1.1680957677658554
-0.05870518634963128
-1.6336304173809388
-0.08328853003173224
-0.29205545541644184
-0.01489006895964973
-0.10585032641341076
-1.1009753614197635
0.031367741757957646
0.3262636213705033
====================
150
1
0.5277015669980827
0.01789854574324059
-4.510089963758389
-0.1529729236577255
-3.376632083475741
-0.1191887397266513
1.3394719457706472
0.04728083165971488
-0.245764330489197
-0.16825886042649232
0.03905378985498609
0.026737591103052738
====================
200
1
2.3424936202462376
0.062417965212489435
-6.344475651847581
-0.16905457376950336
-5.805302655156449
-0.1568448958985847
2.672756933461528
0.07221127095219404
-0.24450886895366816
-1.041345698025338
0.10871542596778674
0.4630111849316967
====================
250
1
3.224832602280557
0.07008470825019335
-8.147158879019031
-0.1770607419126884
-8.757556552410506
-0.18657598233407288
2.6908094026093963
0.05732653903644184
-0.3470948822561055
-0.2222171137623546
0.15091741916420665
0.096620362377998
====================
300
1
6.023391866563308
0.11348656235973897
-8.873458738041137
-0.16718459478145128
-13.23823434764185
-0.22953882635857437
1.6163679850261232
0.028026336481387366
-0.36659043770742533
-1.027202251271062
0.16210338605475766
0.45422069417697847
====================
350
1
9.756921514029493
0.1661917395862083
-9.830131696658555
-0.16743874434985767
-15.902541718690244
-0.23625646741788436
2.096406565541585
0.031145311121202775
-0.4087964682438665
-0.251773982646852
0.09120943079582244
0.056175049028841996
====================
400
1
13.390970947648526
0.20621863893948608
-10.99143063755713
-0.1692661327499052
-19.09927973831929
-0.24881339785138687
3.5307550774675605
0.04599645535549641
-0.4066513017399848
-1.0244569077922165
0.17992954850658321
0.4532877875830964
====================
450
1
15.041724356823252
0.20703919805325635
-15.581436302267875
-0.2144679692309391
-23.50048447286953
-0.26663985118548733
3.1498453066939334
0.03573859444488393
-0.4264547328960706
-0.25982381514737024
0.26774250895862517
0.16312605955228673
====================
500
1
18.895290777005428
0.2402176921809868
-22.485239293551636
-0.28585706115766035
-27.333981117298336
-0.2782838150527042
4.826815029333645
0.04914119517213818
-0.4930259956242315
-1.020086166442883
0.3619337063558728
0.7488521301104404
