====================
0
0
0.0
0.0
-1.4329501585308435e-07
-2.865869467564869e-08
0.0
-0.0
-2.890491430892783e-10
0.00031019204674444196
0.0
0.0
-1.2567562198476929e-08
-0.017827261648370462
====================
50
0
-0.0731880287031359
-0.005076627453026868
-0.1522125062794899
-0.010558095384790352
0.6534516918888826
0.10581377963575847
0.4509369762881601
0.07302046414577874
-0.049997673135969034
-0.04001166739627998
-0.033043682663786766
-0.026443887432443292
====================
100
0
-0.5516467068840072
-0.02219852512789395
-1.644609120178643
-0.06617985102469859
-0.3097492699114852
-0.02339244384289729
0.6102402215717646
0.04608569414182628
0.09092983050937603
-0.7843771587129726
0.21454302702838512
-1.8506869420025271
====================
150
0
-1.1471100586537517
-0.0328514365363665
-4.238974795562079
-0.12139760298074284
1.1653917674669572
0.06267134238613273
2.9622330858921906
0.15930018482711114
0.11609949765391647
0.10715424274366599
0.3794378263073903
0.3502028326381782
====================
200
0
-1.5415867233294875
-0.03405461867749745
-5.383614046745599
-0.11892741465285388
1.8742166924369208
0.07812751875944716
3.871339472753366
0.1613784299874421
0.24166026432444532
-0.9062602300237831
0.34040556564329094
-1.2765691003593704
====================
250
0
-3.887968051020856
-0.06810662095592807
-6.632292216906251
-0.11617971293956059
3.9562386188438623
0.13767445560750646
3.8903654806221226
0.1353821144932371
0.16094815283734154
0.15496174514648006
0.12006220117281163
0.11559653150334326
====================
300
0
-4.299889267778184
-0.06374560605552604
-7.6842365106167065
-0.11391835531996576
4.545664440143874
0.13272208811035788
4.338474629689834
0.12667266131241783
0.07666010284535933
-0.754109725455937
0.19535801750971182
-1.921747760331672
====================
350
0
-5.900068569911554
-0.07513511225814036
-8.778078501454218
-0.11178546584712289
6.071627674256831
0.1535079158639496
3.9338865385544324
0.09945977523278438
0.19544953137701815
0.1946456175249097
0.23081887384905486
0.2298694804751849
====================
400
0
-7.107913360432661
-0.07925028060423196
-10.210069969178363
-0.11383803783407033
7.683391443643309
0.1744500267222218
6.033818057080964
0.13699675839965758
0.23178177025118324
-0.902653973221005
0.39313109277733876
-1.5310148960706234
====================
450
0
-8.376615132997472
-0.08340734367139066
-12.151435911982475
-0.12099385910892685
11.23757845254353
0.237488910017696
8.195906220941097
0.1732078528517855
0.300224439424846
0.33382186305611217
0.4655109738159168
0.5176052317725935
====================
500
0
-8.94658217871904
-0.0806320676329001
-14.50347619854557
-0.13071419346429375
13.254969602451283
0.2578603563559717
11.907494416386143
0.23164675933683337
0.3525598633707446
-0.933794417395048
0.6931482038475993
-1.8358809110940972
