====================
0
3
0.0
-0.0
-8.269223439327789e-08
2.044289162384171e-08
0.0
0.0
-1.687432416019874e-10
-5.741657512239721e-11
0.0
0.0
-1.1336171280730675e-08
-0.01646298695537179
====================
50
3
-0.9316688643461477
-0.14954425651744407
-0.6874013913484074
-0.11033633722470468
0.07576033542184035
0.00781670303446005
-0.2833796033262157
-0.0292381784332167
-0.060075759242641524
-0.04769221761773257
-0.09290537479743044
-0.07375459600602186
====================
100
3
-2.2225287417355037
-0.12717318579696257
-2.433002073378452
-0.13921647846971927
-0.06388758073513934
-0.0040093893076915185
0.5521567991455001
0.03465167316071971
0.18694687803001897
-0.8820610481036019
0.2834845165289975
-1.337549214010188
====================
150
3
-3.2697482092556918
-0.11679483134841458
-3.6034468058702203
-0.1287144865691046
2.7848998463548433
0.13984134168222112
3.1959591190426266
0.16048232820775712
0.15667344001994654
0.15022773917185667
0.21977242670098285
0.21073077090410403
====================
200
3
-4.569947453572155
-0.11642781427900022
-4.919949571753591
-0.12534476179904933
4.653756358767424
0.19271338479472896
3.559371527340403
0.1473945952248837
0.2796920811032143
-0.9179609065548321
0.2380264062479381
-0.7812124490672073
====================
250
3
-5.737805106301671
-0.1150062637179608
-5.373553362466119
-0.10770534789123279
7.497458858629226
0.26649205173508644
4.1384669077868885
0.14709897821240275
0.17416809554170687
0.16985189715191232
0.0739898968449062
0.07215629424030877
====================
300
3
-7.068614256438913
-0.11554265686682252
-7.496876615849608
-0.12254297815289232
9.24922584666907
0.28472419265202364
4.790191966855211
0.1474592104270257
0.21953374846385043
-0.8977779727347498
0.21101264042193038
-0.8629311067888132
====================
350
3
-8.730169725534886
-0.12073065117527663
-8.532247141246266
-0.11799355404719135
11.085455796907013
0.295788543785147
4.712124936460185
0.12573164321110936
0.15607566405859297
0.14956882601875174
0.10278106743093796
0.09849609601422789
====================
400
3
-9.684033747033368
-0.11636600185408941
-9.728155542008764
-0.11689618142698542
11.266862716474428
0.2596113192312615
5.004970936244554
0.11532465959425092
0.14648780557027374
-0.8542351524653501
0.23946893873009106
-1.3964492442934522
====================
450
3
-10.451825407341971
-0.11183170107737556
-11.628377307372489
-0.12442048774939599
13.598200309132132
0.2839072203448115
8.081408546898672
0.16872602144858653
0.12702976559627643
0.11843716462822398
0.28417017617739093
0.26494821729671536
====================
500
3
-11.411671785114436
-0.10933271620581785
-15.646794711544118
-0.14990849701438286
13.247391943037648
0.2437414647577479
10.285813234744758
0.1892507744046138
0.11642999764068342
-0.8232552718734545
0.4715194685024644
-3.3340281379511376
