====================
0
2
0.0
0.0
-1.600273542567976e-07
-1.0356794140195668e-07
0.0
-0.0
-3.6146285964377967e-10
7.60129348415668e-11
0.0
0.0
-1.2740025222609607e-08
-0.01842975356278924
====================
50
2
1.3635474976053157
0.14315432364235747
0.6216675676965764
0.06526681347022109
-0.15723795665871299
-0.07048194397429411
-0.055244620602105776
-0.024763411690792856
-0.2481692554888566
-0.17141733404536402
-0.15243478641653896
-0.10529090177518333
====================
100
2
3.739545042825789
0.21862930629361788
-0.2032337927553236
-0.011881890073970492
-1.9345418458328112
-0.1913316280377979
1.3491043284717854
0.13343021145568687
-0.14999465970569925
-1.1999736305194748
0.17853560894162793
1.4283043360279728
====================
150
2
4.84251404514783
0.1900994993057773
-3.419442885153572
-0.13423489830116797
-2.840818848938758
-0.15918323105893706
3.2149516682113877
0.18014749319034848
-0.14566007278722215
-0.10827815425430563
0.23533289830587378
0.1749375197766038
====================
200
2
6.043844693218951
0.17657745689041476
-5.526593984694237
-0.16146541822593113
-4.227334091754457
-0.16685438041565953
4.024467382667773
0.1588471592410553
-0.0027121833620723616
0.12170891573098937
0.279758275765637
-12.554120376356163
====================
250
2
5.492773911300048
0.12412812533712948
-6.942028805388738
-0.15687902607396892
-5.092757785955403
-0.15418629308408213
4.075947435452264
0.12340175054291479
-0.2681954248838867
-0.18272242925987817
-0.1092241638948086
-0.07441478380691635
====================
300
2
8.022462045162975
0.15524351412184556
-7.464107057123009
-0.14443872751359374
-9.031314473163128
-0.20968341413851896
2.6289827371958268
0.06103807786613131
-0.35254953308232473
-1.0763123836474984
-0.10062167632467314
-0.3071918868952991
====================
350
2
9.32467646006291
0.1558099846117611
-9.308145278004297
-0.15553375806028785
-12.413061209188228
-0.23296937326330208
2.7598991236397126
0.051798018093099266
-0.37369539984353484
-0.2375270636932404
-0.017884633654182247
-0.011367773108488565
====================
400
2
13.22814411814916
0.2007352079295522
-10.862371587158336
-0.1648349458307362
-15.928976719254827
-0.2532404772005209
3.39992126896675
0.05405229097714563
-0.30854975341494756
-1.0881539915487548
0.26936731802353087
0.9499703663865842
====================
450
2
15.642996309481006
0.21441783495632646
-14.470524573628104
-0.19834681849788136
-18.497043331283756
-0.2558456426465643
5.496683502599296
0.07602850347270516
-0.3705593782418366
-0.23600418477869084
0.3180932146295856
0.20258920488930388
====================
500
2
19.284463337555195
0.24327666253222732
-18.827923148909242
-0.23751733330115
-22.47791658559394
-0.2728522496216146
6.828088586889606
0.08288398635407929
-0.3665947399976001
-1.073174712946387
0.48263382611149397
1.412869202102599
