====================
0
4
0.0
4.550366376591766e-08
0.0
4.550366376591766e-08
0.0
1.10064454101679e-07
0.0
1.10064454101679e-07
====================
50
4
0.06462052272268104
0.06007810181541973
0.03183920251676642
0.004542420907261313
0.37283507597870497
0.34817408441422587
0.2177351952090838
0.0282017557618789
====================
100
4
0.027605582364081727
0.006983017865564989
0.013902203887138587
0.020622564498516738
0.7624472999251629
0.486841384428257
0.31405538746852996
0.27985634323790765
====================
150
4
0.04454932677824841
0.0499143370905919
0.02720366811294017
0.005365010312343488
0.848245124273267
0.7191431123521529
0.5936882739101503
0.13967285829560605
====================
200
4
0.03547021137503742
0.04052954125041046
0.020120031589246738
0.005059329875373036
0.4247882018175603
0.48081842683837916
0.2373286896075686
0.15937442629060314
====================
250
4
0.018807049036638768
0.012870267775144661
0.010655140367697769
0.005936781261494106
0.795869928478269
0.6922529355255601
0.4217138463460628
0.2815473093943633
====================
300
4
0.0644109708796834
0.07032331206917641
0.06329986967458634
0.00591234118949302
1.084735935844006
0.7546963987154723
0.8049720904908251
0.35445690771619953
====================
350
4
0.1018893193239927
0.09259912625549327
0.037664742087082814
0.00929019306849943
0.4689281636350332
0.25349871527960754
0.43945789988333933
0.5543200442283407
====================
400
4
0.04608762807045507
0.006971478160158945
0.02713812082232212
0.039116149910296126
1.1698679004643484
0.9073809811827409
0.9454115261228179
2.067555543416478
====================
450
4
0.021012521100838066
0.02010840206349429
0.03454450300595435
0.04112092316433236
1.4262372620877464
1.1138987885561653
1.009817237643754
2.449647868793481
====================
500
4
0.0398636579688203
0.007180171904176635
0.0020073216908476077
0.047043829872996934
2.023864986845431
1.4544236688630459
1.5859126419680154
3.404075958559259
