====================
0
2
0.0
4.181776310720634e-08
0.0
4.181776310720634e-08
0.0
2.908961683367118e-07
0.0
2.908961683367118e-07
====================
50
2
0.03920691792022524
0.03712424133711045
0.007754727237217374
0.002082676583114784
0.33095108881253665
0.30516886554171024
0.3236551015085354
0.029913100289722046
====================
100
2
0.07542438062286783
0.06199719164642392
0.09648285759730735
0.013427188976443905
0.41111248999534084
0.23131460784736996
1.0631914665986342
0.1801498867454807
====================
150
2
0.13841999801789662
0.09230731184291407
0.11503526163392008
0.04611268617498254
1.658328218287952
0.7024178179523489
2.1997681018314443
0.9571734702679977
====================
200
2
0.08537293569100994
0.03304804965860097
0.08172325178208573
0.052324886032408965
2.5403220685196315
1.151433521586001
3.1687321732354645
1.392745218266945
====================
250
2
0.06523112743169368
0.023701188792765393
0.10220933692011225
0.04152993863892829
3.241747459984967
1.6992262263229643
3.989891373176757
1.5594866733522499
====================
300
2
0.0596164150534646
0.005899766564358089
0.09663815101166096
0.06551618161782269
3.854302775002324
1.591616542581857
4.937137313387962
2.2816736461677816
====================
350
2
0.14785195371539706
0.056865647629610105
0.14159035153371224
0.09098630608578695
4.889745125157705
1.213360733817156
6.065024131541532
3.681619771323903
====================
400
2
0.1233492300438508
0.01699549397355825
0.1502041244665355
0.10635373607029255
6.020320128121979
0.815340882063191
7.27332784063126
5.207461692803496
====================
450
2
0.08580904933918898
0.03871005385062465
0.13526544773884353
0.12451910318981363
7.146454628600406
0.6065543563190097
8.704110955152867
7.333664268698895
====================
500
2
0.09384948012030758
0.02973585929186262
0.11008101227339129
0.1235853394121702
7.5456139432985
0.5261179748015491
9.396652821441597
7.490964227734788
