====================
0
0
0.0
5.163282287504402e-08
0.0
5.163282287504402e-08
0.0
6.40068849255123e-07
0.0
6.40068849255123e-07
====================
50
0
0.02532209077864822
0.02130334597998207
0.0063928818844045665
0.004018744798666152
0.23967965949880443
0.22257844056810971
0.10445320104681076
0.017105161518616907
====================
100
0
0.059681796496038775
0.0505667268112715
0.04694224062908203
0.009115069684767274
0.5936455017848583
0.5069439383488432
0.44644739661449256
0.11943879625512532
====================
150
0
0.019822384026181306
0.0010084933768861326
0.044769271054709625
0.018813890649295173
0.9423393038556785
0.6567387152542419
0.8970558500452316
0.361109854504801
====================
200
0
0.044029131310537026
0.020491030474714227
0.038964631586116204
0.0235381008358228
1.2361029739848055
0.940925292049824
1.1184409398498394
0.5633819191952574
====================
250
0
0.047259994799641714
0.019387410727679688
0.0013727062188706451
0.027872584071962025
1.3318622724986773
0.8182005780817022
0.9560072968677266
0.9736936340541819
====================
300
0
0.08608708762184492
0.04671495030903561
0.04855273408710037
0.03937213731280931
2.039290617997557
0.8944319164722433
1.1726564215771689
1.4624423543216134
====================
350
0
0.06047868212379459
0.008720200970527392
0.05071267927368939
0.0517584811532672
2.856261422748307
1.2393144779600391
1.7393944311221186
2.351415617280743
====================
400
0
0.07997642801284491
0.0485797795662015
0.05427197710526412
0.031396648446643416
2.6910283352649986
1.191397229189595
1.494447004199708
1.6431263501460205
====================
450
0
0.13100711627363926
0.11337726677769644
0.05127298326199492
0.017629849495942818
3.5709775558357943
2.129542486712019
1.9216559618533007
1.4423772454104051
====================
500
0
0.14938208772945893
0.10448856999894396
0.08663393610641057
0.044893517730514976
4.492843962213918
1.844347845079733
2.2088816302810956
2.6949920301987143
