====================
0
1
0.0
4.1049869677994144e-08
0.0
4.1049869677994144e-08
0.0
4.729879094745604e-07
0.0
4.729879094745604e-07
====================
50
1
0.04245065235522261
0.041570047876581695
0.01823134290152928
0.0008806044786409117
0.4930170548992913
0.4933284523957222
0.3463548988811841
0.003083092144272674
====================
100
1
0.0023681214154529506
0.0022528649165924897
0.0005542004346330565
0.00462098633204544
0.7026830289865414
0.6401041012591036
0.36887581829105065
0.10148458003912879
====================
150
1
0.059593559921426786
0.06691316539276326
0.03211048480109269
0.007319605471336477
0.34119794270475245
0.27458183076424675
0.03438066753218612
0.20626067712430476
====================
200
1
0.04131784810401966
0.04069269932696679
0.050910847769639805
0.0006251487770528643
1.049711374988349
1.098082987181637
0.6925713201889976
0.10699753088733928
====================
250
1
0.024528468125077252
0.010923045539265042
0.09592523641137585
0.01360542258581221
1.622713470438582
1.5980558346944622
1.7370340308096681
0.17378474732332805
====================
300
1
0.043238338589276726
0.046317093985239755
0.07407855723307044
0.0030787553959630287
1.2965057861613045
1.4736721320941153
1.7856749634581757
0.2529652828803088
====================
350
1
0.07104855502957452
0.054892031896406124
0.06422311346519671
0.0161565231331684
1.4448222704040763
1.2035847537374156
2.4702048095090747
0.7117080956882387
====================
400
1
0.041344000210721155
0.00782893798101831
0.05777446547408031
0.033515062229702845
2.2580753931947766
2.1807073194330195
2.8182651731768535
1.5061305761585337
====================
450
1
0.07016568936638845
0.1258081524246446
0.00011460488701842131
0.05564246305825615
2.0940279624923925
2.8312154645649894
3.122564040640673
2.9034022314365804
====================
500
1
0.03276733675124133
0.05173090936565483
0.003961327163870987
0.018963572614413504
2.3216401093193615
2.8857721136879637
3.1016306875425044
1.5549967283938024
