====================
0
3
0.0
4.030192430363098e-08
0.0
4.030192430363098e-08
0.0
5.384972668691037e-07
0.0
5.384972668691037e-07
====================
50
3
0.052776075290561275
0.0482325648484041
0.025804927509794462
0.004543510442157173
0.5120756248448227
0.4685821338942312
0.42857295284923275
0.04355770722160213
====================
100
3
0.015283418665786641
0.018803749566007166
0.01762397820899464
0.003520330900220525
0.3122343000747399
0.2405411354691972
0.17351135798412817
0.0793459797068218
====================
150
3
0.05013317529110095
0.04739373273973846
0.004790669782224866
0.002739442551362492
0.15519108853389169
0.13191368287501995
0.15424309875399128
0.12569671342995437
====================
200
3
0.029788696204151525
0.028533608459062137
0.03951742096372609
0.0012550877450893862
0.36106746956235897
0.5236860342648149
0.2665071262512424
0.16592085466819367
====================
250
3
0.06698483209203054
0.07084187081758064
0.00913003842610105
0.0038570387255500993
0.43370760745668774
0.5869760149445821
0.2845418848992597
0.25082834623914313
====================
300
3
0.05621367731856175
0.04590219568083276
0.03772637904224174
0.010311481637728992
0.9946185356204744
0.5352579330930083
0.5627761875389182
0.5098748055942977
====================
350
3
0.039150691359270295
0.018044776372440063
0.05298004850667071
0.021105914986830232
1.3401206612242222
0.556479228332791
0.9579457774786437
0.881409683040592
====================
400
3
0.09600830780549192
0.06772505138520982
0.06900833668194642
0.02828325642028211
2.4053288349723596
1.3757489367234994
1.8864100468066791
1.1188279228963776
====================
450
3
0.174811684292564
0.14292884103505354
0.09904934818422295
0.03188284325751045
3.8415242840566095
2.3948445383637966
2.775562480000011
1.4584908000403614
====================
500
3
0.22487508753013374
0.16277467874444973
0.1499463072082987
0.062100408785684014
5.4801761839400704
2.110264432727403
3.6197435205763044
3.481296384566825
