====================
0
4
0.0
1.2092348402171818e-08
0.0
1.2092348402171818e-08
0.0
9.790845226364019e-08
0.0
9.790845226364019e-08
====================
50
4
0.004818613121553739
0.02908903912726668
0.02777822873353286
0.02427042600571294
0.6445818790186865
0.6561263900927762
0.740146897791882
0.11586787258918614
====================
100
4
0.07637170292119544
0.1326558450723061
0.08105628275772814
0.05628414215111066
0.6446462778233819
1.0044709692618812
0.6989829063152448
0.6325631325913698
====================
150
4
0.07200047471121906
0.010403048783181212
0.018919765772286157
0.08240352349440028
1.0180699945232776
1.7854918402763804
1.060914793841977
1.5206109406391313
====================
200
4
0.0047397787758984445
0.18875416345122076
0.020087119356849592
0.19349394222711921
1.4839207391002005
1.6713413818262302
1.2774160860708865
2.793100175280326
====================
250
4
0.05662349894279273
0.10598802456853007
0.03940418408775859
0.04936452562573734
1.1026752170655758
2.424096474662075
0.8301955615247201
2.9283355289429363
====================
300
4
0.007074027020417262
0.06399157527016319
0.0006153461808016125
0.05691754824974593
0.4441387396922232
2.509884918681938
0.24874263497680987
2.552233002921543
====================
350
4
0.0237092651010673
0.020887803942991834
0.009063261443765125
0.0028214611580754667
0.2675931843053773
3.2286539878480927
0.494616663900802
3.4948687249178922
====================
400
4
0.04859136263374326
0.037700852802573764
0.041339562073635754
0.08629221543631703
0.7446942988939782
4.5602865151191665
0.46499526483310444
4.281913015232371
====================
450
4
0.03216878195493411
0.07137484336360078
0.005524269749167754
0.03920606140866667
0.48210386013593126
4.567308609987392
0.0941556746404788
4.647412786311532
====================
500
4
0.06765765369544496
0.0852463117777531
0.056961903069224995
0.01758865808230814
0.5779588330483175
4.986160135475212
0.34539517764981403
4.567742260038224
