====================
0
2
0.0
1.268026425404994e-08
0.0
1.268026425404994e-08
0.0
1.6075398481882935e-07
0.0
1.6075398481882935e-07
====================
50
2
0.09241081720844235
0.07766649623835264
0.06495662005779379
0.014744320970089708
0.5310852712355215
0.5293701361958103
0.32334023225383446
0.3876993789861922
====================
100
2
0.13615617797234192
0.0030705225490899046
0.10530798107109618
0.13308565542325201
1.6845007441549444
0.8359307839626434
1.1028985739255563
2.0858536771712726
====================
150
2
0.1359226099920161
0.07278122399933107
0.16111477009134378
0.06314138599268504
2.953877242622407
1.6759707014960503
2.453956459422703
2.685414451433874
====================
200
2
0.1746307691507966
0.1557866879996308
0.1739696560215624
0.01884408115116578
4.438227032451567
1.9666883591105861
4.075416975213906
2.96870305673758
====================
250
2
0.1639002688192177
0.020744513324972846
0.128844738675151
0.14315575549424486
6.145839454958068
2.8368787697485187
5.458018183430593
5.247792427160104
====================
300
2
0.10219297998801746
0.05572970618892725
0.08337214168096674
0.15792268617694472
7.474719178532022
2.609653439035717
6.3991007521670005
6.863477247020768
====================
350
2
0.08466971518304955
0.0012378020413663648
0.08809596180554036
0.08343191314168319
8.287517863714152
3.4116182840440468
7.111609493573762
6.989934996647449
====================
400
2
0.18556249290268295
0.17462902730260774
0.16886798906103515
0.010933465600075225
9.237978784754247
4.033192723593993
7.912273273994529
6.576825678771807
====================
450
2
0.24280610874491937
0.13075706784540264
0.16544975385226812
0.11204904089951673
11.642983874237311
4.202130438951756
9.826244193226778
9.12585840261266
====================
500
2
0.16890572174413743
0.0039696052429043505
0.13461245724189785
0.16493611650123308
13.386860272356628
4.994708144063841
11.032814199786543
10.805291466167645
