====================
0
1
0.0
1.2373457754434079e-08
0.0
1.2373457754434079e-08
0.0
1.2530861069866085e-07
0.0
1.2530861069866085e-07
====================
50
1
0.023652757657222523
0.004729569526751298
0.011787462861980513
0.018923188130471225
0.19073690261214707
0.4992692250193753
0.4361064250463197
0.6682749241987265
====================
100
1
0.007282423553591322
0.018538211502228563
0.00406760015758767
0.011255787948637241
0.29385865121813526
0.7245103496285313
0.6629924356825415
0.850046080907218
====================
150
1
0.020716074753808433
0.09037483719528172
0.06646764447465947
0.06965876244147329
0.2693895232572346
1.0684918807886963
0.29416303146105666
1.336930295517936
====================
200
1
0.07631834174859384
0.1585712137529158
0.09394480802544981
0.08225287200432196
1.2039382073219325
2.102759653695666
1.3378119399088981
2.3389102950580822
====================
250
1
0.1493933724590255
0.0788334843950198
0.10579738148741669
0.0705598880640057
2.600285177037814
2.5477992937699607
2.3695169954468063
3.5896990761539436
====================
300
1
0.09934109819388803
0.01948972979002317
0.0794703980658591
0.1188308279839112
3.6776113604199407
2.500460617975512
3.2421087595699887
4.1282820927808555
====================
350
1
0.04288667696704951
0.03834802548765248
0.04556042613579314
0.08123470245470199
4.709769740611878
3.4445821625071718
4.143353222134319
4.864908082878798
====================
400
1
0.08684958529318007
0.1323265894086185
0.04718139371475221
0.04547700411543841
5.226983075276226
4.420750367929955
4.48776329894199
4.2925838998979104
====================
450
1
0.10831378744759523
0.11684720001919935
0.03768649609420072
0.008533412571604115
6.02983771172027
4.344960950837244
4.675232814309716
5.465029702016119
====================
500
1
0.03189332506028464
0.013020048490699931
0.032690523168731556
0.018873276569584707
6.342467949364662
4.5377431423218955
4.710690704203996
5.761342971052066
