====================
0
0
0.0
1.2352169828750173e-08
0.0
1.2352169828750173e-08
0.0
1.1177931802465848e-07
0.0
1.1177931802465848e-07
====================
50
0
0.04337683236969947
0.019059031733321907
0.0034367627747835527
0.024317800636377562
0.9695647388303729
0.7220780788000642
0.7704595284215061
0.369139594265808
====================
100
0
0.10193379630085841
0.025364288274885904
0.07731573617558896
0.07656950802597251
1.485496130974497
0.804027117012746
0.8995462308198624
1.789218676804278
====================
150
0
0.17907634492099134
0.13209616605433383
0.18260108112147488
0.04698017886665751
3.4083044445745267
1.7148996214027605
2.8419079783946195
2.547337752537101
====================
200
0
0.24211643197824212
0.25654101933558693
0.2216916115496308
0.014424587357344788
4.6585052238430436
1.8494133379313655
3.8999709926680812
3.339898406105262
====================
250
0
0.292893993584018
0.06009888281926834
0.24386604299874381
0.23279511076474968
7.355515427769271
2.770485316709757
6.241190268148142
6.888963565641803
====================
300
0
0.26185146341917775
0.05191842819147263
0.23741952606387517
0.3137698916106504
9.93250935318622
3.0744028653778654
8.355859404238796
9.531057801994368
====================
350
0
0.23179661745242153
0.06781714271461903
0.2257369042402868
0.1639794747378025
12.24555588321327
3.159229252601612
10.614980422462486
10.42221770271061
====================
400
0
0.22579559216004522
0.08183104962989407
0.18954936881312925
0.14396454253015115
14.839627284457372
4.615675869604816
12.975102728354113
11.752324849711938
====================
450
0
0.2473511670155515
0.10325100922468788
0.1983029226734443
0.1441001577908636
16.90823332518871
4.4849002508558
14.648202614388683
13.752983078159335
====================
500
0
0.2210172133219661
0.029685121412514448
0.1905945989609492
0.19133209190945166
19.446169216186476
4.754445304120575
16.7539928104441
16.2143605536965
