====================
0
3
0.0
1.006075199380083e-08
0.0
1.006075199380083e-08
0.0
1.2676951209484066e-07
0.0
1.2676951209484066e-07
====================
50
3
0.0049709999716889275
0.010121054724279821
0.02020277180495289
0.0051500547525908935
0.28696756242520843
0.5803537663203997
0.4153160863261212
0.2941990582860012
====================
100
3
0.02177289631070023
0.01539256006316947
0.01677498599908045
0.0371654563738697
0.545900573119752
0.6601431455478705
0.36735312534026526
0.7842863724273054
====================
150
3
0.025212614561623603
0.0010848273458325952
0.013492529583434498
0.024127787215791008
1.3868736733714568
1.6333153750624971
1.366333018486396
0.28372023787350426
====================
200
3
0.03601482519839363
0.10355575967045869
0.047061024608664424
0.13957058486885232
2.028407854953127
2.318731374720258
1.90444854860761
2.3735564116348637
====================
250
3
0.05079846042744962
0.036113321783653785
0.10530243456715072
0.0869117822111034
2.7751810025541195
2.572406417973823
3.0844201619268623
3.2616065276537176
====================
300
3
0.05897519885473557
0.03150939107483497
0.07447098913809747
0.027465807779900597
2.811526941637205
2.2709586385749674
3.1645565180405764
3.2702702654170266
====================
350
3
0.10469819367388933
0.026785078757365355
0.08438368793558593
0.07791311491652397
2.7803635830465905
3.096272801165866
3.102360914429715
4.8179730949090835
====================
400
3
0.04769517828819324
0.13755399641570165
0.058624446618075816
0.1852491747038949
3.9348355309288636
4.358259461003987
4.117751013730726
7.280879760267784
====================
450
3
0.025005410028050568
0.020591543067222107
0.055775134863843556
0.045596953095272674
4.204753168064462
4.859879373685589
4.80280352118704
7.793613943053511
====================
500
3
0.048365163453760296
0.004119847211085048
0.05771389773395086
0.052485010664845344
4.709660757757797
4.678338640705079
5.388617294112156
7.527889563921546
