====================
0
3
0.0
0.0
1.1029793520898532e-08
0.0
0.0
2.818395202249153e-08
====================
50
3
0.011087990053001429
0.019641151295220816
0.0022569126088456404
0.6632794140812732
0.4680625028163271
0.014563862240457857
====================
100
3
0.12592572686146886
0.04193507262017304
0.0029906542259818814
0.8177524667205555
0.668443160162468
0.12199677669385069
====================
150
3
0.17522532766420795
0.11759111683295176
0.0026473365959645
1.9593163126612754
1.0105956635569573
0.9037183118662514
====================
200
3
0.06706180659632459
0.2001669954823963
0.003426847645871204
4.532524808266609
2.7103857890945937
2.0050571925341245
====================
250
3
0.18640084291006076
0.20939671908813384
0.007236360607460579
2.6294899528025204
4.856032029291655
1.6771922405997197
====================
300
3
0.15836764388566404
0.16373593144932652
0.010668192748578331
2.0606992800924844
6.154885801979349
2.1094354995217772
====================
350
3
0.0015526511163896917
0.1960167678505811
0.0007575469031635418
5.41385123189153
7.756590690202369
3.4840754125584303
====================
400
3
0.15588405757176
0.2684927225887792
0.003015902563051863
5.210098543741792
10.268601974254578
6.649984736975955
====================
450
3
0.3338873768050391
0.23525404476248202
0.003774802882531958
1.1790803532577556
12.987260845264384
7.313967679340742
====================
500
3
0.3382012473710141
0.2616340683385583
0.0018443579541935762
10.621065691441265
14.262897227999675
7.450788397719662
====================
550
3
0.33327138549908
0.25252227193645904
0.01034730350040558
7.50139487033691
16.833274599541745
6.375468136273372
====================
600
3
0.47463295478284184
0.2486336914567147
0.005413940411334764
16.196072699039107
19.35961486362158
6.014524096049912
====================
650
3
0.6133063190389146
0.2007606384181433
0.0023785494258341533
15.498690414225663
21.476685404376997
7.542499480065061
====================
700
3
0.6429476447326086
0.20327643363319448
0.0074395674137224255
24.035485942511304
23.003555787435754
5.975968072977591
====================
750
3
0.5094047923473376
0.18254918256931707
0.009027375185209241
27.556818054707943
24.78419901170032
1.3335644133642945
====================
800
3
0.6544902858992623
0.15394694857213048
0.003762530457957554
33.246555206202515
26.091162737920246
0.2811376941311452
====================
850
3
0.5711247002541406
0.044654316328712085
0.021099806898031925
38.98647328729409
27.20244884051872
1.680885080020264
====================
900
3
0.21616541615208718
0.039692004013043736
0.005011912526989626
41.88263248560015
27.409517400888948
1.0963501944992329
====================
950
3
0.3154765999569954
0.09447504972558574
0.01090935631695844
45.359024514331146
28.273630720842466
0.4307269773887191
====================
1000
3
0.401030827812044
0.10131751746567928
0.006062987940168223
50.96629577320372
29.14019965718015
0.17386619215495608
