====================
0
1
0.0
0.0
9.105830162731144e-09
0.0
0.0
1.4425226476647283e-07
====================
50
1
0.01289463347338482
0.0536708308910685
0.004718093579391569
0.4469947848039866
0.31008710827896885
0.021594738813810972
====================
100
1
0.1026307651192031
0.07915115336206524
0.0061079069672320685
0.25734025512812253
1.085470280055077
0.20217458154160625
====================
150
1
0.010176628106024932
0.11745529739347171
0.00041404106829512344
1.2389804159439326
2.2923580622441224
0.5205613258053691
====================
200
1
0.14452551507083805
0.12327563439784124
0.009174038531935921
1.7139182465670588
2.968206770446957
0.6889734392162933
====================
250
1
0.1856363110618069
0.1172133385068399
0.004192508731818201
1.3888190454463971
4.480447831356024
0.8602751457168888
====================
300
1
0.009391922271092312
0.074527895212527
0.01859462879499496
3.508733409696582
5.317558789302723
1.814441692848113
====================
350
1
0.10799865571267464
0.011956539209481809
0.009609540591383858
0.44771381028330026
5.723290017704866
0.5443032829570863
====================
400
1
0.0015805702592595235
0.021348730743282113
0.0204213493229371
5.145670295932268
5.859249091585806
3.5511495876548653
====================
450
1
0.3418313450934548
0.013439381695781849
0.003630202680948047
2.8794968958255396
5.777897084673917
6.045974621074302
====================
500
1
0.35895740194092207
0.059868646081175036
0.006134389593936085
10.315140986855644
5.86560331478597
5.445692452765142
====================
550
1
0.0607724213533134
0.01392357966128377
0.010415204691426094
8.070366064055255
6.214291781318182
5.67200788944367
====================
600
1
0.179778585928139
0.07134119276811966
0.013362494524291682
17.036628356626355
5.739971778216531
8.334251318333607
====================
650
1
0.29001190447996605
0.10038413494783982
0.0022800262086188905
12.803836915976968
5.087462135524368
9.961587456192131
====================
700
1
0.31185900753696094
0.09956151264408852
0.0046633709801091605
19.381273801280386
3.750458423340064
7.280106518857062
====================
750
1
0.32902654163474643
0.08386033310952423
0.014932917394725909
22.09912979386158
2.712291302727747
7.153910228469659
====================
800
1
0.35654661546660354
0.1337376653863506
0.005260039860482315
32.33602974367662
1.654774636427953
7.285153801178823
====================
850
1
0.4049262833471252
0.1480586858326558
0.012493531629715893
29.577300102983806
1.9787878997050932
9.697813315927444
====================
900
1
0.37704459422533576
0.10814791130403156
0.0833982011506249
37.35549648180707
1.0133310534492292
8.281300678117168
====================
950
1
0.3133554249305892
0.12289249927540036
0.002671092486086879
39.587313631471226
1.806147139750514
6.2597610248134865
====================
1000
1
0.43252317033363735
0.10667555459718457
0.010188644861959271
49.51779534898732
2.9663335797194543
6.79839094235484
