====================
0
4
0.0
0.0
1.1459933680168456e-08
0.0
0.0
1.1235984775271835e-07
====================
50
4
0.02969040015850366
0.02926893928394514
0.0005760016722105021
0.735326989870674
0.5458100996776744
0.016974290541754162
====================
100
4
0.071125980876098
0.04194655615451426
0.013509609462882821
1.424112696177528
1.1159960423959947
0.15745854531469564
====================
150
4
0.07607661791265574
0.04917097599459597
0.00855490992557928
1.1655558808350817
0.8947597590334602
0.6986992572035496
====================
200
4
0.08972547656198276
0.0871279298323671
0.019169231896031633
3.3141491871242947
1.4160935908826757
1.261340743601141
====================
250
4
0.1566103664528402
0.03200447193529854
0.00620415542530206
1.5685804377241173
1.6550840576949923
0.637518693824457
====================
300
4
0.1396235825465677
0.03585048841163596
0.00674670531923649
1.2445830988640756
1.7632268837503762
1.2374982400087504
====================
350
4
0.009847768138316448
0.052703566569498594
0.007779612090261567
2.1524411710080305
1.7421388205384711
1.5204934840987225
====================
400
4
0.2953176462450156
0.04861797841675705
0.006662840838327175
4.229634593453571
1.509823592191536
4.0626985723732965
====================
450
4
0.38640673479756626
0.050915129739733
0.0056802454102484745
3.773152645355157
1.8390488026922223
4.668514126178629
====================
500
4
0.3068887588871636
0.07873238570079222
0.00034587549005538065
10.599629783322218
2.794594129147866
4.291185277717646
====================
550
4
0.2400161899177815
0.0034015517912695525
0.018656731892412015
8.734470622669075
3.2281279849322555
5.411008051921986
====================
600
4
0.46165645458170296
0.04758898379933087
0.015687159101915378
16.838636721434614
2.997303106942266
5.094469766271114
====================
650
4
0.5157178689376739
0.027705740560234116
0.008646275384588842
16.719029792834526
3.293329734690178
5.611736449847052
====================
700
4
0.2851137469019247
0.03115996709579516
0.02463929418201083
22.603123779788493
2.9189082340167003
4.451297582771776
====================
750
4
0.33643113953616444
0.07295137971583077
0.0025441151970424514
23.21128437147638
2.7539593910280202
5.41635161495643
====================
800
4
0.1849065792214592
0.16167229827239793
0.012291575981237042
31.015824822484326
3.3264460912914564
5.3067241499465965
====================
850
4
0.44549180104048625
0.16855386188946997
0.013120463337898514
29.897748088851998
4.811999306109855
5.773886038033358
====================
900
4
0.3097270436866646
0.19032997672779883
0.008904628808811044
37.3638323241892
4.420367734576833
6.165837656940585
====================
950
4
0.21515179383235905
0.21917653259075465
0.006595398723366452
35.813174246137415
5.458144467354072
6.60032142916062
====================
1000
4
0.39669830050723426
0.2079838509965939
0.009357788061414782
44.726463608108574
8.141456051059679
7.880506517169618
