====================
0
2
0.0
0.0
1.2567618877034908e-08
0.0
0.0
1.4330316085928374e-07
====================
50
2
0.029693881349590612
0.0578478460727756
0.0003030162865387265
0.4977344682182833
0.3382676120572686
0.0776436920110161
====================
100
2
0.03748922383383846
0.09799086769451781
0.011378409296054048
1.0713684240037944
1.1680120565239271
0.3590548102210902
====================
150
2
0.034324665732684334
0.10187569662081275
0.004634250669611317
1.0735654471561198
2.2295983161485506
0.41660252195003006
====================
200
2
0.13435068008499768
0.07550584268085071
0.015483109808513758
2.5370823406555294
2.625893741623049
0.721927046666487
====================
250
2
0.03402483770261466
0.04916210292646617
0.0036790386058009883
2.7953928423440915
2.898984233297628
1.351905404556127
====================
300
2
0.16968976528746937
0.05116069665471423
9.412411676690269e-05
3.4296871389513317
3.4789396357011158
1.2344270460137923
====================
350
2
0.3855354010899186
0.04567353728765067
0.0019077723348301934
1.8349107949608008
4.1280187245919535
0.9402555635851734
====================
400
2
0.6890668258484599
0.08820566450388308
0.0005519005682757018
5.6660006372310505
4.330294273992027
0.7765613597034449
====================
450
2
0.5087908821012764
0.0990774286220153
0.0021448963781831587
14.450792588252927
4.853795497465336
4.67398876796575
====================
500
2
0.4252653287604571
0.13994341536367383
0.004186236086493711
14.659692235178372
5.937134619763841
6.2118364867945335
====================
550
2
0.537935352965823
0.1778640612712843
0.0045351580433175
20.279738019440305
8.081455709398083
5.022382140165156
====================
600
2
0.6461601455891613
0.13260636643918644
0.014473619992353658
22.3335416683566
10.031733651282323
4.442522605975064
====================
650
2
0.48675861815412413
0.135504711018533
0.001442104990326376
31.270374222820216
11.275718177214697
7.368772882480536
====================
700
2
0.3524026233955828
0.11241805296161145
0.009405587824518058
30.997065264563016
12.712629308461832
7.185039407277206
====================
750
2
0.35623018197249157
0.12313446232951808
0.00868488845887283
33.68062306478681
13.632010870840052
5.233802020854748
====================
800
2
0.49088153824834707
0.1277308073925259
0.0075820877195044885
33.51537779166908
14.60718199776658
3.928163548286904
====================
850
2
0.21268965736337497
0.15058090329386298
0.002492505160883729
41.07521188601999
16.5323619065802
5.080062486682325
====================
900
2
0.11663473155547965
0.19396703039699936
0.007281859851280714
40.04005251904764
18.193967119680845
2.5448549486003245
====================
950
2
0.038239283562884196
0.1458526549697774
0.0010551202481556832
41.554632950045686
19.601607237851518
0.3551686494093991
====================
1000
2
0.02089770861445311
0.06613319338578048
0.0005512764261863673
44.298523723704534
20.648850817980204
3.6293713971547095
