====================
0
0
0.0
0.0
1.1046697643392217e-08
0.0
0.0
2.6792304708787972e-08
====================
50
0
0.030224139475973022
0.030835410091412108
0.007062954221403572
0.2508304932918704
0.19264475643936002
0.043051545703579525
====================
100
0
0.024573938981826693
0.08874563682257719
0.0042281298186162
0.7553212405747093
0.8390462432635442
0.3411072882467062
====================
150
0
0.0406694927396134
0.05900340896848766
0.013191153459622518
0.6986295310671522
1.7708042075277666
0.5274315118775167
====================
200
0
0.27086268162493377
0.014251274805095304
0.0024294542919570117
1.144493337315261
1.885435051640452
0.7644027446810536
====================
250
0
0.0256134909170751
0.051358376290072005
0.0003154077633822361
1.7153355553304555
2.071878798157127
1.398586827616635
====================
300
0
0.02215930727504256
0.05370452054211583
0.012110603071270098
3.71391737937187
2.8221096147839133
2.72284911562735
====================
350
0
0.03238224474020868
0.015270382436276542
0.006994463944120399
2.1696360125826
2.4715599340632126
2.4167634750420257
====================
400
0
0.3366597583549206
0.053899369224987934
0.000488921656634625
4.09540839820001
2.0972971646751164
0.7269224875564528
====================
450
0
0.4751919710597218
0.018965524888337804
0.0005497781382952649
11.919839620333754
1.7275566277429466
3.1100932081560138
====================
500
0
0.31820161457803975
0.04091417527044916
0.001369538585954455
13.46378481647418
1.7192022643570388
4.571655168141954
====================
550
0
0.3545877058492205
0.10504052290256949
0.008206916832584676
17.24143784508708
0.744914773437918
3.403398458683742
====================
600
0
0.5056943290105997
0.0873407127705433
0.010538275341059701
19.20509060428337
0.3090748107336891
1.9756102410895076
====================
650
0
0.4935647005235724
0.042181170407862956
0.002535511540888491
27.435047283288217
0.8365051165819445
4.277128244636196
====================
700
0
0.4170217510963923
0.011088293216989342
0.00011745030648402377
29.090827364964692
0.8427975918319792
7.40156284042325
====================
750
0
0.5521665495610273
0.0238846416638967
0.009012028405741335
34.91615544067553
1.2637424275935634
6.089251027510523
====================
800
0
0.5916782383733464
0.022726967430943865
0.007407853943358127
34.26930904313401
1.8826237325353483
3.961914935459294
====================
850
0
0.6747520234796508
0.07320830566606618
0.007899058641572587
46.68254741491461
1.6459401202692445
8.893595228542052
====================
900
0
0.5113111524141176
0.09392522502304201
0.00434267593493054
50.905002903528164
1.167068156460329
9.834323727784014
====================
950
0
0.46771966077982075
0.03857397393437201
0.002540612934670561
53.89585896590647
1.0565197370433368
8.321695854991825
====================
1000
0
0.47542478632333796
0.004255259391900419
0.004171359694687446
53.02563884286384
2.1998973705734137
5.836536453141198
