====================
0
4
0.0
1.83241093480686e-08
0.0
1.83241093480686e-08
0.0
7.412557009808006e-06
0.0
7.412557009808006e-06
====================
50
4
0.01827862701682159
0.01571182837477214
0.002119995954183329
0.0025667986420494504
0.21668329356797617
0.152161632638091
0.22809380684600578
0.22835893215954528
====================
100
4
0.0036534151432130457
0.023302998416610876
0.020603640433128234
0.01964958327339783
0.38355670486838217
0.49686917810717357
0.13344397362025165
0.6096795135260964
====================
150
4
0.037401522975856194
0.047811598672635736
0.019593034855920788
0.08521312164849193
0.2728855245188012
2.234398883316665
0.23184142656832338
2.464737693822018
====================
200
4
0.01874721069261736
0.07210375429425393
0.015255076249820506
0.0908509649868713
0.4865682574152657
4.264086536693782
0.7996128234725493
4.031663160752084
====================
250
4
0.010847871317569702
0.134532622065066
0.013209907157934797
0.1236847507474963
0.4789884962816744
5.558363853445227
0.7634989089824006
5.3033758744818424
====================
300
4
0.040653623100760594
0.07265058537895142
0.012516821768346897
0.11330420847971201
0.27734436536527013
5.9612289128375515
1.0453225295790625
5.686315075387754
====================
350
4
0.11686353904674118
0.06998897426789918
0.057382403093392265
0.18685251331464037
0.8295297844799813
8.391156665446468
0.7800866516074357
9.205688119742632
====================
400
4
0.11324119563216523
0.11218945876701239
0.05287109178471485
0.22543065439917762
1.482896079611098
10.702786144385724
0.806705438185366
11.520138933596433
====================
450
4
0.043364082176822194
0.18501121470954285
0.038008332457063476
0.22837529688636504
2.024884615303085
12.01173618043734
1.0335942168730656
13.041839131323043
====================
500
4
0.03474032852626818
0.21976940212194895
0.02771053438422566
0.25450973064821714
2.317649933367522
13.08996737431531
0.4733966779188061
14.590082187502608
====================
550
4
0.06749331310326445
0.23077075884475184
0.002854507913497617
0.2982640719480163
2.9286215427444
15.286016612916844
0.5915614216371459
17.289604105735453
====================
600
4
0.09297794543665383
0.24287119201055343
0.05153060078684086
0.33584913744720724
4.042177635888154
18.4003964004793
1.1453654499456485
21.029098317172576
====================
650
4
0.04615824772337862
0.2699013143844282
0.04981764420204238
0.31605956210780684
5.180800180469944
20.236045385525532
2.104883473150898
23.728105290898466
====================
700
4
0.0781199884648589
0.27659911153397276
0.06007370401320111
0.35471909999883167
5.34104014401815
23.28073245009362
2.009728103280366
27.023868742296873
====================
750
4
0.07113629827857038
0.24300886454548043
0.032729033912390904
0.3141451628240508
5.839313872506853
25.680804988993657
2.004114734499806
30.2942076029815
====================
800
4
0.07462459838582591
0.2926939209826982
0.05779189840516818
0.36731851936852405
6.884114098100786
29.179144807951612
2.778976966058788
34.5793970068272
====================
850
4
0.02717544531540117
0.1773731626641657
0.03144473102898049
0.20454860797956687
7.376376803519002
29.17534829140784
3.364579034085953
34.690005396508774
====================
900
4
0.04853045363023911
0.12574998793951142
0.049397700781961706
0.07721953430927231
6.988180186985692
29.04037138880952
2.9272701604014917
33.95003497905425
====================
950
4
0.01012014976469966
0.006492896389283631
0.01519969123304099
0.0036272533754160285
6.912576570452608
28.856686596338758
2.7571276129636164
33.68918976293707
====================
1000
4
0.0058733665114049545
0.05401910529449266
0.011199933534466869
0.0481457387830877
6.798938695434212
31.882115070046265
2.5571792404771103
36.48998217498551
