====================
0
0
0.0
2.789590488861578e-07
0.0
2.789590488861578e-07
0.0
1.8811780452858115e-05
0.0
1.8811780452858115e-05
====================
50
0
0.05905925750727303
0.028850097326146074
0.03683858544515917
0.03020916018112696
0.5820641574968533
0.7512166377550321
0.497948349376803
0.35444418466688327
====================
100
0
0.07819789665811161
0.03291156265816486
0.06913009962708871
0.11110945931627647
1.7362041092891316
1.4152248592963508
1.4658552304391133
1.4806139906081925
====================
150
0
0.07672351804813404
0.031116899265055453
0.10595957494819652
0.04560661878307859
2.476292531444862
2.1318562616782564
2.3998125563992385
1.4750672311258293
====================
200
0
0.04055474327083757
0.09648694235825359
0.06331693411585924
0.05593219908741601
2.907820524628043
4.403899220676222
2.899891477069109
1.5618105378689264
====================
250
0
0.054882494446654384
0.16584291135659712
0.03926374782643838
0.11096041690994274
3.1318620697355914
6.3433164853960395
3.0028722627949884
3.236192370195916
====================
300
0
0.02278403297044518
0.07328157185821427
0.04030915922830314
0.05049753888776909
3.5641207455302473
6.258053864668054
3.4566095165119064
2.807911516997211
====================
350
0
0.00925448546437857
0.10368962869717602
0.07147298791299272
0.09443514323279745
3.5942879201005726
8.243141712687398
4.083493573825801
4.790499346926813
====================
400
0
0.034295305613679584
0.18571041133464916
0.06861776671938032
0.15141510572096958
3.3713470915942527
10.820458078339202
4.194983413943675
7.494359323626263
====================
450
0
0.006148633201829012
0.24875198324349657
0.0026013402475186798
0.2549006164453256
3.131751784133326
12.266372117091635
4.153786697126696
9.202434015265169
====================
500
0
0.02081241906525655
0.24700309290985745
0.007469540901941851
0.267815511975114
2.929838547020382
12.963662047089713
4.359754298912342
10.354296988462314
====================
550
0
0.1590441882598752
0.15929911875809122
0.08669966345947566
0.3183433070179664
1.7538327571669776
15.279404618438347
3.617338934614249
14.039297602980483
====================
600
0
0.07129567833373611
0.3068804775015631
0.026170108580099098
0.3781761558352992
0.764035208808455
18.6685297920254
3.063786829359405
17.92048005044885
====================
650
0
0.1408891236628005
0.28553267340666677
0.10012571464924669
0.42642179706946726
1.2926499561541724
21.160178531580854
2.6271115642122482
21.1694419937953
====================
700
0
0.16622081975168435
0.28484615237765265
0.09824821319081423
0.451066972129337
1.5074004598107624
23.98957406583891
1.956281293236715
25.443704337465846
====================
750
0
0.31654983290994143
0.13722658288781608
0.20756720580882249
0.4537764157977575
4.348962785138123
26.24451715533206
2.311982975989905
30.527543559718115
====================
800
0
0.38613066062520657
0.14368091210851858
0.2981253012987949
0.5298115727337251
7.296047648964506
29.16725830822725
2.085371699907335
36.159695349641325
====================
850
0
0.3712362831676461
0.04703826010645007
0.2842207791094624
0.4182745432740962
11.294269238305207
28.286769337724543
5.031371817915246
38.390046550599195
====================
900
0
0.2987048778165491
0.010336503030296207
0.1946755829557354
0.3090413808468453
14.096694523314207
27.523215083865075
7.229927672838863
41.06042096263126
====================
950
0
0.361660871110534
0.013549030945073204
0.22659634003416684
0.3752099020556072
17.56600145207041
28.604719187243976
9.441398273882296
45.709251950857805
====================
1000
0
0.3202093919129941
0.057703633038312
0.1749964611760516
0.3779130249513061
20.828804126877266
31.32430443386115
11.317348589100861
50.85433482273481
