====================
0
1
0.0
1.9346940683999623e-07
0.0
1.9346940683999623e-07
0.0
1.0345390447142964e-05
0.0
1.0345390447142964e-05
====================
50
1
0.043097544050934244
0.02691834925672909
0.006884612465598128
0.016179194794205154
0.42181794693360836
0.46016216951360106
0.22623090631212908
0.3065471804635723
====================
100
1
0.038656486383168875
0.016246377440283233
0.03563172288122329
0.022410108942885643
0.7824762390813194
1.2241369102933897
0.5484670891443768
1.076013126135938
====================
150
1
0.0186465991472895
0.04025391854282612
0.0549554799206986
0.021607319395536617
1.1836173434249249
2.277606261015316
1.1401842959572372
1.3746394000073914
====================
200
1
0.04306968556835322
0.14439958579821327
0.06930194259482443
0.10132990022986006
1.0491331363822605
4.77084521596552
1.0585186479484334
3.7491906623182776
====================
250
1
0.04645804126688069
0.25015217217257546
0.02009062104910342
0.20369413090569477
1.8504852268633336
7.555575740792806
1.7059610550777868
5.705091442454562
====================
300
1
0.05573419387528444
0.18947868896649922
0.05936465030997429
0.13374449509121478
2.231830595614116
8.119947823016112
1.87124103288612
5.888712377299136
====================
350
1
0.04765728167277361
0.16896533220510124
0.08777909764941572
0.12130805053232763
2.8602874419454247
9.54298961841756
2.888116684510283
6.682702899629417
====================
400
1
0.11993796680015589
0.3476411318676723
0.13366678801154913
0.2277031650675164
3.1456783491419587
14.351434798701849
3.166559522823136
11.207280362992051
====================
450
1
0.1446690077210162
0.21386633503788088
0.12959711992944012
0.06919732731686468
3.9122278114339877
14.30555685039105
4.286406007154202
10.629437844245084
====================
500
1
0.047122919601536584
0.17180205318206854
0.04875933991639547
0.12467913358053195
4.764001671745547
15.372351318834863
5.144221253515096
10.774369065804624
====================
550
1
0.03876705365469446
0.1981465017809012
0.07929435344433378
0.15937944812620675
4.935488730251917
17.309906898385087
5.60194248486835
12.570606881663375
====================
600
1
0.1407024333764842
0.32363102906745356
0.15104906939925242
0.1829285956909694
5.717211878167184
20.497516134118502
6.599016659315734
15.112951020922102
====================
650
1
0.14304435095123358
0.3107832117617497
0.09715206607643223
0.16773886081051614
7.382128384224714
22.42973908525116
8.038697033901135
15.650146800749976
====================
700
1
0.05199423816094484
0.30772198540248974
0.08213446690407933
0.2557277472415449
7.957384992092381
24.392391084771646
8.572180831210536
16.989109198861215
====================
750
1
0.03177299897648034
0.36475974034861736
0.11744896933055471
0.332986741372137
8.07513040906248
26.884181310875093
9.365984322594764
19.624794788545156
====================
800
1
0.10051764913536754
0.4537654374774558
0.15075852958163172
0.35324778834208825
9.141349990550312
31.36404056338139
10.922653509758547
22.79699464350309
====================
850
1
0.1682137926482581
0.058535646477076764
0.16308099368415796
0.10967814617118132
10.573713196378305
28.60819042760864
12.44140498575581
20.34084170286773
====================
900
1
0.13817656434179781
0.11566428411396368
0.15674048330404933
0.022512280227834136
11.80646915094338
29.101340506406583
13.722256572820815
19.477996127880544
====================
950
1
0.12471195147692127
0.0034084215644882843
0.18643597595659522
0.12812037304140955
13.21639103643385
29.09320180073192
15.757265311503582
19.198070594646378
====================
1000
1
0.12388473304534112
0.03941414762665206
0.16574055482789896
0.08447058541868906
14.440238500461136
31.15039032054354
17.499547087366455
20.6547513404378
