====================
0
2
0.0
4.828253892663541e-08
0.0
4.828253892663541e-08
0.0
4.944723692151945e-06
0.0
4.944723692151945e-06
====================
50
2
0.032801256014832525
0.029911573133417857
0.008714958935215789
0.002889682881414668
0.2380669533266084
0.03152363794677359
0.2631264280311156
0.2460661251297124
====================
100
2
0.04824796695024691
0.0028889433223846517
0.04314739690560332
0.04535902362786226
0.2438587321135485
0.5310519582664273
0.3885367775388332
0.7275761389372483
====================
150
2
0.11503227043568187
0.02651030070240168
0.053478796235268744
0.14154257113808355
1.6211442240712903
1.8653479327127467
1.3669567835006373
3.143409594465349
====================
200
2
0.049886339559067704
0.15656265026707877
0.02248434163970484
0.20644898982614648
2.8284969969975093
2.8297194280373597
2.380354494731291
5.536558770636867
====================
250
2
0.017457288572842344
0.19934417893910483
0.04573753648196899
0.21680146751194718
3.3301499591569925
4.123130815493027
2.980132476166825
7.4529511890828015
====================
300
2
0.04124313886434017
0.16230391078460915
0.03928140061273
0.20354704964894932
3.5999866537138194
5.116973675538677
3.367619475944734
8.597558452680435
====================
350
2
0.028856381556362054
0.14263231446194347
0.009172262347145965
0.17148869601830552
4.035834108172205
7.8060732368328125
3.5865910814789435
11.687044568975598
====================
400
2
0.03967250018563783
0.16541430913461505
0.01743749640223333
0.2050868093202529
4.1380213542022055
9.87117575008756
3.5324492067607847
13.944167173826383
====================
450
2
0.014568848985113902
0.18396678340685724
0.01140661435843593
0.16939793442174333
4.008452946811282
10.770704061275513
3.6056972108076986
14.771626901297285
====================
500
2
0.020351018574789048
0.19892765031951587
0.002228208495854922
0.17857663174472682
3.5231817560178325
12.429208000849004
3.469073335028414
15.886691186222464
====================
550
2
0.02360404368043789
0.1915117527564838
0.004804288330594986
0.2151157964369217
3.8496520785514026
15.093861008644573
3.5849019740083987
18.757740679521934
====================
600
2
0.00537159813483857
0.19215812857908532
0.006305558669161769
0.18678653044424676
3.6900460879462043
17.22711876931162
3.4569251098025418
20.76328316204589
====================
650
2
0.1262534384033709
0.28410644525623474
0.06366418389121131
0.15785300685286385
2.994707002600013
18.850743700065518
3.3217357475052975
21.820681185937307
====================
700
2
0.09380651286423003
0.27610006829025613
0.058423268828296404
0.1822935554260261
1.942957711633386
21.585839821861207
2.7940200277903964
23.491105609193834
====================
750
2
0.10390272751902718
0.27713719462781783
0.12005678205730708
0.17323446710879065
1.2082829814716427
24.35978340104846
2.0049330450755067
25.457998089516437
====================
800
2
0.08113788238619643
0.26653456385669294
0.08707384802038856
0.18539668147049654
1.4492657923675738
27.06013439049573
2.2343130571650645
27.710069877522784
====================
850
2
0.13134017471625703
0.17458652974530797
0.10398137717431477
0.04324635502905094
2.0529302594391186
27.555269157389713
2.2654466222446397
26.836999085261017
====================
900
2
0.13006918356268926
0.14523798154008638
0.13428567077424924
0.01516879797739712
2.9638018046290275
27.609810302686302
2.6001145925908893
25.265982817616194
====================
950
2
0.09784413640186829
0.072843856160548
0.1308034288975075
0.025000280241320283
4.32314811230743
28.461518995680603
4.001488314371104
25.01106245964038
====================
1000
2
0.15703509556100662
0.13378562341862937
0.17585591980737472
0.02324947214237724
5.38911912010792
30.533134467382585
5.440882418560385
26.645834819123344
