====================
0
3
0.0
1.9672216653491952e-07
0.0
1.9672216653491952e-07
0.0
1.0192998651672699e-05
0.0
1.0192998651672699e-05
====================
50
3
0.08502589197627275
0.029353126070870594
0.039124541180142414
0.055672765905402155
0.6950877022301016
0.3419291826081555
0.4564549985973131
0.3557840142969749
====================
100
3
0.052619800013666396
0.002856345715251951
0.023688196073806456
0.049763454298414445
1.3246209986256028
0.2581613601891979
0.7645549777468003
1.1245057827819056
====================
150
3
0.012420283819448708
0.0039038437451530683
0.017602374714317248
0.00851644007429564
1.291548126324597
1.6864500759152568
0.7868751351585218
1.6104784253250939
====================
200
3
0.04665996117891109
0.020286873094399777
0.0613577597300955
0.06694683427331087
1.1062238863548204
4.660787468342084
0.36972131688158844
3.7175418032375704
====================
250
3
0.03927498126193707
0.05380288683210677
0.0797207717980124
0.09307786809404384
0.4839541138146986
6.108418273792623
0.9485413134617022
5.84094373487396
====================
300
3
0.06612981335330836
0.03351857020994453
0.10493506624614835
0.0996483835632529
0.5144758865475324
6.13969054415438
2.18380926334657
6.6357501259961476
====================
350
3
0.11942344420487849
0.07092893220225971
0.12020919414277542
0.1903523764071382
1.9405884352856229
8.053097481429436
3.7080568398564506
9.98261055565507
====================
400
3
0.12785182019044067
0.13800665668364667
0.15059155028243248
0.2658584768740873
2.234949708180258
11.514936876726754
4.000633484334711
13.417089139883743
====================
450
3
0.09507166472300188
0.1979345327897437
0.15054493943467429
0.2930061975127456
3.4968238025902787
12.9656869128793
5.737978885420907
15.78723443539532
====================
500
3
0.09018562898458482
0.1623437010826856
0.1199773880299837
0.2525293300672704
3.943825178045903
13.914999406905315
6.778487055241175
17.606872806857684
====================
550
3
0.2086022685203619
0.07611412222894853
0.19923893165041284
0.28471639074931043
5.653904932110545
16.131000891520053
8.446902481646049
21.47052689894638
====================
600
3
0.23481808150858088
0.272781318921846
0.23641493127744345
0.5075994004304268
7.7544513625832465
19.93193232901138
10.494125015347201
27.063154289599996
====================
650
3
0.21966379393250213
0.23897998415041877
0.25181158347619914
0.4586437780829209
9.991468841553841
22.511723585061485
12.892487295488246
31.36080421626708
====================
700
3
0.278926968322986
0.16518793949105248
0.28754872308255486
0.4441149078140385
12.231785473537514
24.162800292170626
15.420014386109905
35.357585576649186
====================
750
3
0.36977502113090943
0.08503884692439434
0.33881453974046294
0.45481386805530377
15.328715301600914
25.498793907072386
18.511232108013484
40.17988353333841
====================
800
3
0.356098226582708
0.19373875968508408
0.3590401737773137
0.5498369862677921
19.120752085874507
30.166905873575185
22.04705514175756
47.945042293724455
====================
850
3
0.3392067649396686
0.13297347391922965
0.4079293242275306
0.47218023885889826
22.587501905808818
30.84607808512539
26.004815359692557
51.64712101708441
====================
900
3
0.41337566588284735
0.031141853582983714
0.4434921378982031
0.44451751946583107
26.014247557254922
30.03825486103197
29.802612123707746
54.740305275186046
====================
950
3
0.4381371104750389
0.004975501917230396
0.4333646650206868
0.4331616085578085
30.240790578352012
29.453993705480546
34.194527166498936
58.820299060567756
====================
1000
3
0.3909371208668131
0.08178852555968696
0.4237034590722861
0.47272564642650006
34.38786828552
32.868160323103055
38.43509668274193
65.41259842104816
