====================
0
2
0.0
-1.1222355502885668e-08
1.1222355502885668e-08
0.0
1.1222355502885668e-08
1.1222355502885668e-08
0.0
5.041989019196053e-09
5.041989019196053e-09
====================
50
2
-0.02273031596634212
-0.0231702358809156
0.00043991991457348334
0.02273031596634212
0.0231702358809156
0.00043991991457348334
0.2382770190440455
0.24986728820945145
0.04689110527665737
====================
100
2
0.0009549923050315989
0.005363409658261986
-0.004408417353230387
0.0009549923050315989
0.005363409658261986
0.004408417353230387
0.5784788064965186
0.5605023431432835
0.017982905445833145
====================
150
2
-0.033794789044640394
-0.033765756229508614
-2.90328151317798e-05
0.033794789044640394
0.033765756229508614
2.90328151317798e-05
1.541415944890872
1.3170458224138681
0.2269532542904154
====================
200
2
0.06853634751647963
0.06974334005115516
-0.00120699253467553
0.06853634751647963
0.06974334005115516
0.00120699253467553
2.0912688449080306
1.7675176550498275
0.48091684141574115
====================
250
2
0.1478246326251067
0.14729649818207413
0.0005281344430325685
0.1478246326251067
0.14729649818207413
0.0005281344430325685
1.935569260543274
1.7120189258371468
0.8835439892588822
====================
300
2
-0.2586705032576737
-0.25672896827064084
-0.0019415349870328669
0.2586705032576737
0.25672896827064084
0.0019415349870328669
3.3493570413406797
2.4938096023323175
0.9194201353289391
====================
350
2
-0.04924543137642434
-0.039224932249618094
-0.010020499126806248
0.04924543137642434
0.039224932249618094
0.010020499126806248
2.3030164613030566
2.233482308569759
1.8190636569104304
====================
400
2
0.05159083304665582
0.04055098776571043
0.011039845280945391
0.05159083304665582
0.04055098776571043
0.011039845280945391
5.580581634528986
3.530588398120309
2.3240634819845063
====================
450
2
-0.0318330752417455
-0.02750735768397261
-0.00432571755777289
0.0318330752417455
0.02750735768397261
0.00432571755777289
2.402003409444593
2.761575011742226
2.861904163840665
====================
500
2
0.17618755449566192
0.17370198127312664
0.0024855732225352867
0.17618755449566192
0.17370198127312664
0.0024855732225352867
3.356118413320708
4.285690028709439
2.6304069565100856
====================
550
2
0.04736829953108357
0.05124572168558883
-0.003877422154505261
0.04736829953108357
0.05124572168558883
0.003877422154505261
4.606413787392699
6.810031801617804
3.225736346815043
====================
600
2
-0.1499065865049275
-0.14194473186625112
-0.007961854638676366
0.1499065865049275
0.14194473186625112
0.007961854638676366
11.710471845873817
8.565653425184951
5.507048717222453
====================
650
2
0.09104397253395247
0.08599884609796438
0.00504512643598809
0.09104397253395247
0.08599884609796438
0.00504512643598809
5.445814135804259
8.604754736808994
4.731016921919567
====================
700
2
0.02661326628870153
0.029846959017805652
-0.0032336927291041206
0.02661326628870153
0.029846959017805652
0.0032336927291041206
6.077809230341385
8.789531769643098
3.951410615513301
====================
750
2
0.3354897990657767
0.33711549594345647
-0.001625696877679772
0.3354897990657767
0.33711549594345647
0.001625696877679772
7.69544122537767
17.476162903837658
10.211183938580369
====================
800
2
0.3621201966451839
0.359964469581877
0.002155727063306901
0.3621201966451839
0.359964469581877
0.002155727063306901
18.48047765238884
20.081806043252357
5.488224423053387
====================
850
2
0.34791774167270195
0.34955374878539724
-0.0016360071126952924
0.34791774167270195
0.34955374878539724
0.0016360071126952924
16.235845741953828
22.266383654111458
6.031874688682602
====================
900
2
0.34279502211192137
0.3613321964047338
-0.01853717429281243
0.34279502211192137
0.3613321964047338
0.01853717429281243
22.976684502962666
25.800608802798486
7.152007347590184
====================
950
2
0.3828014730547765
0.3782804858747729
0.0045209871800035994
0.3828014730547765
0.3782804858747729
0.0045209871800035994
24.994286041423482
34.60591639115723
9.62957377502839
====================
1000
2
0.33514666601040594
0.33258191433038226
0.002564751680023715
0.33514666601040594
0.33258191433038226
0.002564751680023715
35.791751526400816
37.293818848616525
6.752511527991157
