====================
0
1
0.0
-1.0328933989769495e-08
1.0328933989769495e-08
0.0
1.0328933989769495e-08
1.0328933989769495e-08
0.0
9.287608540987332e-08
9.287608540987332e-08
====================
50
1
-0.009864126949869823
-0.011648320601768347
0.0017841936518985246
0.009864126949869823
0.011648320601768347
0.0017841936518985246
0.23749707589861102
0.2578589871350057
0.02087203638477592
====================
100
1
-0.13190804358818298
-0.1401241459070408
0.008216102318857832
0.13190804358818298
0.1401241459070408
0.008216102318857832
0.20295074410941905
0.30485197258402263
0.14875377617583488
====================
150
1
-0.0936465541530942
-0.09770479069667659
0.004058236543582394
0.0936465541530942
0.09770479069667659
0.004058236543582394
1.5429551912853097
1.1927738670174746
0.3999733708804025
====================
200
1
0.2582189745290127
0.26898815388970254
-0.010769179360689827
0.2582189745290127
0.26898815388970254
0.010769179360689827
1.6423202665989642
0.9450627525239745
0.8529551285377788
====================
250
1
0.3042823861802775
0.3029448916179731
0.0013374945623043644
0.3042823861802775
0.3029448916179731
0.0013374945623043644
2.2873915113659526
1.9947974846418175
0.8410319948422802
====================
300
1
-0.04621728554049076
-0.0429149278116161
-0.003302357728874661
0.04621728554049076
0.0429149278116161
0.003302357728874661
2.4105473858639495
1.776259551308813
1.8052085484061728
====================
350
1
0.02986636077174709
0.030714939947392494
-0.0008485791756454031
0.02986636077174709
0.030714939947392494
0.0008485791756454031
3.1553106873447434
2.793511010515657
0.6747807086611496
====================
400
1
0.05145798707167884
0.051470592417239475
-1.2605345560637998e-05
0.05145798707167884
0.051470592417239475
1.2605345560637998e-05
3.1472741149149592
2.71128353186789
0.6408947926435993
====================
450
1
0.14268839271342038
0.1406792351107944
0.0020091576026259883
0.14268839271342038
0.1406792351107944
0.0020091576026259883
5.022866049086058
3.9439745995612636
1.1156255868305505
====================
500
1
0.45586326441074476
0.4443299837234016
0.011533280687343161
0.45586326441074476
0.4443299837234016
0.011533280687343161
5.941879573843036
5.07602383216004
1.0461444424673358
====================
550
1
0.6982189562150503
0.6916776763082686
0.006541279906781661
0.6982189562150503
0.6916776763082686
0.006541279906781661
14.383952814572215
8.086471356799324
6.360273762843244
====================
600
1
0.7627927319868448
0.7597616176607553
0.0030311143260894832
0.7627927319868448
0.7597616176607553
0.0030311143260894832
13.351212989435666
7.343479073054745
7.543682740723946
====================
650
1
0.5428050555114919
0.5374850242135448
0.005320031297947114
0.5428050555114919
0.5374850242135448
0.005320031297947114
26.721735019454282
14.966539469876796
12.77981543521949
====================
700
1
0.43504790871637944
0.4362858760469064
-0.0012379673305269456
0.43504790871637944
0.4362858760469064
0.0012379673305269456
26.766484110087234
8.480847440865155
19.571295565096538
====================
750
1
0.5044021315094629
0.4697995398228585
0.0346025916866044
0.5044021315094629
0.4697995398228585
0.0346025916866044
28.35458880282176
14.80510446747998
13.554894331892253
====================
800
1
0.7332176163930699
0.7394536625433454
-0.0062360461502754955
0.7332176163930699
0.7394536625433454
0.0062360461502754955
25.307185854255412
18.136701461504636
9.738296843047118
====================
850
1
0.42452506531112666
0.382790982913615
0.04173408239751164
0.42452506531112666
0.382790982913615
0.04173408239751164
34.781715776172824
26.070704354264656
10.36768162929967
====================
900
1
0.2296629981602032
0.22184315679744593
0.007819841362757263
0.2296629981602032
0.22184315679744593
0.007819841362757263
33.63954829126637
31.742210809721474
2.0448442206224122
====================
950
1
0.45219695482839983
0.46986490832016703
-0.017667953491767197
0.45219695482839983
0.46986490832016703
0.017667953491767197
35.0364737423892
35.32898182771564
0.3070674628560857
====================
1000
1
0.41951651092858244
0.429615605519539
-0.010099094590956547
0.41951651092858244
0.429615605519539
0.010099094590956547
37.833828046469804
38.058298524925306
0.5497016952081551
