====================
0
4
0.0
-1.2467123130709622e-08
1.2467123130709622e-08
0.0
1.2467123130709622e-08
1.2467123130709622e-08
0.0
2.183836937053992e-07
2.183836937053992e-07
====================
50
4
-0.00042413677291985863
-0.0021954948705462662
0.0017713580976264076
0.00042413677291985863
0.0021954948705462662
0.0017713580976264076
0.3787298870085581
0.3732708429254842
0.05051241298079967
====================
100
4
-0.08191000252488267
-0.07156647199029331
-0.010343530534589362
0.08191000252488267
0.07156647199029331
0.010343530534589362
0.3225840044077253
0.1573675935972822
0.18579065181009732
====================
150
4
0.008594816586295018
0.003080131415579501
0.0055146851707155164
0.008594816586295018
0.003080131415579501
0.0055146851707155164
0.7010958585721129
0.38034477914636966
0.3516843512557032
====================
200
4
0.11801779920413454
0.11623104738494576
0.0017867518191887755
0.11801779920413454
0.11623104738494576
0.0017867518191887755
2.3628974099794435
1.4531065444834639
0.9291262894019214
====================
250
4
0.019343324259843753
0.020188326219946262
-0.0008450019601025094
0.019343324259843753
0.020188326219946262
0.0008450019601025094
1.4726996618864943
1.0385180458310748
0.4342257461482158
====================
300
4
-0.07785342507211945
-0.0703487373134144
-0.007504687758705053
0.07785342507211945
0.0703487373134144
0.007504687758705053
1.8800230561507891
1.6951794041375705
0.26651238372501557
====================
350
4
-0.2194334423494022
-0.21199324165634503
-0.007440200693057175
0.2194334423494022
0.21199324165634503
0.007440200693057175
1.2635660716782464
2.765091022308045
4.028502082205727
====================
400
4
-0.09393123198642042
-0.10274640290850659
0.008815170922086162
0.09393123198642042
0.10274640290850659
0.008815170922086162
9.182137404796975
3.7250041885861873
6.804018823211753
====================
450
4
0.039404658003372006
0.04303743570556562
-0.0036327777021936125
0.039404658003372006
0.04303743570556562
0.0036327777021936125
3.857133823628813
3.83816940213576
6.121682440703344
====================
500
4
0.050250217208343884
0.06449118008999122
-0.014240962881647334
0.050250217208343884
0.06449118008999122
0.014240962881647334
4.204681262363014
4.973338821320462
6.355131673628393
====================
550
4
-0.12033580877058858
-0.1197606142346006
-0.0005751945359879773
0.12033580877058858
0.1197606142346006
0.0005751945359879773
4.8912875397076405
5.382009033079042
9.400024774103455
====================
600
4
0.08042374356876113
0.08396282561410684
-0.0035390820453457122
0.08042374356876113
0.08396282561410684
0.0035390820453457122
9.55932218180333
6.737127050293228
8.641499486937612
====================
650
4
0.19163729524456596
0.19484768169607136
-0.003210386451505398
0.19163729524456596
0.19484768169607136
0.003210386451505398
3.7979571281621625
10.487949504193764
9.421155718172516
====================
700
4
0.10125921767439428
0.1089501019840644
-0.007690884309670132
0.10125921767439428
0.1089501019840644
0.007690884309670132
8.346269833723335
9.52643985362403
5.816464908722286
====================
750
4
0.2679126600944529
0.27302442219684486
-0.005111762102391948
0.2679126600944529
0.27302442219684486
0.005111762102391948
7.704859362746763
16.373204790152904
9.206360634658802
====================
800
4
0.21327581548514057
0.20200956474407786
0.01126625074106273
0.21327581548514057
0.20200956474407786
0.01126625074106273
17.49040586801423
17.450839399216438
5.411109315543191
====================
850
4
0.3622041820010624
0.357958130642414
0.004246051358648417
0.3622041820010624
0.357958130642414
0.004246051358648417
12.77690430384898
18.592503838324983
5.8593513395588435
====================
900
4
0.26646112582853254
0.28374637293648286
-0.01728524710795032
0.26646112582853254
0.28374637293648286
0.01728524710795032
18.01514456573479
21.120160535428152
5.957790537874888
====================
950
4
0.48904398022920126
0.4889276451622695
0.00011633506693176088
0.48904398022920126
0.4889276451622695
0.00011633506693176088
21.308115075330925
33.31944848293549
12.011399634339305
====================
1000
4
0.39717710917044796
0.39027953743536714
0.0068975717350808485
0.39717710917044796
0.39027953743536714
0.0068975717350808485
33.47311172455665
37.44134527663815
6.5631071299646715
