====================
0
3
0.0
-1.0718788395160487e-08
1.0718788395160487e-08
0.0
1.0718788395160487e-08
1.0718788395160487e-08
0.0
6.089800040070224e-08
6.089800040070224e-08
====================
50
3
-0.0033010029890074843
-0.004976094261052388
0.001675091272044904
0.0033010029890074843
0.004976094261052388
0.001675091272044904
0.07734595498041609
0.06906171777830326
0.013208171380424637
====================
100
3
-0.0632789820021844
-0.06518837260759991
0.0019093906054155063
0.0632789820021844
0.06518837260759991
0.0019093906054155063
1.135974911608364
1.182220450945773
0.04670934385882373
====================
150
3
-0.03244556027392309
-0.025839633213430746
-0.006605927060492345
0.03244556027392309
0.025839633213430746
0.006605927060492345
2.1674114657664845
1.5959537797956014
0.5975488678293435
====================
200
3
0.2406672702268608
0.23988420062969354
0.0007830695971672713
0.2406672702268608
0.23988420062969354
0.0007830695971672713
2.1118419077157955
1.0285666773504842
1.0926622214699897
====================
250
3
0.2047133639597798
0.20665053207776318
-0.00193716811798339
0.2047133639597798
0.20665053207776318
0.00193716811798339
1.872987200352656
1.4683971500182487
0.7106114833588956
====================
300
3
0.11944936378709858
0.12302826120552002
-0.003578897418421434
0.11944936378709858
0.12302826120552002
0.003578897418421434
4.047888709841273
2.353000385246507
1.8952869766164382
====================
350
3
0.049207684998973766
0.05298414617592284
-0.0037764611769490752
0.049207684998973766
0.05298414617592284
0.0037764611769490752
4.139040792152744
3.2721774640285313
1.014416174652718
====================
400
3
0.1961055083698084
0.19193773462171926
0.004167773748089132
0.1961055083698084
0.19193773462171926
0.004167773748089132
2.627616111024073
2.180659503547855
0.7217049896070751
====================
450
3
0.38141562926733596
0.42171737291219447
-0.0403017436448585
0.38141562926733596
0.42171737291219447
0.0403017436448585
6.243470413925706
4.465992961936178
1.9120754172069003
====================
500
3
0.8917995046942211
0.8862329699446525
0.005566534749568586
0.8917995046942211
0.8862329699446525
0.005566534749568586
11.671665846165318
9.85912697073662
2.9396489831096115
====================
550
3
5.2225407540636635
5.220852558714199
0.0016881953494640722
5.2225407540636635
5.220852558714199
0.0016881953494640722
16.368159101945665
7.48704038724172
9.20723579579829
====================
600
3
5.082281694590836
5.06718943509552
0.015092259495316
5.082281694590836
5.06718943509552
0.015092259495316
13.23582534156755
6.099047780489223
7.584375132215096
====================
650
3
5.696962870780689
5.7065059785770345
-0.009543107796345485
5.696962870780689
5.7065059785770345
0.009543107796345485
4.569210410832187
5.843187456097768
1.297894773595735
====================
700
3
5.5058221422371325
5.506227345072043
-0.000405202834910412
5.5058221422371325
5.506227345072043
0.000405202834910412
14.77298053403653
16.091640684915564
1.6867558079059461
====================
750
3
5.475703100805321
5.847107011982301
-0.37140391117698
5.475703100805321
5.847107011982301
0.37140391117698
22.077567285438892
10.58718719056252
13.752566488374804
====================
800
3
5.939942342677198
5.936748475817663
0.003193866859534194
5.939942342677198
5.936748475817663
0.003193866859534194
19.6148565771774
11.650822928798776
9.263217428442783
====================
850
3
6.003968473710685
6.004730288004186
-0.0007618142935017502
6.003968473710685
6.004730288004186
0.0007618142935017502
19.263158381292197
11.643305339829164
7.913608556246579
====================
900
3
6.054177386182042
6.058300118891834
-0.00412273270979302
6.054177386182042
6.058300118891834
0.00412273270979302
18.28374785073736
10.648016231430823
7.770647581625792
====================
950
3
6.106557647539681
6.118216839182932
-0.01165919164325202
6.106557647539681
6.118216839182932
0.01165919164325202
20.507980058634274
13.904956863365422
6.991706694212795
====================
1000
3
6.953796130866455
6.9267462093678756
0.027049921498578995
6.953796130866455
6.9267462093678756
0.027049921498578995
12.516343648363781
10.204371766374805
20.68046869689976
