====================
0
0
0.0
-1.2858406511343744e-08
1.2858406511343744e-08
0.0
1.2858406511343744e-08
1.2858406511343744e-08
0.0
1.7639732884318118e-07
1.7639732884318118e-07
====================
50
0
0.013188264108160208
0.014099246470722582
-0.0009109823625623736
0.013188264108160208
0.014099246470722582
0.0009109823625623736
0.29461355207735485
0.27861417273853606
0.023063998757305325
====================
100
0
-0.16154747620131715
-0.16049471903676338
-0.0010527571645537748
0.16154747620131715
0.16049471903676338
0.0010527571645537748
0.4221931872623096
0.5831569970661417
0.3757707162480981
====================
150
0
-0.08716871883920496
-0.08555528840661708
-0.0016134304325878812
0.08716871883920496
0.08555528840661708
0.0016134304325878812
1.055672057148
0.9997050565997515
0.42406008766494346
====================
200
0
0.07324511446287409
0.06642691423750278
0.0068182002253713014
0.07324511446287409
0.06642691423750278
0.0068182002253713014
0.9530946393675058
0.7663117709791756
0.5892470351436698
====================
250
0
0.022255656880714847
0.01518679143249102
0.007068865448223827
0.022255656880714847
0.01518679143249102
0.007068865448223827
0.5689508373999029
0.29256351253300283
0.4686833225211118
====================
300
0
-0.012714304086066441
-0.019893922984574708
0.0071796188985082665
0.012714304086066441
0.019893922984574708
0.0071796188985082665
1.9067879739812037
1.5213927706266865
0.3896072147004322
====================
350
0
-0.053404159887751046
-0.043534538213662044
-0.009869621674089002
0.053404159887751046
0.043534538213662044
0.009869621674089002
1.4834149638034573
1.5865638935335005
1.2805570121181864
====================
400
0
0.14377636788484627
0.19074497845990387
-0.04696861057505762
0.14377636788484627
0.19074497845990387
0.04696861057505762
2.738739771801195
1.7118561328979511
1.9686455008514683
====================
450
0
-0.06093003653586382
-0.05092734917097186
-0.01000268736489196
0.06093003653586382
0.05092734917097186
0.01000268736489196
0.8107687508195116
0.8752178688053706
0.22716119602842108
====================
500
0
-0.09519448395239882
-0.09657888086457467
0.0013843969121758448
0.09519448395239882
0.09657888086457467
0.0013843969121758448
3.6725785901354704
3.237255446242468
2.3670241151482374
====================
550
0
0.458030097925325
0.4535083181682805
0.004521779757044486
0.458030097925325
0.4535083181682805
0.004521779757044486
4.4152034759320875
7.3745264323585245
2.9705972352240075
====================
600
0
0.31037505999155146
0.3137131116919875
-0.003338051700436044
0.31037505999155146
0.3137131116919875
0.003338051700436044
8.392793630131345
8.88279525832814
1.2706804813207873
====================
650
0
0.16643533061088256
0.22710178276488446
-0.060666452154001904
0.16643533061088256
0.22710178276488446
0.060666452154001904
12.587334541186623
13.142167828135214
1.4446960011306158
====================
700
0
0.2523742762535206
0.24196377821200077
0.010410498041519833
0.2523742762535206
0.24196377821200077
0.010410498041519833
14.152588521750774
13.30587377643455
2.6786023300100292
====================
750
0
0.4340067872274328
0.42505760338582366
0.008949183841609143
0.4340067872274328
0.42505760338582366
0.008949183841609143
19.216691068083396
21.596288243259835
2.61205290960543
====================
800
0
0.5112929244418094
0.5153399350462338
-0.004047010604424424
0.5112929244418094
0.5153399350462338
0.004047010604424424
25.307466789782666
25.333172971681112
1.2774149154231902
====================
850
0
0.6474077473246067
0.6318683514821648
0.015539395842441905
0.6474077473246067
0.6318683514821648
0.015539395842441905
28.056302554207313
26.7820530016321
1.3612163329704483
====================
900
0
0.41594950619754867
0.4195621473701032
-0.0036126411725545537
0.41594950619754867
0.4195621473701032
0.0036126411725545537
32.2603852732139
31.481820354906493
2.3076557410697918
====================
950
0
0.31092395412630036
0.3099983484319938
0.0009256056943065527
0.31092395412630036
0.3099983484319938
0.0009256056943065527
35.675876858961615
33.983755214094934
1.695425565479481
====================
1000
0
0.3876416375680479
0.38387492426077513
0.003766713307272785
0.3876416375680479
0.38387492426077513
0.003766713307272785
35.85481849486705
34.99945989806073
1.2752830950033782
