====================
0
2
0.0
-1.1930920910082245e-08
0.0
1.1930920910082245e-08
0.0
1.462899144629925e-07
====================
50
2
-0.007430511040082521
-0.015328995730250039
0.007430511040082521
0.015328995730250039
0.27344401440021193
0.30890040128750573
====================
100
2
-0.039242246095610334
-0.05446879331922938
0.039242246095610334
0.05446879331922938
0.6486619265881649
0.6382434508665735
====================
150
2
-0.11066723647579235
-0.08410912175455065
0.11066723647579235
0.08410912175455065
0.7242834925674915
0.490255716900702
====================
200
2
-0.10635453689239321
-0.08636145726835094
0.10635453689239321
0.08636145726835094
2.0195120746559265
1.7935633998427187
====================
250
2
-0.09054481412042503
-0.004069838773739454
0.09054481412042503
0.004069838773739454
3.132575396959662
1.3525431948302247
====================
300
2
-0.1243322789232768
-0.02622744558661294
0.1243322789232768
0.02622744558661294
3.3564804128502295
1.457826229551606
====================
350
2
-0.21437836154739753
-0.08981309965371786
0.21437836154739753
0.08981309965371786
5.217378719346505
1.8120177123028618
====================
400
2
-0.17822774482200654
-0.030430231124287804
0.17822774482200654
0.030430231124287804
7.579109429457778
2.6405819002318105
====================
450
2
-0.1247267273420789
0.05003273041871559
0.1247267273420789
0.05003273041871559
9.1452484501801
2.514273441564699
====================
500
2
-0.19378796258482867
-0.029127311627181296
0.19378796258482867
0.029127311627181296
9.951360392310034
2.781553437489159
====================
550
2
-0.1648898973554671
-0.016713571977924335
0.1648898973554671
0.016713571977924335
11.686037173405586
2.45559171466984
====================
600
2
-0.16440550080827981
0.0020683061811416215
0.16440550080827981
0.0020683061811416215
13.720400248512691
3.004182841327022
====================
650
2
-0.15600982405360808
-0.011500507617998146
0.15600982405360808
0.011500507617998146
15.447667359050097
3.16172173483324
====================
700
2
-0.20173280136439908
-0.06913410773190476
0.20173280136439908
0.06913410773190476
16.868241510181313
3.634802070002219
====================
750
2
-0.206664327812915
-0.04627746953066625
0.206664327812915
0.04627746953066625
19.246430847360887
3.9203490059960333
====================
800
2
-0.11967719222171867
0.023731609107037963
0.11967719222171867
0.023731609107037963
20.750584384817575
4.866220587912755
====================
850
2
-0.10532086436958643
0.038490254436409854
0.10532086436958643
0.038490254436409854
21.260526049303543
4.600934577628706
====================
900
2
-0.18038494367071234
0.02897089669025954
0.18038494367071234
0.02897089669025954
22.581074078535625
5.512880805209595
====================
950
2
-0.2844752882863759
-0.08129103671543203
0.2844752882863759
0.08129103671543203
25.216995653318275
5.77734299552428
====================
1000
2
-0.20428860050998615
0.024371828601561646
0.20428860050998615
0.024371828601561646
28.392497296731293
6.590614585592279
