====================
0
0
0.0
-9.613941956365466e-09
0.0
9.613941956365466e-09
0.0
1.7422864928164014e-07
====================
50
0
-0.02046415282711056
-0.02066484288254089
0.02046415282711056
0.02066484288254089
0.20918967343958397
0.20620590943471598
====================
100
0
-0.08753979168827764
-0.08773738482364601
0.08753979168827764
0.08773738482364601
0.21818075046015006
0.22099330223281818
====================
150
0
-0.06490448407646054
-0.06467541038233549
0.06490448407646054
0.06467541038233549
1.1631415654916197
1.1648317571905178
====================
200
0
0.007133293696868007
0.007593934915275959
0.007133293696868007
0.007593934915275959
1.6309839934469992
1.6275424022122809
====================
250
0
-0.003074705941995548
-0.0024256377033897714
0.003074705941995548
0.0024256377033897714
1.3711088150811694
1.3611502865956489
====================
300
0
-0.06844188722015376
-0.06803539277858928
0.06844188722015376
0.06803539277858928
1.5404252856870058
1.5375137918435173
====================
350
0
-0.04255979072843097
-0.04121594153908603
0.04255979072843097
0.04121594153908603
2.209192115467749
2.183393479151547
====================
400
0
0.029486889151021906
0.031207471093928553
0.029486889151021906
0.031207471093928553
2.5731392170238925
2.5171579224935487
====================
450
0
0.012675274245804502
0.012295324775435157
0.012675274245804502
0.012295324775435157
2.113968843033325
2.170770519115277
====================
500
0
-0.05989538525703031
-0.060966807982884674
0.05989538525703031
0.060966807982884674
2.200520708112382
2.304120069122295
====================
550
0
-0.036003882338469406
-0.03616514394738335
0.036003882338469406
0.03616514394738335
2.763348262549595
2.847710325588654
====================
600
0
0.04750186660817883
0.05271206550500838
0.04750186660817883
0.05271206550500838
3.0642155334279675
2.7325376277417006
====================
650
0
0.03384433824925481
0.032638562987449715
0.03384433824925481
0.032638562987449715
2.314474861517671
2.4257466522615956
====================
700
0
-0.04047658361374529
-0.03941223056741494
0.04047658361374529
0.03941223056741494
2.260280057923027
2.2161364903351175
====================
750
0
-0.016697988584607026
-0.015064682502428095
0.016697988584607026
0.015064682502428095
2.647127679353705
2.5666853453866008
====================
800
0
0.053948686271021284
0.051522489776377446
0.053948686271021284
0.051522489776377446
2.832364409473546
3.101445798028994
====================
850
0
0.04198340372293563
0.03769527851242915
0.04198340372293563
0.03769527851242915
2.1023423535502195
2.548917648082497
====================
900
0
-0.03168139239497014
-0.03371128028519843
0.03168139239497014
0.03371128028519843
2.1714003981907277
2.382306129992723
====================
950
0
-0.010856553922767187
-0.011935227345486465
0.010856553922767187
0.011935227345486465
2.480135014914889
2.6650154550043075
====================
1000
0
0.06267303272545345
0.05921457544960586
0.06267303272545345
0.05921457544960586
2.5997166980362136
2.988690315980384
