====================
0
4
0.0
-9.105776265788176e-09
0.0
9.105776265788176e-09
0.0
1.4425856350872224e-07
====================
50
4
0.04341303478740821
0.03437782775221088
0.04341303478740821
0.03437782775221088
0.6711708582049223
0.5912074753520888
====================
100
4
0.09706235202347546
0.05816646394561431
0.09706235202347546
0.05816646394561431
1.3022848803673386
0.7405109631973865
====================
150
4
0.07172718090571784
0.02901645190288371
0.07172718090571784
0.02901645190288371
1.69075639784247
0.783399366543903
====================
200
4
0.1355505793474715
0.04943270952179549
0.1355505793474715
0.04943270952179549
2.3671115162009113
1.0203370533130434
====================
250
4
0.12112930243090592
0.006240004681688838
0.12112930243090592
0.006240004681688838
3.743911654002756
0.9795963770095909
====================
300
4
0.11382712699790565
-0.01567019450228857
0.11382712699790565
0.01567019450228857
4.989820093270156
1.3375489774135454
====================
350
4
0.07511223127068023
-0.043316941539154996
0.07511223127068023
0.043316941539154996
5.734552490847823
1.4497366361155233
====================
400
4
0.10159317729137017
-0.020258446246523537
0.10159317729137017
0.020258446246523537
5.731840825787234
2.0541914383882354
====================
450
4
0.10394036933025874
-0.03062505953147099
0.10394036933025874
0.03062505953147099
6.977304913532897
1.9821295204814577
====================
500
4
0.010807503045539235
-0.10838611267698273
0.010807503045539235
0.10838611267698273
7.958332732914125
2.692176958745775
====================
550
4
-0.04334590873521127
-0.11841129181999532
0.04334590873521127
0.11841129181999532
7.261028646511795
3.511908713379234
====================
600
4
-0.009900865456727782
-0.049423979915103576
0.009900865456727782
0.049423979915103576
6.852171345322698
4.102490381169639
====================
650
4
0.004097022867526778
-0.025068494089986126
0.004097022867526778
0.025068494089986126
7.026647716740774
4.3142205338343205
====================
700
4
-0.08156481299506968
-0.08858656556124789
0.08156481299506968
0.08858656556124789
6.811056881544049
4.5384844802007835
====================
750
4
-0.13550073681996344
-0.10820914922010183
0.13550073681996344
0.10820914922010183
5.248396593316655
4.253506912018594
====================
800
4
-0.1300787970259467
-0.044998882471411546
0.1300787970259467
0.044998882471411546
4.440520975870702
4.386676535846699
====================
850
4
-0.09843527170060495
-0.038240884406451014
0.09843527170060495
0.038240884406451014
3.6482620589119916
4.481409157822262
====================
900
4
-0.15655408510248714
-0.029117914954201574
0.15655408510248714
0.029117914954201574
2.5405308661655033
4.272360715849812
====================
950
4
-0.1736608280535059
-0.02687169919811283
0.1736608280535059
0.02687169919811283
0.5547216896534131
4.457431810710763
====================
1000
4
-0.13831742924909965
0.0007389441741690594
0.13831742924909965
0.0007389441741690594
2.9757543619238485
5.475345503182206
