====================
0
3
0.0
-1.142402826571755e-08
0.0
1.142402826571755e-08
0.0
9.59056551696142e-08
====================
50
3
0.028995931061709834
0.012240670707839074
0.028995931061709834
0.012240670707839074
0.43052973532311306
0.2982735132228343
====================
100
3
-0.013341508587997986
-0.010705787560798541
0.013341508587997986
0.010705787560798541
0.47438917621087157
0.5770030799486809
====================
150
3
0.016390268826232957
0.025836370485256666
0.016390268826232957
0.025836370485256666
0.8674646869487842
1.0850104164662007
====================
200
3
0.062161782649471115
0.06604182614877377
0.062161782649471115
0.06604182614877377
0.63004824396878
0.8912360868863557
====================
250
3
0.10809428396748721
0.08707686822294614
0.10809428396748721
0.08707686822294614
0.9577017513982278
0.9039845812105202
====================
300
3
0.015445075135341213
-0.02452779411260586
0.015445075135341213
0.02452779411260586
1.7953614480097706
1.2392224152426279
====================
350
3
0.014613351810241149
-0.02115227982236667
0.014613351810241149
0.02115227982236667
1.778581446454925
1.351135789672249
====================
400
3
0.08684354053139123
0.06546934654100767
0.08684354053139123
0.06546934654100767
2.2708087432674677
2.061361366341735
====================
450
3
0.15731243654568083
0.10502669098295847
0.15731243654568083
0.10502669098295847
2.798196739683028
1.5540642420648147
====================
500
3
0.08539505027719674
0.024135031877263735
0.08539505027719674
0.024135031877263735
4.64670646225326
2.3335783722755616
====================
550
3
0.14319089745058
0.044031622489579814
0.14319089745058
0.044031622489579814
5.935276038367541
2.7153021592300624
====================
600
3
0.15805855957379283
0.075062874981679
0.15805855957379283
0.075062874981679
6.972752737932248
2.9232622408395263
====================
650
3
0.13143810231510566
-0.05474274549641733
0.13143810231510566
0.05474274549641733
8.81133537689421
4.14819495343337
====================
700
3
0.0411334405709316
-0.19121864474837524
0.0411334405709316
0.19121864474837524
10.234933156835671
4.6733800388611275
====================
750
3
-0.05640155414479442
-0.2163766849400739
0.05640155414479442
0.2163766849400739
9.905170157346891
3.9470239509750757
====================
800
3
-0.02693485628471949
-0.16005308450335684
0.02693485628471949
0.16005308450335684
9.375146485608374
6.106158383315814
====================
850
3
0.014206814082696528
-0.07088834372889385
0.014206814082696528
0.07088834372889385
9.791257099985827
6.2336075296496
====================
900
3
-0.023293012538902147
-0.056342522635835834
0.023293012538902147
0.056342522635835834
9.847692532723872
5.684132120185968
====================
950
3
-0.07617903407593829
-0.09668923366425686
0.07617903407593829
0.09668923366425686
9.137989042945506
5.713611431935355
====================
1000
3
0.010917411867585047
0.004508685707568273
0.010917411867585047
0.004508685707568273
9.617683041618857
6.728970657301004
