====================
0
1
0.0
-1.1984762095326406e-08
0.0
1.1984762095326406e-08
0.0
1.6038931630369088e-07
====================
50
1
-0.0003616344149581785
0.0005846514831961969
0.0003616344149581785
0.0005846514831961969
0.3964336497613261
0.4218254767421316
====================
100
1
-0.05998264558549149
-0.06416944695696447
0.05998264558549149
0.06416944695696447
0.6458685744922757
0.6095442190759045
====================
150
1
-0.023278177582376047
-0.029696289385674035
0.023278177582376047
0.029696289385674035
0.2082906825091785
0.3557216421003797
====================
200
1
-0.010696394074504583
0.004490099069849611
0.010696394074504583
0.004490099069849611
1.1926287643838227
1.445975065030532
====================
250
1
0.05059839803944155
0.05912394955884914
0.05059839803944155
0.05912394955884914
1.8436197954240705
1.9929613481999315
====================
300
1
-0.010808443883442376
-0.04146125602127615
0.010808443883442376
0.04146125602127615
2.7763992008812868
2.986777547224465
====================
350
1
-0.0013962440924666364
-0.015314907303380476
0.0013962440924666364
0.015314907303380476
2.3724826867230515
2.8151434698336524
====================
400
1
0.029830042847205286
0.06808278544945437
0.029830042847205286
0.06808278544945437
2.692022775923975
3.1439288565976753
====================
450
1
0.076246542735938
0.11347349760505132
0.076246542735938
0.11347349760505132
2.6377410651541564
2.702440835950987
====================
500
1
0.021410860578072732
-0.0067726157400791465
0.021410860578072732
0.0067726157400791465
3.468325700266798
3.517645889230527
====================
550
1
0.00833874292679071
-0.033807544011364765
0.00833874292679071
0.033807544011364765
3.536165708646343
3.566812635819635
====================
600
1
0.1362386831266394
0.1502945275925961
0.1362386831266394
0.1502945275925961
3.944984433720184
3.431428548873343
====================
650
1
0.08913160622678862
0.09362868500418697
0.08913160622678862
0.09362868500418697
3.9770737557544042
2.3011929877689816
====================
700
1
0.0018447674226473865
-0.04639630879072465
0.0018447674226473865
0.04639630879072465
5.057292257611909
3.802601669265911
====================
750
1
-0.004079577054490358
-0.06283352755364624
0.004079577054490358
0.06283352755364624
4.806793366637136
3.53294492565838
====================
800
1
0.17345750957351158
0.09573983167720064
0.17345750957351158
0.09573983167720064
5.398694211063824
3.3416842342523037
====================
850
1
0.13695625594927296
0.006019340497309678
0.13695625594927296
0.006019340497309678
6.829227317293484
4.093864386957545
====================
900
1
-0.01551485505150696
-0.13338206384043305
0.01551485505150696
0.13338206384043305
8.399463713409878
3.763575618140268
====================
950
1
0.00021527874372373468
-0.07501704420380384
0.00021527874372373468
0.07501704420380384
8.082979427472466
3.018671355194841
====================
1000
1
0.10746777566363146
0.047084717262462425
0.10746777566363146
0.047084717262462425
8.121088745001142
4.538414557184728
