====================
0
1
0.0
0.0
-1.7640504945681812e-07
-1.141673943230269e-07
0.0
0.0
-2.459845660496285e-10
-5.172873400831464e-11
0.0
0.0
-1.2858465326031572e-08
-0.018248931529800897
====================
50
1
-0.14185420085520128
-0.012860272418598816
-0.16566486065397967
-0.015018908325274834
0.4364444882743044
0.03915081680835488
0.1483384190385184
0.013306549688325934
-0.03506428237574055
-0.028400319406545412
-0.06044769412653328
-0.048959616574683916
====================
100
1
-0.5286999058811688
-0.02473710808913974
-1.1874187757687018
-0.05555761647868789
0.601365149881147
0.03519721401372623
-0.09582097211191254
-0.0056082918391477145
0.1675329642558952
-0.8701686567063285
0.10803853928744742
-0.5611537467974091
====================
150
1
-1.9424190997640167
-0.060214162763167864
-3.1480221516582354
-0.09758734263117361
2.72374463987261
0.12498704004190511
1.2305145618765394
0.05646578264569014
0.18338424607687176
0.18046159546671417
0.12475230011544958
0.12276408469427243
====================
200
1
-2.2683951888900467
-0.05332386156459943
-4.2878838045337275
-0.10079659995660806
3.782912281197113
0.1409652218335761
2.374866165794753
0.08849624601402908
0.08526149944514662
-0.7732919625335692
0.11239505887669421
-1.0193838511337885
====================
250
1
-3.4570423699032204
-0.06498119768459001
-5.8466593119552925
-0.10989825518258019
4.558305660929953
0.13859498866893988
2.23461500986496
0.06794332478100931
0.07318461673427179
0.06497242422810383
0.05565792629660771
0.04941243884804385
====================
300
1
-2.825169386989394
-0.045185168790440475
-6.685695974142206
-0.10692962427824793
4.591920400454946
0.11786691669898128
2.827574768794932
0.072579115199966
0.012078029134459406
-0.32577843108925064
0.15043106327392758
-4.057549061597077
====================
350
1
-3.307605144871232
-0.04563551996109735
-8.634477729497412
-0.11913117301474929
5.605054899088088
0.12518439426170885
4.842886887539628
0.10816198456740449
0.006947815999830631
0.005825616700324411
0.17181751491705466
0.14406584519990637
====================
400
1
-4.567981630589173
-0.05457916810425897
-10.20311835988646
-0.1219089210917139
5.812217008116569
0.11470734585229488
5.444049581231155
0.10744135624655239
0.09170471548276476
-0.785808806385432
0.1775987905088488
-1.5218267986610123
====================
450
1
-7.004493650372723
-0.07326634309360415
-10.886891405456822
-0.11387585752077393
6.692225389642672
0.11819760050548361
4.03510687959416
0.07126776568065724
0.03235453627623208
0.02771919106359885
-0.09682958883357218
-0.08295708059519376
====================
500
1
-8.532594302523009
-0.07967928205195686
-11.676211815909141
-0.10903508846109317
6.678912955760779
0.10646229325784916
3.773153563182092
0.06014430548969983
0.17821726740397342
-0.8769947618168696
0.147137401329402
-0.7240529052705871
