====================
0
2
0.0
0.0
-1.0116748772048823e-08
-6.547448431589728e-09
0.0
-0.0
-8.189893208054855e-11
1.7222732632130755e-11
0.0
0.0
-1.1323614224672954e-08
-0.016000811356583846
====================
50
2
0.2200151517058071
0.02062277933346269
0.19794909399232807
0.01855445160486599
-1.0743021584931518
-0.3412691443818618
-1.1412468719381237
-0.36253519592763844
-0.08367450814717325
-0.06520493675733471
-0.09716959567062577
-0.07572123793419613
====================
100
2
-1.332029189608516
-0.06006605087626607
-2.4207583205906467
-0.10916081537708414
-3.45078024354304
-0.29678577797908884
-0.2897367235888364
-0.024918926402318877
0.029156684131374143
-0.538413044923026
0.19463568407833268
-3.5941806977470008
====================
150
2
-1.2337392033008605
-0.039104466348848586
-3.655183137929839
-0.11585429532727606
-3.5204250166144604
-0.1900279580688309
0.6408888686888119
0.03459434656077366
-0.1378978261449728
-0.1031029124348156
0.0014195265105689803
0.0010613460821654042
====================
200
2
-0.5879201780156222
-0.014388828425509313
-5.153958600488664
-0.12613859633958494
-5.302331099142407
-0.20076626571815445
1.6834126536425877
0.06374035604626323
-0.10695961202924116
-1.3049697013451473
0.1594244140805261
1.945070911185739
====================
250
2
-0.1963424693626905
-0.003931570750497376
-6.101323463138272
-0.1221731851741496
-5.58081443269765
-0.1665022187886821
2.8694583526362862
0.08560958050072874
-0.21007749642180262
-0.1490273663799679
-0.011590631474355018
-0.008222305162261183
====================
300
2
1.4221784394383121
0.02440380466628793
-6.602111418586546
-0.11328862326719565
-7.258217977239987
-0.17575187306828735
2.505720772913186
0.06067400023071093
-0.04149263318626703
-2.5152671418419525
0.14581170489014111
8.839048333223495
====================
350
2
2.416584797002713
0.036201048517905225
-8.684408746159882
-0.13009462889900875
-7.405297074546013
-0.15340077409725675
4.213667430298209
0.08728614653663581
-0.08480908930667552
-0.06603069986935639
0.13021590024517926
0.10138355567309099
====================
400
2
3.510108205035067
0.04641986593811122
-9.685240210352958
-0.1280836731751114
-9.426212124523595
-0.16713784000573675
4.563319508768764
0.08091302804096384
-0.08899136463273517
-1.3905977545643509
0.110746535108629
1.730548617648591
====================
450
2
2.376154126636308
0.027558397450272654
-11.009771807585338
-0.127690230153443
-10.221462265642351
-0.15965524028456674
4.363970689184669
0.06816351426728078
-0.024177589075518258
-0.019756850232441146
0.09340543003000712
0.07632676220261446
====================
500
2
2.4373656459274287
0.025358379247057243
-10.757529155634003
-0.11192145279706008
-9.814714085080496
-0.140777175233604
3.752864470542974
0.05382914414192655
0.14627674919950284
-0.8540557451948558
0.07740228377280771
-0.4519232585433589
