====================
0
0
0.0
0.0
2.8184420131083243e-08
5.63682330764101e-09
0.0
-0.0
-2.421183215719434e-10
0.000259805634370435
0.0
0.0
-1.1029772531606223e-08
-0.015739115660875533
====================
50
0
-0.04188647701176684
-0.0029122314152977575
-0.13720706209998035
-0.009539563724493291
0.2899469104159671
0.04431885858697519
0.014548937173611165
0.0022238287977030696
-0.05995972655457393
-0.04759114201900468
-0.05187698869767465
-0.0411757237482098
====================
100
0
0.33170488662145914
0.013842561095746928
-1.424143477760257
-0.05943172348408361
-0.40178449553632234
-0.030118158084686722
0.5783314261323298
0.043352288381225436
0.06098802775661444
-0.7122175541666329
0.19636560261204006
-2.2931554660682765
====================
150
0
-0.5017695764019763
-0.014643456409858925
-2.860541539000657
-0.08348097872994499
0.00874548934664432
0.00044253855177462276
1.04837995048182
0.053050038323332285
-0.061087975695744756
-0.0484432726530866
0.04645397500498949
0.03683838842843064
====================
200
0
-0.1603741413809061
-0.003655024780095532
-3.946574986594257
-0.08994485799457318
-0.2324981258324783
-0.008904702025794842
2.44232802026567
0.09354141325588763
0.08716384199298363
-0.7795920513218483
0.2076305191208257
-1.8570441437339862
====================
250
0
-1.3792510117030972
-0.02527664321056361
-6.257322402902652
-0.11467390959991834
0.5602053170105634
0.017425150241473043
2.74033473872894
0.08523793524326573
0.11237904504747509
0.10333194045479734
0.2472974393898153
0.22738869395853067
====================
300
0
-2.202100715528964
-0.033700946890749935
-7.713458674119174
-0.11804676293293072
1.4039827987810014
0.037527894461471534
3.4292179252271495
0.09166161330113605
0.17112238598660173
-0.8741190598288391
0.28844653064483883
-1.4734285565530763
====================
350
0
-3.882876963076143
-0.05076133440077164
-9.291090415560888
-0.12146358280651037
3.418207852781954
0.08094295256185055
4.557634262289106
0.10792450014018043
0.12586329042694144
0.11718355600716555
0.19639278460209808
0.1828492231194437
====================
400
0
-3.9285378754584457
-0.045420932922846435
-10.47739180856253
-0.12113741183863842
3.5084360339682945
0.07271993685459438
5.315559293523428
0.11017648103866476
-0.043895544065915795
-2.2800044084589604
0.08276826987173379
4.299115643826953
====================
450
0
-2.4306883294451467
-0.025731488014566477
-9.903226637139099
-0.10483645905242366
2.8082484442681874
0.05034652108139009
4.8358435391665395
0.0866974213723453
-0.20633953894592527
-0.1467280027122686
-0.1502085889770588
-0.10681329600434855
====================
500
0
-1.013265068791526
-0.009837575102251346
-9.97998370378464
-0.09689353973518429
0.4476580209130958
0.006967955955135482
3.313989194199465
0.05158341783729507
-0.15325760488859153
-1.1916048211212407
0.018569091589326292
0.14437795160486827
