====================
0
4
0.0
-0.0
4.484042559482759e-08
-1.1085296121731335e-08
0.0
-0.0
-2.7721958062443264e-10
9.432667423525793e-11
0.0
0.0
-1.081403865704564e-08
-0.015570408582200618
====================
50
4
0.2019211373128984
0.03961984845613343
0.0870789090846209
0.017086141785700594
0.036200589489766344
0.009393458210006887
-0.20436554618328717
-0.05302950158258131
-0.0931276325844379
-0.07204077367720461
-0.10296560789026254
-0.07965113950290342
====================
100
4
-0.7002169642084191
-0.04388951727568634
-1.6511248706830433
-0.10349231344042249
0.15248079615028587
0.015495600824881555
0.6428985297530243
0.06533346650510276
0.13809840321137934
-0.8467372386054997
0.2024588149111156
-1.241356988080324
====================
150
4
-0.3061334059593399
-0.012229661139721409
-2.4992822155130483
-0.09984331664972358
2.0522691041973538
0.13895336032424663
1.714719041528646
0.11609879637376455
0.05378716635017322
0.04694320066000467
0.0965520265699924
0.08426659117711002
====================
200
4
0.2822199168390185
0.008204265355243169
-3.8757257982841864
-0.11266916683071229
2.6075919034741055
0.12834599102226313
2.883252644788879
0.14191404627770376
0.034423710076310815
-0.5793280669074489
0.09271099974493725
-1.5602642522908323
====================
250
4
-0.3092580098041324
-0.006955449473503551
-5.492158176390689
-0.12352284333902606
2.465164355322379
0.09033768412254747
3.470242232844541
0.12716947086411898
-0.011752288080721707
-0.009701955126419543
0.076773243765204
0.06337919567692703
====================
300
4
-0.07984229983431845
-0.0014734108142567166
-6.5101206297335565
-0.12013784870763734
2.4914662425283964
0.07467358201934916
3.7957386056525237
0.11376489604995048
0.12516096601160043
-0.8335322388875763
0.2096855247662191
-1.3964389257310754
====================
350
4
-2.223427785262409
-0.033788443301894115
-8.080538597080825
-0.12279635167193415
5.460264709719915
0.14668285342037118
5.108102780924298
0.13722248486171712
0.21218954104728094
0.21489939963283844
0.1632762712314555
0.16536146168537982
====================
400
4
-2.948421763860935
-0.03854908992288578
-8.738367967844994
-0.11424964253777956
6.540115107863507
0.1548034864486295
5.334095900569629
0.12625720325116244
0.1872254848763215
-0.8822159258268037
0.12801924939877943
-0.6032331587048827
====================
450
4
-5.727693939109315
-0.064547449718692
-10.565711030041896
-0.11906881001394981
11.559795584103128
0.2623816500311746
5.9358896608399405
0.13473149350114652
0.5520114441475907
0.8524375369575424
0.30520303820989414
0.4713063993905902
====================
500
4
-7.828217310894658
-0.0776669109708544
-10.621337921873348
-0.105378590553616
16.381129300815992
0.36130661250861434
4.503259941224904
0.09932511762352449
0.4125223783556958
-0.9428679256883976
-0.032920772228791084
0.07524425789249278
