====================
0
3
0.0
-0.0
-1.3360775241721967e-07
3.3030050236823796e-08
0.0
0.0
-2.7266722213425965e-10
-9.27777485736751e-11
0.0
0.0
-1.246608968756926e-08
-0.018020778934690194
====================
50
3
-0.42462156037324483
-0.07419553530838192
-0.5303251704048471
-0.09266547810504389
-0.06725620688216516
-0.006838368070429519
-0.09473021947249194
-0.009631826387123411
-0.11678365323133888
-0.08871688648440001
-0.07607659528486721
-0.05779300853551341
====================
100
3
-0.1852187596790511
-0.011996745369690965
-1.6284427219761195
-0.10547534557798659
-1.2627042184434067
-0.07369879654914896
0.16500248249155547
0.009630509037374125
-0.05571049106866681
-1.813838825775336
0.07313807186274143
2.381251212154532
====================
150
3
-0.9063709436499536
-0.035360526430267554
-3.9288420660949193
-0.1532771153927795
-1.1275397829980278
-0.04732163780823837
1.139868196249676
0.04783904811645257
0.020426189488573332
0.01732275761630872
0.14350660875843269
0.12170308129430779
====================
200
3
-1.6398016879385935
-0.04514724381776182
-4.9952494017328455
-0.13752988811352343
-2.113252135940357
-0.06835553163181257
2.1472764928841634
0.06945608795813543
0.06802270167556966
-0.7312770471877776
0.265035001343416
-2.84925485771216
====================
250
3
-2.712788650438661
-0.057883662736001096
-5.949742659315689
-0.1269516139424053
-0.5713737225250455
-0.015782616028563134
2.3699848107926087
0.06546426408440058
0.05752964744153899
0.050374018304208824
0.04713829642113221
0.041275160066995414
====================
300
3
-2.5143804836010446
-0.04440540754654699
-6.749158300710086
-0.11919402289902
-0.8316997267243451
-0.01953916003563659
2.4911145202660947
0.058523868307954474
-0.027858850589157148
-9.732367233224952
0.04082400710360674
14.261687781861404
====================
350
3
-2.0038046561233855
-0.030552898953865742
-8.8435059195659
-0.13484085982769223
-1.5769318272962636
-0.031450558887192503
4.378237939916573
0.08732021750590031
-0.15649023988832766
-0.11539983427356611
0.0649551700896196
0.04789957424119521
====================
400
3
-0.778561527400953
-0.010476505725567438
-10.300923996564194
-0.13861163881151176
-2.8694551413346474
-0.04987296380843708
5.078113969216076
0.0882608654701028
-0.026010488769922093
-25.64800601439452
0.1967561051083558
194.0141076096766
====================
450
3
-1.4378272900764557
-0.017026525804134437
-10.36717667055315
-0.12276648406625218
-3.5832221296019426
-0.055060373196953304
4.069605816569137
0.06253422392478938
0.00778155251941115
0.006529254052062199
0.04971801681728527
0.04171681190289279
====================
500
3
-0.984821589826808
-0.010482536730274676
-10.751423735143192
-0.11443919931345678
-3.1607670772442873
-0.04466988888161161
3.705588536943864
0.05236963817358279
0.06461248857598628
-0.7210503498084796
-0.008796275171361306
0.09816302434880944
