====================
0
1
0.0
8.762463689531321e-09
0.0
8.762463689531321e-09
0.0
1.8419999743499066e-07
0.0
1.8419999743499066e-07
====================
50
1
0.07936091351182362
0.05775589746223697
0.04174637055378172
0.021605016049586645
0.709756461373317
2.892794773968767
0.48542291156125295
2.987411826707103
====================
100
1
0.08565034809769001
0.008031271454677302
0.06897043668206804
0.09368161955236731
1.38659476794823
4.079220832658918
0.9703100558050962
3.6092687565504677
====================
150
1
0.007077087472615817
0.09619978850766708
0.02884022331020586
0.1032768759802829
1.8093027104981623
6.555114545080902
1.5286564083607574
6.701672151747923
====================
200
1
0.016241892365516448
0.029285853474745067
0.017815303459063746
0.045527745840261515
1.6478079750363435
8.630877871537207
1.318963074065946
8.165047130820126
====================
250
1
0.044307790001973935
0.040797158464511485
0.01122748276651353
0.0035106315374624497
1.5297600854712103
10.176634688059442
0.9342723155670555
10.146850784460472
====================
300
1
0.02929066772969513
0.001352759791983793
0.019401673624113602
0.027937907937711337
1.9746428252700772
11.357492322694137
0.9293587567180283
11.20059098144569
====================
350
1
0.02536825078543581
0.02681896672189632
0.023927036313967864
0.0014507159364605116
1.5526938784798527
12.026172947626053
0.5041085541055274
12.191722640282391
====================
400
1
0.00014410485241781726
0.0016516873755129877
0.0035348254613653918
0.0015075825230951704
1.3704233875651766
13.657841061012572
0.46215201743663864
13.657419948977155
====================
450
1
0.07890615725979044
0.12766067719531482
0.04568170901882307
0.048754519935524376
2.0094389740940324
13.839373939790509
0.9965002711936751
14.010353575248434
====================
500
1
0.04736767292051258
0.1647166395593085
0.029347653733222234
0.1173489666387959
2.671303671381808
15.58994076239335
1.143363573740605
15.289847632926946
