====================
0
2
0.0
1.0994894240309586e-08
0.0
1.0994894240309586e-08
0.0
5.973987560087259e-08
0.0
5.973987560087259e-08
====================
50
2
0.027667853605262582
0.008482989848951572
0.0017476969624399263
0.01918486375631101
0.20815032602244427
2.5866135838347373
0.2107378532878803
2.756275220350756
====================
100
2
0.026539313986173152
0.025051302148861865
0.008789430854132974
0.05159061613503502
0.35616751014812625
4.464477010787248
0.060669629889395144
4.4137174499451275
====================
150
2
0.009463496382238867
0.018473006110670154
0.03447558689454411
0.02793650249290902
0.7041168078088692
6.9570129678402015
0.6034976074989119
7.569740980780639
====================
200
2
0.029310815514670015
0.003893131733292178
0.023876776633767197
0.025417683781377837
1.2783279743131564
8.732718760943271
1.2403304700919073
9.55736927745538
====================
250
2
0.09010373663627758
0.1230273061807785
0.053015761986051624
0.03292356954450093
2.0882325596454705
9.871160472627858
1.742835427294082
11.055053733654324
====================
300
2
0.0950039358292365
0.10785131598268016
0.08819047778321432
0.012847380153443666
2.8997096638997246
11.74432051185869
2.4375170147960024
12.89941183097908
====================
350
2
0.09342602386402743
0.05199386966044561
0.0934106680016138
0.04143215420358182
4.077561813908651
13.128104145966063
3.475652907134635
14.333565765979355
====================
400
2
0.09919973265584361
0.05962717685689425
0.062307524273551844
0.039572555798949374
5.515775871107376
13.39131616412109
4.590206442371536
15.211477836581262
====================
450
2
0.19175965077909662
0.11617596864335389
0.08003276608442977
0.07558368213574274
7.282368344125304
14.008523932783236
5.637425461350632
16.453239872035617
====================
500
2
0.20516304576625854
0.11312653475033008
0.11788523326917977
0.09203651101592847
9.354271812484491
15.699154219557055
6.8471022625553895
18.385875909187632
