====================
0
3
0.0
1.0662942109103451e-08
0.0
1.0662942109103451e-08
0.0
1.8297582333546214e-08
0.0
1.8297582333546214e-08
====================
50
3
0.025105132515482964
0.0073569159857898025
0.050305745880731
0.03246204850127277
0.4576097948943337
2.9425894216135595
0.09926254037555787
3.0979617776938615
====================
100
3
0.04561472252783316
0.14843978404152036
0.08563157909257102
0.1028250615136872
0.7093550507780441
3.832218226495177
0.9623512133956988
4.5126011164644915
====================
150
3
0.06668978168695672
0.1544820099303359
0.061968534784613505
0.08779222824337918
0.8183335507828238
6.410963930832222
1.3783207965041182
7.124543802491778
====================
200
3
0.011160764593303122
0.011162455476577121
0.042168374383497
1.6908832739998385e-06
1.1165549132035182
8.674167593753012
2.075291007365876
9.400525235430342
====================
250
3
0.0631080882554036
0.04631617773459484
0.0016252719163902807
0.01679191052080875
1.0907406412379592
10.21030332501825
2.101056835458184
11.274743873001977
====================
300
3
0.0005587696471618386
0.002491788861875399
0.05008192355741459
0.003050558509037238
0.6092874116942569
11.630798849800367
2.421664541909077
12.221474595661633
====================
350
3
0.05849505475544081
0.06261883075548003
0.060648642975196454
0.004123776000039214
1.1788318343858935
12.142286926776185
3.3172289695857544
13.141314744178546
====================
400
3
0.04552717149105682
0.048595651063665715
0.08040400884498143
0.09412282255472254
0.9458648142863487
13.535802242010437
3.4656351360014046
14.083563608130598
====================
450
3
0.02798666179386
0.13840393383311955
0.12027414055132746
0.16639059562697955
1.0776706411868235
14.12669521079274
4.1606392445329305
14.193279934267357
====================
500
3
0.022043354003627336
0.0747095661242767
0.07851032016517889
0.09675292012790404
1.2465935330428055
15.531602151881984
5.071238806949227
15.916375274006866
