====================
0
4
0.0
1.032988313507371e-08
0.0
1.032988313507371e-08
0.0
1.8827607225289038e-08
0.0
1.8827607225289038e-08
====================
50
4
0.028132922489939816
0.005304278457523681
0.04785801810514112
0.0334372009474635
0.2284708885195415
2.818025427198543
0.29055558100046813
2.6271257369722245
====================
100
4
0.0022097338923035004
0.05413180399384654
0.005825758410356485
0.05192207010154304
0.5344867950216248
4.42013300541771
0.7035069239297415
3.9617518241667673
====================
150
4
0.08843984342901678
0.12186092590214792
0.04449372968286558
0.033421082473131136
0.9927401478239386
6.879714199714327
0.8977619358903505
6.487595074856976
====================
200
4
0.029541031772307602
0.0034250339412126643
0.021672950413172607
0.026115997831094938
1.6377414756744506
8.758123965378633
1.2943333777920545
8.318902061981815
====================
250
4
0.04612831475495516
0.07247083534002674
0.01673551228225656
0.026342520585071583
1.3287805403866486
10.28486766975164
1.284232221557374
9.765350976022193
====================
300
4
0.03171594883030249
0.045328886244650146
0.005771300204505447
0.013612937414347659
0.9174040788993482
11.621398241228682
0.9905750443848856
11.205093950210042
====================
350
4
0.05699529312840812
0.027897809643037563
0.0010548562334966594
0.029097483485370557
1.4006972069614971
12.523639972510301
1.1732665658226633
12.34234114500365
====================
400
4
0.09353920486323784
0.04999608884457722
0.052906168193326907
0.14353529370781506
2.4980599132467325
13.913277322044992
1.7035918879046568
13.323887757951448
====================
450
4
0.0012470016677501583
0.1347872467150435
0.006136317045323247
0.13603424838279365
2.6446096669909034
15.015412502679313
1.820296851999069
14.616422390961281
====================
500
4
0.015907588280329676
0.16400472551210488
0.014522964340097033
0.17991231379243455
3.647991279326632
16.62657816594932
2.7363723283555816
15.807149979641945
