====================
0
0
0.0
1.25675621984782e-08
0.0
1.25675621984782e-08
0.0
1.4329526741419533e-07
0.0
1.4329526741419533e-07
====================
50
0
0.0429143888331176
0.0638985073624605
0.00283270380698486
0.0209841185293429
0.24376523421760604
2.709261608873093
0.09818775803474473
2.833059623582535
====================
100
0
0.06985207066844801
0.04619573153903378
0.04815886369692457
0.023656339129414228
0.8259039224928503
4.602817641859721
0.4523766854325554
4.739812178034697
====================
150
0
0.028683757653632513
0.0002702176649633792
0.037174755804308734
0.028953975318595893
1.1902359192244842
6.808199153960752
0.5992409884314576
7.088392135030204
====================
200
0
0.0708316758305638
0.044110622000790106
0.05857620875579455
0.026721053829773692
1.6736361622703055
8.551178438961633
1.114535797061896
9.05228518698813
====================
250
0
0.1735798769409198
0.17903008348691185
0.10387416944827033
0.005450206545992042
3.453789403155769
9.420119657771492
2.402650037297759
10.636493470117495
====================
300
0
0.15168428133059253
0.15507938267239085
0.1133520208018779
0.0033951013417983233
5.3898364847663105
11.444293434843972
3.7059392554520683
12.627883796994839
====================
350
0
0.14955819691489824
0.1492757403159899
0.14689814665904466
0.00028245659890835384
6.930678017457156
12.275309516490772
5.060886395096022
13.449813499683772
====================
400
0
0.18176640143965764
0.1546889940580179
0.15262996745446422
0.02707740738163975
8.568362860340267
13.839787369171475
6.5941475876107285
15.94483692860809
====================
450
0
0.22531647585002457
0.1507388108696428
0.12738660307467242
0.07457766498038176
10.663060338346444
14.187723899755804
7.9881659908
17.059990923363078
====================
500
0
0.1873125482096718
0.09092103495596948
0.12024951819700114
0.09639151325370232
12.327847972680285
15.98724551594042
8.8653881870432
18.393570306570297
