====================
0
3
0.0
9.105776265786588e-09
0.0
9.105776265786588e-09
0.0
1.442585785962276e-07
0.0
1.442585785962276e-07
====================
50
3
0.024576529840441008
0.02791508433213097
0.07708413522987789
0.00333855449168996
0.12844103088814732
0.44670278723300244
0.4420133961671509
0.5735003949479882
====================
100
3
0.04039257092979165
0.037308491928382814
0.05356539773538449
0.003084079001408835
0.3459952844231628
1.3753561590006775
0.9322606662000656
1.6867265180664779
====================
150
3
0.03814992330483169
0.038319415435973614
0.03431511172959478
0.00016949213114192396
0.7375450042960243
1.88947423236464
1.1286319956178312
2.6237137954806444
====================
200
3
0.023226654971642204
0.026075244513736738
0.009236111785662384
0.002848589542094534
0.9528216025929672
3.1498281915489037
1.4477175354593586
4.102432246632093
====================
0
3
0.0
1.081403865704257e-08
0.0
1.081403865704257e-08
0.0
4.484127284560961e-08
0.0
4.484127284560961e-08
====================
50
3
0.060782091778996516
0.039410836060568055
0.02870040281679187
0.02137125571842846
0.4716628655679438
1.1441579527453416
0.2539004811853107
0.7295127408781797
====================
100
3
0.054328378686727685
0.11809226299371112
0.03027289781465292
0.06376388430698343
0.6339799776453089
2.6156808854485107
0.48567025315060186
2.2895689070170113
====================
150
3
0.028587749972555088
0.10351965271302577
0.01658915042790543
0.07493190274047068
0.38761874728996387
5.203548547426097
0.6962360698237641
5.442385207795777
====================
200
3
0.011793591510040231
0.038273332968348804
0.004917801081075137
0.026479741458308576
0.3807125418972569
6.674842793409034
0.8815537121545592
6.710906338156468
====================
0
3
0.0
1.2567564218984027e-08
0.0
1.2567564218984027e-08
0.0
1.4329674087160037e-07
0.0
1.4329674087160037e-07
====================
50
3
0.03627094498293659
0.03087519246507786
0.008819939816098632
0.005395752517858732
0.3125534363714503
1.1940470244741601
0.33238008977594335
0.881519116123285
====================
100
3
0.06274266136607531
0.06525440327200549
0.02668384623665432
0.002511741905930176
1.0162627678728815
0.87440709189198
0.7077639827107702
0.8514667133106605
====================
150
3
0.039863022353406885
0.022645197278771567
0.03321917058267476
0.06250821963217845
1.400993003681171
2.375511134196671
0.8868862573202961
2.3290880444450877
====================
200
3
0.0962872400089724
0.07399560970585453
0.06077530364728105
0.02229163030311788
0.9120922646220492
2.3607885483387747
0.3316713163082129
2.151334437501335
====================
0
3
0.0
9.756127231074064e-09
0.0
9.756127231074064e-09
0.0
1.552684797350402e-07
0.0
1.552684797350402e-07
====================
50
3
0.004735810040062072
0.0027024695629556117
0.02751165966382052
0.007438279603017683
0.12208400657818531
0.610843506762131
0.23455176027561675
0.730538114315376
====================
100
3
0.02039494293544042
0.027339345943123927
0.0262997510350802
0.006944403007683508
0.4154329725417029
0.30993652166382907
0.5747408701837546
0.6474260092807921
====================
150
3
0.05077128205854664
0.008207046797255702
0.017946860963433453
0.05897832885580234
1.0462589918203502
0.8102850460431192
1.042793914978491
1.4192960703048392
====================
200
3
0.06483268462680826
0.1432958266979158
0.08167890658282934
0.07846314207110752
1.3542459048247968
2.4488558776871696
1.3078462152731045
3.680686198000371
====================
0
3
0.0
1.1294864464587201e-08
0.0
1.1294864464587201e-08
0.0
8.980709505566737e-08
0.0
8.980709505566737e-08
====================
50
3
0.0419254597991745
0.007362600552576426
0.0007283771173958176
0.03456285924659808
0.40041112235553766
0.3708007586253459
0.34846279288766946
0.6713257643222967
====================
100
3
0.02725059804502683
0.09699282630387929
0.0366582240286788
0.06974222825885246
0.31838273700353564
1.0225357656687024
0.38475159450264945
1.2799712884375853
====================
150
3
0.07317207053304009
0.10922152630588822
0.042057705777879706
0.03604945577284813
0.752843623740996
2.350969073033561
0.8493253972906222
2.709903053870508
====================
200
3
0.06456635446828853
0.09224754144789075
0.06489255158282697
0.027681186979602233
0.4427671609601365
2.3878941068862125
0.5086408392285044
2.2368135649119876
====================
0
3
0.0
0.019972846648894236
0.0
0.019972846648894236
0.0
1.9088882529686473
0.0
1.9088882529686473
====================
50
3
0.029439428850885685
0.010219322063850456
0.05206394730494446
0.03965875091473614
0.4153675126789128
0.40909631931280693
0.5918942353396502
0.6779550211434304
====================
100
3
0.060647879689254225
0.018130510818747503
0.043786399262022435
0.07877839050800173
1.1082921876763343
0.6948136001976176
1.2557791708156756
1.1944245789463894
====================
150
3
0.11926778820828288
0.05516781011987404
0.07483974402915883
0.06409997808840884
2.2229933948336176
1.1558998499754958
1.8511306188961811
2.320467612659281
====================
200
3
0.08071128153426994
0.06326994476102839
0.05212202713474598
0.14398122629529833
3.0415592637459845
1.4222812254275152
2.4936043489518487
4.088752972100802
====================
0
3
0.0
0.0039551473984825065
0.0
0.0039551473984825065
0.0
0.3131307103664202
0.0
0.3131307103664202
====================
0
3
0.0
0.0005703223187420338
0.0
0.0005703223187420338
0.0
0.11455599343337104
0.0
0.11455599343337104
====================
0
3
0.0
3.6832794231644688e-06
0.0
3.6832794231644688e-06
0.0
0.02978211443391838
0.0
0.02978211443391838
====================
50
3
0.011391951109921639
0.024224025836909524
0.01822369170255622
0.012832074726987885
0.2115013372881377
0.5881510237408298
0.11540629411789301
0.48347947997696145
====================
0
3
0.0
0.00021865840994629663
0.0
0.00021865840994629663
0.0
0.1154611278307314
0.0
0.1154611278307314
====================
50
3
0.04626685422152077
0.018894453308598846
0.007013801788357199
0.027372400912921924
0.5127737511133957
2.3709236331291796
0.27863869534127034
2.194788287284847
====================
100
3
0.007714179491269402
0.0579981435583341
0.0001117508187595817
0.0502839640670647
0.9401211096385924
3.7759309886138714
0.49789626948384985
3.8324677928711006
====================
0
3
0.0
0.00034941609109248616
0.0
0.00034941609109248616
0.0
0.06275024894851089
0.0
0.06275024894851089
====================
50
3
0.04216560860246332
0.014382678111954927
0.0007633763871668364
0.05654828671441825
0.48493226906870696
3.621255919125736
0.3770774536849784
3.2337202406252494
====================
100
3
0.08212620085408551
0.28696646262113124
0.06703142931392314
0.20484026176704573
1.4009164107478884
10.479820632199877
1.0266655606843955
9.620746718432258
====================
0
3
0.0
0.00012132774562629057
0.0
0.00012132774562629057
0.0
0.06594340365521327
0.0
0.06594340365521327
====================
50
3
0.13233102841681244
0.09346986502060095
0.09149771387004302
0.038861163396211484
0.7795382354908358
0.7307656867305617
0.5232302242709655
0.7950577358749766
====================
100
3
0.1327398555299304
0.11171386404700057
0.12737601596784165
0.02102599148292983
2.2176162417274488
1.2736753533638292
1.8210608076494965
1.5275614434936673
====================
150
3
0.08828953794902161
0.058767485417106746
0.12475473745903054
0.029522052531914866
3.2497702725104065
3.394955554586664
3.04930762189994
2.9200773141878424
====================
200
3
0.06815848846972535
0.05007739004997678
0.07329469018472898
0.018081098419748573
3.983104113307724
3.9509383506856985
3.82091567820896
2.0128878956468768
====================
0
3
0.0
0.0002961012360743034
0.0
0.0002961012360743034
0.0
0.05856488841800425
0.0
0.05856488841800425
====================
50
3
0.051123211657882806
0.048217454807728544
0.011115290647905507
0.002905756850154262
0.36828821507646536
0.6658226711278525
0.5081214311202783
1.0275978324870116
====================
100
3
0.06840219026219518
0.05127033972750139
0.06475294835824874
0.017131850534693793
0.43933199931728073
1.049756825186619
0.056861281894868755
1.2966885243652724
====================
150
3
0.000898188432658209
0.0030947951930215822
0.052572855267352336
0.002196606760363373
0.7040450991747359
1.5940619390813648
0.5952175611655169
1.6637133421190857
====================
200
3
0.055953510806737494
0.11725756044516736
0.06644206296520995
0.061304049638429864
0.732482688793227
2.6571044973057885
1.1274973836133606
2.8950586504254447
====================
0
3
0.0
0.00015493302121547775
0.0
0.00015493302121547775
0.0
0.012024886877862913
0.0
0.012024886877862913
====================
50
3
0.06510296749395983
0.05355578889114221
0.03413238052529244
0.01154717860281762
0.2276460736734905
0.3390420481014067
0.06838744175609088
0.28927348617253634
====================
100
3
0.0879573533761211
0.0659517800451237
0.07547749679801674
0.022005573330997397
1.3646202930648377
0.8061099526523585
0.678349099937302
0.6431068568211159
====================
150
3
0.07228157465886409
0.05011953031394345
0.09252424653934122
0.02216204434492064
2.620461117902377
2.0518883944363697
2.071888174009747
0.890602000797628
====================
200
3
0.05170209700638378
0.010270757024655491
0.0727642436256199
0.041431339981728287
3.549681426626903
2.6892074360854132
3.1493372768348467
1.450906768563689
====================
0
3
0.0
7.76286059027725e-05
0.0
7.76286059027725e-05
0.0
0.014413198375769442
0.0
0.014413198375769442
====================
50
3
0.012161893769714993
0.0023755409478154466
0.018802655445413263
0.01453743471753044
0.38755210474973734
0.36901154703958683
0.21034403351848713
0.40156808108497816
====================
100
3
0.018484926760994114
0.025240984147810064
0.025205717667815986
0.00675605738681595
0.585110820604507
0.4868482683843951
0.5595226222823335
0.6348638168676275
====================
150
3
0.008889242470650371
0.03457019877863998
0.031605660016917225
0.02568095630798961
0.4674355502823526
0.9993786189419235
0.36607109782412783
1.359000087648368
====================
200
3
0.10104129684302307
0.11751658481275512
0.11862912543785754
0.016475287969732046
0.8497389845877501
1.5806348281726486
0.9315919908008182
1.1186807500437685
====================
0
3
0.0
0.00031945213316303075
0.0
0.00031945213316303075
0.0
0.03433675029503508
0.0
0.03433675029503508
====================
50
3
0.049719124809282755
0.033695876533486935
0.014454630909401356
0.01602324827579582
0.5796878330853603
0.29368998909340965
0.4172337038488478
0.36884648460381636
====================
100
3
0.008610199376463346
0.005621215785689415
0.0007134027429116507
0.01423141516215276
0.9775062166257876
0.6710444399294085
0.5806140436532208
0.3501134986696626
====================
150
3
0.03452063702407315
0.02742626885447863
0.00030660553768546706
0.007094368169594523
0.25177375483763925
0.4905471998204883
0.09401483483914382
0.3698393953368208
====================
200
3
0.06007737191500985
0.0537999726312646
0.053247048131355466
0.006277399283745254
0.44624023858661643
1.0082539754815212
0.3179313232705528
0.9452450154463594
