====================
0
0
0.0
1.0066883888981572e-08
0.0
1.0066883888981572e-08
0.0
1.2962310982009404e-07
0.0
1.2962310982009404e-07
====================
50
0
0.045129675663932556
0.06742722662980238
0.02312072656829023
0.022297550965869828
0.41382427935356364
0.7998726724249794
0.22870473108770784
0.48845133336801794
====================
100
0
0.03508450967707866
0.05960580001727944
0.06395487736273697
0.024521290340200785
0.8583018424471044
1.3236996256130125
0.6912684297830122
1.085940079284777
====================
150
0
0.011636391335242635
0.05619778707935419
0.07645745798021752
0.044561395744111554
0.8636814411076208
2.4806516369100957
1.4481620912293613
2.282325166838876
====================
200
0
0.03818177565865035
0.08214644665339235
0.08589463293053691
0.043964670994742
1.108138069615702
2.877081425763393
2.0999326895281945
2.44335302198007
====================
0
0
0.0
1.1029772531597329e-08
0.0
1.1029772531597329e-08
0.0
2.818549914928636e-08
0.0
2.818549914928636e-08
====================
50
0
0.07025181463201835
0.08173549870796193
0.02084675889949561
0.011483684075943579
0.34041633633417107
1.1735268027599841
0.11848653192304862
1.0314445899771914
====================
100
0
0.0243105747278749
0.037955205543395376
0.02136361117509944
0.013644630815520475
0.6935623471049782
3.054166744409632
0.4175872330483913
3.307138477701739
====================
150
0
0.04237620337974568
0.020943944787417124
0.0013498356699814806
0.0633201481671628
0.32392818595618783
5.391748000164585
0.4240757397430413
5.567694295559276
====================
200
0
0.04256278246755277
0.020116947269548734
0.020781229962976946
0.06267972973710151
0.5573203094909662
6.6237413151154145
0.5736661080020715
6.144531447053695
====================
0
0
0.0
1.122232319038651e-08
0.0
1.122232319038651e-08
0.0
5.033559974814687e-09
0.0
5.033559974814687e-09
====================
50
0
0.07769807247489258
0.10132160142320146
0.03373672418916707
0.02362352894830888
0.4078570231956753
0.5562923210417299
0.27974258121558554
0.4659029848566798
====================
100
0
0.003345384189113343
0.030548344948860606
0.007089702651759122
0.027202960759747263
0.8766187620675563
0.8300782401671629
0.7644364468906515
1.6079187528456445
====================
150
0
0.0010212565139460228
0.029879391283939682
0.03461355317949244
0.02885813476999366
0.5991713008780174
2.1443643270823234
0.5634122238708509
2.6791865599468627
====================
200
0
0.0072969740635049594
0.05656974992051826
0.02700421444125465
0.0492727758570133
0.9604272092934185
2.828569368133682
1.3608243718802098
3.3085681184894273
====================
0
0
0.0
1.2754801756759514e-08
0.0
1.2754801756759514e-08
0.0
1.5878785206382997e-07
0.0
1.5878785206382997e-07
====================
50
0
0.07461049556323118
0.10637531258381827
0.04150015784421246
0.03176481702058709
0.3537941248169671
0.602188089229288
0.21257269182012928
0.5153587619201727
====================
100
0
0.06435517175505456
0.06037749772268608
0.05243433008263043
0.003977674032368483
0.6564380163160177
0.4861999969132581
0.44240687824219715
0.3158041585715394
====================
150
0
0.00020919302337740753
0.0229360267104064
0.032697545587361265
0.02272683368702899
0.9591021768156894
1.6810589741824118
0.8118659842699856
0.9581004085121642
====================
200
0
0.009706852497884926
0.06575423500776932
0.007006296154044515
0.0560473825098844
0.8392455113582192
2.816729076256563
0.6202459655249317
2.05185766549663
====================
0
0
0.0
1.2739966752686847e-08
0.0
1.2739966752686847e-08
0.0
1.6001917892445256e-07
0.0
1.6001917892445256e-07
====================
50
0
0.04400766746887741
0.03540667184393187
0.014001182662204181
0.00860099562494554
0.5157851860429522
0.7765608907892699
0.463738352477892
0.3006746729998641
====================
100
0
0.026708931134975966
0.058730345947536566
0.026288518460230392
0.0320214148125606
0.5434744570907035
1.1575801651603905
0.4189677921430743
1.316427118962307
====================
150
0
0.042655978071381995
0.06295860139560472
0.003598350135928019
0.020302623324222724
0.28944367708810337
2.5754446777839104
0.4418526825636444
2.8378001789376035
====================
200
0
0.005405994710007459
0.003343606467776576
0.012565671166311247
0.008749601177784035
0.5181504712555425
2.550265026854266
0.623432081353227
2.610683540297218
====================
0
0
0.0
0.021335273324582692
0.0
0.021335273324582692
0.0
1.5506506404883038
0.0
1.5506506404883038
====================
50
0
0.07834909103262966
0.07891074664261333
0.03534001110135687
0.0005616556099836689
0.8562374130103821
1.7736643259684803
0.4859535729251986
0.9405663705294433
====================
100
0
0.029176995104355008
0.0009825336263888929
0.024735568927970242
0.028194461477966115
1.128991072329328
0.5131437717382622
0.5038123388030815
1.3405734363579769
====================
150
0
0.013907806348796514
0.024224788531120867
0.04392342324622933
0.010316982182324352
1.606889735945994
1.7284499681315977
1.2934163384219102
2.798362677322057
====================
200
0
0.10913474432756123
0.17232870245490167
0.11110854849010816
0.06319395812734044
2.1489675788627385
0.5369143097178765
2.0019270038842234
1.9587042838211945
====================
0
0
0.0
0.00125215200990305
0.0
0.00125215200990305
0.0
0.2393913847141125
0.0
0.2393913847141125
====================
0
0
0.0
0.0003474833669866243
0.0
0.0003474833669866243
0.0
0.05861139183029236
0.0
0.05861139183029236
====================
0
0
0.0
1.1895054200069871e-05
0.0
1.1895054200069871e-05
0.0
0.11033333497383983
0.0
0.11033333497383983
====================
50
0
0.06483043029639468
0.07423369422025283
0.03083142210982337
0.009403263923858152
0.1909359176720065
0.722552086929034
0.07910942927276861
0.690590894797692
====================
0
0
0.0
0.00012854812940018754
0.0
0.00012854812940018754
0.0
0.04512850685324859
0.0
0.04512850685324859
====================
50
0
0.10087165324994496
0.11845742549759031
0.07066561126934179
0.017585772247645348
0.68102518214677
1.9185145692618373
0.5032845704024391
1.5425388461117846
====================
100
0
0.060513799966579906
0.05727878820931043
0.03826579105507211
0.003235011757269479
1.5290617047936916
4.260349191691021
1.1082745105557084
3.0705443349547292
====================
0
0
0.0
4.5620188941752455e-05
0.0
4.5620188941752455e-05
0.0
0.07168549129480375
0.0
0.07168549129480375
====================
50
0
0.0010324515405195633
0.06063216789776571
0.038801164241486275
0.059599716357246146
0.5118500973504343
3.386267674779564
0.6855165810588132
3.8933607530612275
====================
100
0
0.043747206024294716
0.177863805782009
0.05570835874023494
0.22161101180630371
1.0529854540818457
10.04355975376658
1.4605999867709836
10.906875262388219
====================
0
0
0.0
7.680334664958147e-05
0.0
7.680334664958147e-05
0.0
0.06483621110059568
0.0
0.06483621110059568
====================
50
0
0.04140607653699724
0.04100372620381432
0.020330943249433187
0.00040235033318292146
0.21366518578665428
0.4949396302004199
0.2210913878348405
0.6219048887264484
====================
100
0
0.008808759531386823
0.028248594539938665
0.022957696805905314
0.019439835008551842
0.7648613956959757
0.8822280989642434
0.7876255037131918
1.22634818049166
====================
150
0
0.026451345411614424
0.08653606169822092
0.06639534461474383
0.0600847162866065
1.046832944383377
3.004777703566678
1.295465596485709
3.2917746142994306
====================
200
0
0.06527833249774759
0.19823739324766299
0.0656113052719341
0.1329590607499154
1.759068225746263
4.202828440439303
2.1413436415606917
4.450183864460869
====================
0
0
0.0
8.139477669206089e-05
0.0
8.139477669206089e-05
0.0
0.10588685015129304
0.0
0.10588685015129304
====================
50
0
0.049437743869427786
0.044280857212743996
0.0257850619196196
0.00515688665668379
0.23597931026483612
0.3888792091642009
0.14697181408607965
0.3172601396906476
====================
100
0
0.05897349345189662
0.035218344007339475
0.05048145826321271
0.023755149444557144
0.8022580319328229
0.6784244325283655
0.5369642486879523
0.9290379263396296
====================
150
0
0.015805915642853163
0.02829878309508338
0.044316154443367894
0.012492867452230216
1.2848268470957693
2.5502993814773216
1.3830373723508682
1.7775864302482798
====================
200
0
0.016298345814255866
0.07886865491637739
0.0394212640750066
0.06257030910212152
1.5136585498389563
3.2939510989168737
1.4436230813381261
1.8968118059980594
====================
0
0
0.0
0.00032837109587562405
0.0
0.00032837109587562405
0.0
0.03873976024254158
0.0
0.03873976024254158
====================
50
0
0.028780858577302393
0.03323214814884046
0.0022437626406821565
0.004451289571538064
0.07378770044173687
0.36704321758403957
0.19994870552968025
0.29328250983398746
====================
100
0
0.04201552904704098
0.02943767538347908
0.01773271904458884
0.0125778536635619
0.2360603139692835
0.5134635878127608
0.2858786691180671
0.4758517652531647
====================
150
0
0.12881290117955557
0.06476201479300592
0.06259912188936267
0.06405088638654965
1.1887529108583546
1.1460888877439976
0.8124652751182666
1.9338908758299136
====================
200
0
0.1163594748392322
0.06438899186271711
0.0971810177838513
0.05197048297651508
2.2756544536505325
1.9176949936876728
1.5670955231263188
2.789467726008319
====================
0
0
0.0
0.00041100257768908195
0.0
0.00041100257768908195
0.0
0.03818190198414977
0.0
0.03818190198414977
====================
50
0
0.0819376572249717
0.07988856204164252
0.04543201471266767
0.002049095183329186
0.782869985125303
0.6863093445982368
0.5814646844901342
0.10705200735084859
====================
100
0
0.08204682197777835
0.06535277774368131
0.0647538205878253
0.01669404423409704
1.724045022542286
1.1623951505038315
1.277050311481334
0.5846774125109641
====================
150
0
0.050768292689497674
0.03730324398046081
0.05477498284742954
0.013465048709036864
2.392224328128047
1.948270002563067
1.9173284076544894
0.971378342796351
====================
200
0
0.05924415064173732
0.00896593141113635
0.047354397959426996
0.05027821923060097
3.088222434646382
1.896834892924099
2.523824573498497
1.299843089657242
====================
0
0
0.0
0.0002806045967162701
0.0
0.0002806045967162701
0.0
0.04713225171566581
0.0
0.04713225171566581
====================
50
0
0.03423930155693977
0.03238399289674265
0.05035699592045151
0.0018553086601971192
0.3781608686588331
0.1242578126326343
0.3803386475641975
0.40075250273311974
====================
100
0
0.011379412074203898
0.020785852376409952
0.012518627388805825
0.009406440302206054
0.4873907007867147
0.5163811399399421
0.7797025988247687
0.04781495691569948
====================
150
0
0.06155453712864545
0.059651348390730385
0.021415224014785572
0.0019031887379150625
0.5483838026353457
0.5575860677552212
0.6612115837634532
0.5282782835890197
====================
200
0
0.025154261677705805
0.04257693168716757
0.02177948969460998
0.017422670009461766
1.0498578313412301
0.6060309921596586
0.8980069774369649
0.9938768330566262
