====================
0
2
0.0
1.2352187355752852e-08
0.0
1.2352187355752852e-08
0.0
1.1178737350178355e-07
0.0
1.1178737350178355e-07
====================
50
2
0.0754643803739592
0.08855331086824014
0.02740308855833673
0.013088930494280948
0.627205679049028
0.6667948849148517
0.47737351706499676
0.7074012554294145
====================
100
2
0.0007380685197708736
0.026458457550238457
0.027451011652344537
0.025720389030467583
0.485187596869362
1.1621928000495474
0.2709156550726303
1.4835400309730784
====================
150
2
0.0670328082306717
0.0056998100593810275
0.0458388602907549
0.07273261829005273
0.6295852785041035
2.592671201806025
0.925862645211886
1.9797743398638101
====================
200
2
0.03536523364528027
0.11294120211013375
0.031464508785471544
0.0775759684648535
0.6690150901782803
2.990541267971545
0.9794600397195322
2.673606201587193
====================
0
2
0.0
1.2740025222614584e-08
0.0
1.2740025222614584e-08
0.0
1.600277596722654e-07
0.0
1.600277596722654e-07
====================
50
2
0.0011179721992264913
0.0015549644022381237
0.030495578917297816
0.00043699220301163244
0.35314648532788134
0.9807919842471622
0.04828948829565853
1.0051770459399358
====================
100
2
0.022695223262104047
0.0690437558642314
0.01251914144993016
0.09173897912633544
0.22929921271292542
2.7729125833389516
0.0887499451928258
2.784758510539992
====================
150
2
0.006143700094680238
0.047500787249003196
0.01261325155621007
0.04135708715432296
0.3913122174725135
5.4273823909147065
0.33751588809934713
5.045234592868992
====================
200
2
0.004508112953589676
0.07188691003893456
0.010523990284144087
0.06737879708534489
0.13999642601576556
6.442271161175354
0.18427477752922133
6.375821731568973
====================
0
2
0.0
1.1029814438020457e-08
0.0
1.1029814438020457e-08
0.0
2.8177355748878424e-08
0.0
2.8177355748878424e-08
====================
50
2
0.024958367469042786
0.0019739524221660254
0.05570897186255053
0.02298441504687676
0.3819356971243358
0.7823889322721714
0.39190442194062386
0.44810103748543667
====================
100
2
0.09692267235669672
0.07380578147182604
0.0908635033426517
0.023116890884870678
0.40590446286509085
0.6405814108874065
0.7218772233116293
0.338285829670887
====================
150
2
0.12706249909799405
0.0051131595058933055
0.09201199313449937
0.12194933959210075
2.0813744230193283
2.46806403632724
2.1279296306023365
2.591091806409775
====================
200
2
0.06028127650184865
0.11143434217508959
0.05135631377007111
0.17171561867693824
2.7748034583588663
2.4860257731546
2.5442431352406083
3.404991840895374
====================
0
2
0.0
1.2467201620406334e-08
0.0
1.2467201620406334e-08
0.0
2.183902637260803e-07
0.0
2.183902637260803e-07
====================
50
2
0.055910415728799734
0.03773044319187213
0.057610242578376436
0.018179972536927602
0.5893502105534908
0.22264736390717793
0.6013026594691271
0.4949384464378313
====================
100
2
0.04983509038623257
0.01841111609882784
0.03613200683379114
0.03142397428740473
1.068174702512333
0.6619578740039431
1.0381854804182558
1.1769777169976818
====================
150
2
0.11368510567161794
0.02801132395503947
0.049684409003581065
0.1416964296266574
2.1704319807363026
1.7257596202018781
1.6776700348088598
3.413441517000928
====================
200
2
0.10785510929765786
0.10812001772092249
0.07174869249486562
0.21597512701858035
2.4448473282893595
2.8689661315192945
1.366872027030319
4.876035544875238
====================
0
2
0.0
1.2020178412117827e-08
0.0
1.2020178412117827e-08
0.0
1.5208608655701643e-07
0.0
1.5208608655701643e-07
====================
50
2
0.07196037467722016
0.03340489927825008
0.04951496086782825
0.038555475398970085
0.7417861972560117
0.27376769228509196
0.6377380210147255
0.5529459873745235
====================
100
2
0.00048598154940693306
0.0651402557742422
0.001098429698697334
0.06465427422483527
0.8770229653017302
0.9340752780026341
0.6756952172199011
1.323610237036606
====================
150
2
0.053013050563127884
0.07594367361532228
0.012629039044212531
0.0229306230521944
0.4717676684253258
2.4099317915900715
0.6783745599989871
2.3692795508872653
====================
200
2
0.01777462676200271
0.006340511299941381
0.0033126695398937906
0.02411513806194409
0.7095396216097264
3.1233438625072707
0.6018461541698785
2.4603861583136237
====================
0
2
0.0
0.02280621419227466
0.0
0.02280621419227466
0.0
0.8759416858172294
0.0
0.8759416858172294
====================
50
2
0.022352999740232526
0.03191638765397298
0.0006910447023911193
0.009563387913740451
0.7781448915174364
1.2123253433198888
0.5797128640438285
0.566038539220647
====================
100
2
0.004508268624392464
0.020162560391317808
0.013793567423485698
0.02467082901571027
0.9196904799990732
0.12840303775437314
0.5744172490380938
0.9051475391762328
====================
150
2
0.04934915045030719
0.04139819837983372
0.0046393171023100255
0.007950952070473472
0.5177870274090441
1.8397057183803411
0.5891850053665998
1.6302753873170452
====================
200
2
0.05705013731777154
0.023348295244979833
0.03998215764898039
0.08039843256275138
0.944251212561604
1.437937045584991
0.6795525029033938
0.6209453879316718
====================
0
2
0.0
0.0002982962320157408
0.0
0.0002982962320157408
0.0
0.13983748541088814
0.0
0.13983748541088814
====================
0
2
0.0
0.00010930008438549992
0.0
0.00010930008438549992
0.0
0.0530668477084413
0.0
0.0530668477084413
====================
0
2
0.0
0.00014206397165197456
0.0
0.00014206397165197456
0.0
0.10836254446312998
0.0
0.10836254446312998
====================
50
2
0.10188991616942267
0.09180987706260413
0.0678527440637573
0.010080039106818539
0.29885752989655984
0.6646707011299382
0.24884373381269428
0.640421934201811
====================
0
2
0.0
6.70601763432756e-05
0.0
6.70601763432756e-05
0.0
0.11171703657273283
0.0
0.11171703657273283
====================
50
2
0.02238997599004877
0.034885577915921395
0.02859158264523054
0.012495601925872624
0.3521270616413754
2.0252363658014914
0.5830036992582773
2.3445503037412054
====================
100
2
0.05638436984710937
0.0016175166040297562
0.08019915986435233
0.05800188645113913
0.6931276845990895
3.9329100965941772
1.1037946426491154
4.594000688504674
====================
0
2
0.0
8.533633331687143e-05
0.0
8.533633331687143e-05
0.0
0.10042742816263937
0.0
0.10042742816263937
====================
50
2
0.017640167391607786
0.03601021671428839
0.025043932635934407
0.018370049322680604
0.0910853802295927
3.305889303528358
0.3158618310160956
3.381196856480763
====================
100
2
0.036766888003747056
0.13272645685780793
0.016836815307777808
0.09595956885406087
0.5132660867920059
10.076272884423593
0.7457989361962692
9.563317706109526
====================
0
2
0.0
0.00013709640395225426
0.0
0.00013709640395225426
0.0
0.09453937890846187
0.0
0.09453937890846187
====================
50
2
0.07094449387183954
0.06224226013687373
0.036163374665821424
0.008702233734965814
0.39722221767669785
0.8118080873844489
0.441812358621862
0.4673928738166409
====================
100
2
0.08215056576567825
0.04100837245430489
0.0780666755847208
0.041142193311373365
1.4979205730748772
1.4257843677028514
1.311307634301374
1.1026232978365595
====================
150
2
0.03423221303686619
0.034172187608381366
0.02021908437404174
0.06840440064524755
1.8541675574111194
3.4373008920168617
1.9916521782649679
1.909106307802546
====================
200
2
0.04950459109365855
0.20047023466168756
0.0631760836102589
0.15096564356802902
1.9996243153905622
3.9042754436904636
2.095140860522328
1.9768566232455265
====================
0
2
0.0
2.921878545764598e-06
0.0
2.921878545764598e-06
0.0
0.04506672203730166
0.0
0.04506672203730166
====================
50
2
0.0050778484919866695
0.00178743692835992
0.03545346387471726
0.0032904115636267495
0.27478268052911176
0.5560017354042264
0.42168928631928815
0.5535276967516272
====================
100
2
0.033407840257686505
0.032226247567263666
0.02171960866243383
0.001181592690422839
0.783875101112407
1.142522613269411
0.9464053586540953
0.5281570470984467
====================
150
2
0.05585866447854926
0.057915449442426103
0.023125170925732963
0.11377411392097536
0.9585456618197306
2.3933310624380852
0.8893578856313893
2.678416462304892
====================
200
2
0.11248099976690679
0.09951249785797886
0.10377804937695281
0.21199349762488565
2.065728860837186
3.245920590790745
1.6396166380125747
4.1330647392890425
====================
0
2
0.0
0.0001384005884467315
0.0
0.0001384005884467315
0.0
0.04324574124836584
0.0
0.04324574124836584
====================
50
2
0.11956365231427268
0.09972586180368115
0.09369968042322285
0.019837790510591535
0.887569427674317
0.7077607371797124
0.6276028037326844
0.29895961394981757
====================
100
2
0.08296311268390877
0.033324276562698874
0.07168614338925217
0.049638836121209895
1.98259935200568
1.1776302153066802
1.5839586557048235
0.9097014397735533
====================
150
2
0.023368481359995696
0.00982266533561571
0.06346247069880762
0.013545816024379986
2.49489311179164
2.302228114614071
2.359471881238065
1.11282696809012
====================
200
2
0.1366508649312301
0.09185926681774748
0.14378298396360256
0.04479159811348263
3.275416949064494
2.3848661840189167
3.1143875566787256
1.4351188617033954
====================
0
2
0.0
0.00016724868283344405
0.0
0.00016724868283344405
0.0
0.03398054525481059
0.0
0.03398054525481059
====================
50
2
0.042501497777507335
0.04497896407479329
0.018913224837075582
0.0024774662972859574
0.5091082049894947
0.7311577512884374
0.21365615272847607
0.3421216585428629
====================
100
2
0.021145271517070796
0.008385268488424025
0.005001177361989129
0.012760003028646771
0.8437226926910188
0.8139236985906327
0.2569622912610834
0.5248397498817899
====================
150
2
0.05122632022316331
0.04882190232456485
0.011806956725874729
0.0024044178985984654
1.6346886076019722
2.0287335156316355
0.6267952596356932
0.9603731181946846
====================
200
2
0.09416521657877416
0.0649100573775724
0.033820120866054806
0.029255159201201773
2.29403531429021
2.2316173885271304
0.8768827068188481
1.0508201980732166
====================
0
2
0.0
0.00048063149746882506
0.0
0.00048063149746882506
0.0
0.03650262250102442
0.0
0.03650262250102442
====================
50
2
0.0004203942165497132
0.006853699708597061
0.023938845911968487
0.006433305492047348
0.26331371628432204
0.07172984731662019
0.4708158499284005
0.301030268969889
====================
100
2
0.02496154688502461
0.010075349890276808
0.026529965586854942
0.014886196994747802
0.893297304325398
0.4148892856174994
1.1897895196601647
0.5218251327494045
====================
150
2
0.05242113308575669
0.0018191523868555937
0.04633890401177654
0.05424028547261228
1.2920689580470583
0.691930010956587
1.597594394492489
1.7652670650419127
====================
200
2
0.04728449449218806
0.006611697193900687
0.05760935930672954
0.053896191686088744
1.6125654388558928
0.6401412499182416
1.990823726524323
1.9833850479285022
