====================
0
1
0.0
1.2466136839779451e-08
0.0
1.2466136839779451e-08
0.0
1.33614996567e-07
0.0
1.33614996567e-07
====================
50
1
0.030415106630413025
0.015355567163452655
0.004202012820680556
0.01505953946696037
0.44042218544058964
0.5802982733461429
0.35041757541613444
0.6982828262440757
====================
100
1
0.03578797341491313
0.039627220010264086
0.03137180779966631
0.0038392465953509536
0.9016040143398422
1.2151402097369315
0.8606442065373275
1.8530548649551237
====================
150
1
0.08554687222961244
0.07185406047971621
0.019320979599777743
0.013692811749896228
1.3536388756172975
2.0807569024251698
1.3562781727137687
3.4261679964990606
====================
200
1
0.13593102886310268
0.0781950229685022
0.0815837519080323
0.057736005894600484
0.5632952566215994
2.934303806193642
0.7800257189551203
3.402885580653844
====================
0
1
0.0
1.2858465326023525e-08
0.0
1.2858465326023525e-08
0.0
1.764052202402919e-07
0.0
1.764052202402919e-07
====================
50
1
0.024448691603018213
0.0015775972513292214
0.010307293709001408
0.022871094351688992
0.7048435657404987
1.2611077746455173
0.4401089628061476
1.4727012008881186
====================
100
1
9.162600224232875e-05
0.04101918513187641
0.005035666660651472
0.04111081113411874
0.9214956338008404
2.8588813145826912
0.8241417239300605
3.7354483432517487
====================
150
1
0.018172848413236187
0.05456987422504178
0.06674823208722636
0.036397025811805594
0.6250398520471954
5.610927697308805
0.6157108506041323
6.213194907126182
====================
200
1
0.0619718750077324
0.07102964024363585
0.09698818927846853
0.009057765235903454
1.0465367572151
6.582114634378636
1.4256658402916684
7.576204452656722
====================
0
1
0.0
9.756169383819245e-09
0.0
9.756169383819245e-09
0.0
1.552617469081639e-07
0.0
1.552617469081639e-07
====================
50
1
0.04733192689263399
0.049475409089109634
0.005200006890810238
0.0021434821964756434
0.3855275724780409
0.6238948628976136
0.16321989900330847
0.5345278453509775
====================
100
1
0.025958291449977633
0.041086671884649206
0.009260653733145219
0.015128380434671573
0.32100553880804233
0.5381756721940646
0.26932950430043817
0.5994828762251571
====================
150
1
0.025968905639132567
0.012699599099960102
0.0033003088699539163
0.03866850473909267
0.39770109821767263
2.1800041984613596
0.15654416587844677
2.195587080812697
====================
200
1
0.01302373105157702
0.040287592881824104
0.003471064844193333
0.027263861830247083
0.38140625582963
2.230378158258488
0.29254409734087244
1.9301741974941253
====================
0
1
0.0
1.099489424031181e-08
0.0
1.099489424031181e-08
0.0
5.97398771307212e-08
0.0
5.97398771307212e-08
====================
50
1
0.06801273215716108
0.05161681273785623
0.016344390841028567
0.01639591941930485
0.6999352822061108
0.819729665044296
0.39131631954225155
0.3454844045816856
====================
100
1
0.09024535251530219
0.08688190588714972
0.06555294964302583
0.0033634466281524666
1.5104757424446533
0.9442425357799457
0.9729037203187485
1.2750521051375894
====================
150
1
0.06660774261203417
0.05030079446515412
0.07811004183154457
0.01630694814688005
2.297720440679382
1.6807876192597975
1.5986354918558021
1.5666552002526513
====================
200
1
0.03805447697074008
0.018213544541377927
0.028671638634954567
0.019840932429362156
2.6160057464878252
3.338956097398698
1.6742370203768646
0.9224511939126689
====================
0
1
0.0
8.780548201329123e-09
0.0
8.780548201329123e-09
0.0
1.79775477279955e-07
0.0
1.79775477279955e-07
====================
50
1
0.020747147828694468
0.006848781563238537
0.008178782536699014
0.01389836626545593
0.24622461165274506
0.3351960341678558
0.06438318121975346
0.2897964692951969
====================
100
1
0.040281575280544324
0.06687328497318745
0.015669969530398564
0.02659170969264313
0.8367466941728674
1.3376785671836353
0.9555396953086998
0.8508509297240778
====================
150
1
0.08121995022161688
0.05791355713163715
0.02567647741421375
0.023306393089979727
1.3757735229214474
2.8018267508105503
1.227949991828368
1.5856286767350412
====================
200
1
0.07854480134319938
0.06987163183431282
0.03377364095243774
0.008673169508886566
2.5247652074938025
2.181185301903283
1.7973188027394542
1.2047988098590947
====================
0
1
0.0
0.01970882125123703
0.0
0.01970882125123703
0.0
1.1369127770624892
0.0
1.1369127770624892
====================
50
1
0.03650339149528148
0.04783778231196756
0.0011975065471483415
0.01133439081668608
0.24569326030750227
0.34932309752189544
0.02159095986125659
0.41254188119014795
====================
100
1
0.01527636037054636
0.011880903473672877
0.024306299406203102
0.027157263844219237
0.6304945508798364
0.49255104581620307
0.255834894810294
0.8368658343581721
====================
150
1
0.07127953500941664
0.021347914512376054
0.049951582929402605
0.049931620497040585
1.6391955488160275
1.6534260579147935
1.4313687397788675
3.2225897903900194
====================
200
1
0.08597975190519386
0.01888612259289947
0.08230692231331267
0.10486587449809333
0.6338470346988314
1.0299794111195733
0.732545511910215
1.5503313865301984
====================
0
1
0.0
0.0005723690056628586
0.0
0.0005723690056628586
0.0
0.3157620295916917
0.0
0.3157620295916917
====================
0
1
0.0
0.00030842335091557134
0.0
0.00030842335091557134
0.0
0.026834974655494143
0.0
0.026834974655494143
====================
0
1
0.0
9.995704340608471e-05
0.0
9.995704340608471e-05
0.0
0.03717076284843242
0.0
0.03717076284843242
====================
50
1
0.10135215955460342
0.08774113924303095
0.05989732145767279
0.013611020311572464
0.39162584874230977
0.4916710730556635
0.14192579847511472
0.5030714801914986
====================
0
1
0.0
8.623070016519331e-05
0.0
8.623070016519331e-05
0.0
0.04705970156764382
0.0
0.04705970156764382
====================
50
1
0.05084548473030659
0.03555307086744608
0.024136384234438868
0.01529241386286051
0.5930403381684314
2.59929105111985
0.37118859315715386
2.6042196534784723
====================
100
1
0.01727130506380492
0.047344599469126614
0.01906847383408028
0.030073294405321693
0.6224408764169888
4.160396839796143
0.3300541955303045
3.720757710347323
====================
0
1
0.0
0.00012589497936832752
0.0
0.00012589497936832752
0.0
0.0699018187446751
0.0
0.0699018187446751
====================
50
1
0.081362323393533
0.06936242376843782
0.030991060009706972
0.011999899625095178
0.5757706062442535
3.936700481422822
0.36479164296355115
3.7785671082191294
====================
100
1
0.033254018821282205
0.22287650016441596
0.03825409072182229
0.18962248134313375
0.9246342857034416
10.196013169753428
0.4963571893780044
10.219274949148494
====================
0
1
0.0
9.64238288749861e-05
0.0
9.64238288749861e-05
0.0
0.05176479351209556
0.0
0.05176479351209556
====================
50
1
0.05974627214395767
0.04670461436976092
0.029450967222992563
0.013041657774196747
0.02275452910341897
0.7537982961652915
0.18427661279881932
0.7750653095391589
====================
100
1
0.06325825161617171
0.0715927148955724
0.05257089687119132
0.008334463279400683
1.1206522877447485
1.2733188335015497
0.9009226042063726
0.3934737290129575
====================
150
1
0.02234399675691967
0.022619333508888007
0.045487059960552134
0.00027533675196833585
2.0895385849023995
3.3104444439438576
1.6910486325424805
1.3441624669920003
====================
200
1
0.06862886387028674
0.08943369719030901
0.05297239921278214
0.020804833320022257
1.9785832287844256
4.274772857088423
1.4695906082727164
2.3746197209322575
====================
0
1
0.0
3.994096828344242e-05
0.0
3.994096828344242e-05
0.0
0.07407891970631986
0.0
0.07407891970631986
====================
50
1
0.0627072232879684
0.049995187405585284
0.021753412253448623
0.012712035882383121
0.5784055113986579
0.9754412841473055
0.3058739815202663
0.9384995348831174
====================
100
1
0.03611428413697437
0.03033038406630295
0.01772417177708796
0.005783900070671422
0.9609527662991302
0.4639605489952666
0.510539842122293
1.1065227275456946
====================
150
1
0.006582767783968935
0.003972742929195139
0.005434545069918473
0.002610024854773796
1.0098162946867557
2.2196923571966414
0.7048968692742017
2.127810443003004
====================
200
1
0.05045944203545635
0.020953393839046756
0.01642602940688874
0.029506048196409597
1.2876621520353575
3.3047368520769296
0.8889181328642494
2.8025627577844903
====================
0
1
0.0
0.00027096656561162983
0.0
0.00027096656561162983
0.0
0.03967935387631467
0.0
0.03967935387631467
====================
50
1
0.06981300570277749
0.059315071716237844
0.03548392530642652
0.010497933986539643
0.3104889279196108
0.36506561523213216
0.1262478618559871
0.3985995786250517
====================
100
1
0.038686317284669425
0.021213234727341046
0.03207444508542112
0.01747308255732838
0.3892680435307689
0.4058331165138899
0.19245227154984115
0.08851212295473139
====================
150
1
0.0347360890734385
0.026819156476264094
0.050539713103674444
0.007916932597174409
0.08974355302247561
0.8816505264517135
0.512225352563147
0.7921105512773576
====================
200
1
0.060583711265392304
0.02303878080397516
0.013144324344747401
0.037544930461417145
0.6428900569388953
1.576843037400291
0.6863385586355776
1.7848384852535188
====================
0
1
0.0
6.105786906294034e-05
0.0
6.105786906294034e-05
0.0
0.049954424749872245
0.0
0.049954424749872245
====================
50
1
0.0542896476907504
0.05391003616027579
0.0022357434244646424
0.0003796115304746106
0.6801009125280124
0.6163584537708768
0.3588202712985868
0.30587187532422305
====================
100
1
0.022520885092702336
0.022857963541484505
0.01086294690696299
0.00033707844878216875
0.6554773191367321
0.7993887031985724
0.1801206342212531
0.17537092651077124
====================
150
1
0.05256633987003623
0.0472401428318161
0.012682004831761073
0.005326197038220126
0.3083368480732223
0.9130545400817968
0.34311669323284344
0.6344551244317426
====================
200
1
0.00954591935843647
0.02305126371235902
0.0025339313744043006
0.03259718307079549
0.491125547680764
1.3449705836466812
0.3830640007297553
1.4798299529279646
====================
0
1
0.0
0.000258726269168588
0.0
0.000258726269168588
0.0
0.025499742200358944
0.0
0.025499742200358944
====================
50
1
0.01446012993067436
0.010459414027225833
0.03701702900177639
0.004000715903448526
0.6687362355417188
0.5564540920323855
0.41277950761143545
0.12077869076431784
====================
100
1
0.025345844672601814
0.043065663529569864
0.003914016196842507
0.01771981885696805
0.6157901099754758
0.3054751620787548
0.023444164430617517
0.6495644490934442
====================
150
1
0.07347460157276609
0.06485341335790529
0.00950116648030419
0.008621188214860798
0.25383898014863476
0.2888072034266157
0.42467532115399875
0.2671900240547395
====================
200
1
0.050705986810934724
0.011464037395435903
0.003087102562351211
0.03924194941549882
0.9152427416965614
0.7655988798247318
0.5150582898706599
1.4999087444040007
