====================
0
4
0.0
1.1930884938062684e-08
0.0
1.1930884938062684e-08
0.0
1.462832138931453e-07
0.0
1.462832138931453e-07
====================
50
4
0.04345833621242079
0.0408143671151775
0.013980073825052619
0.0026439690972432928
0.3619786741215268
0.7884904269642797
0.2173833429838724
0.8333897302012306
====================
100
4
0.013161159202841777
0.05619347497442462
0.02713280304657406
0.0693546341772664
1.38818836487475
1.0002741231078325
1.010223432399886
2.06079289605307
====================
150
4
0.05133041699066099
0.07129025406878031
0.003999587160196327
0.019959837078119325
0.9290397291103284
1.8914970730971852
0.7809730559975231
2.77604415169322
====================
200
4
0.09621145595789478
0.005888506338394189
0.06708749725758635
0.09032294961950059
0.34117520720812167
3.296530646102822
0.41286051917606403
2.985492691558353
====================
0
4
0.0
1.2028780408871966e-08
0.0
1.2028780408871966e-08
0.0
7.821104072389422e-08
0.0
7.821104072389422e-08
====================
50
4
0.01403180271414528
0.013490311458619564
0.01628362782405257
0.027522114172764844
0.3936692846304411
1.1221436114841028
0.4595744683074059
1.318592850388143
====================
100
4
0.04873889877136506
0.13306633357258546
0.05135981118822519
0.0843274348012204
0.813495771680943
2.628419910223665
0.8759425510583717
3.396535298506814
====================
150
4
0.10148647717783232
0.02332312643097212
0.06636135657547926
0.0781633507468602
1.6847134703091697
5.518363192446406
1.902280051510327
6.678897187562586
====================
200
4
0.06655742090811292
0.08849450646442783
0.06097018135489512
0.15505192737254075
1.8230548886217621
6.447490722869808
1.9280798172106413
7.185422414141635
====================
0
4
0.0
1.104663408802679e-08
0.0
1.104663408802679e-08
0.0
2.6790819626597483e-08
0.0
2.6790819626597483e-08
====================
50
4
0.03692423552778923
0.016582136138795667
0.00012993455933507647
0.020342099388993562
0.5491600510351116
0.75655224465043
0.36874594005778416
0.42080233434156183
====================
100
4
0.03434377146853773
0.08735978827441393
0.05134588689149222
0.0530160168058762
0.7236322490625651
0.4689030813216575
0.2273404996727269
0.8391187421077987
====================
150
4
0.09498602784596821
0.08421460485345977
0.073277245890911
0.01077142299250844
0.2716709995604654
2.1796081557937006
0.540155087078203
2.098923096447889
====================
200
4
0.05039328596391912
0.05502808486390417
0.040541606784715835
0.1054213708278233
1.3478857876531751
2.751986392812059
1.3808469937919552
2.604207910151519
====================
0
4
0.0
1.1294864464586884e-08
0.0
1.1294864464586884e-08
0.0
8.980705776238971e-08
0.0
8.980705776238971e-08
====================
50
4
0.02119239894062641
0.007862366018888789
0.007348170615152139
0.013330032921737622
0.3053474604225403
0.6716549246712105
0.23841593807493974
0.4743588619177652
====================
100
4
0.01587572501074863
0.011116137141434113
0.0031910860494694937
0.026991862152182744
1.127267458507087
0.7368829870108264
0.7200643636438057
1.2035918265580685
====================
150
4
0.026821688807370014
0.006963422171604394
0.0022879115529492733
0.01985826663576562
0.7018127714777762
1.5708701049002731
0.6386485340032012
1.2173807911563679
====================
200
4
0.04556815666546407
0.08770294679867327
0.04971880247761071
0.04213479013320919
1.2855812869951269
3.0738834468786767
1.2306152676017674
1.8077523179843822
====================
0
4
0.0
1.0430697371639738e-08
0.0
1.0430697371639738e-08
0.0
2.3142005708040835e-10
0.0
2.3142005708040835e-10
====================
50
4
0.027931873787274464
0.008143289828146383
3.2259868078421405e-05
0.03607516361542085
0.31037927192233256
0.4947428477925663
0.26457970822955446
0.749182328451592
====================
100
4
0.021581876770432107
0.05905928853303566
0.0057446513766872265
0.03747741176260355
0.16007490746494274
0.9344246837846887
0.22633461056620796
1.0814007689767242
====================
150
4
0.05084408952836861
0.05406959387068566
0.010880205927418451
0.0032255043423170537
0.6480126902658261
2.300039492856237
0.43730285380527534
2.329027152891883
====================
200
4
0.0740074861766207
0.05745706147893881
0.05044913736798017
0.016550424697681886
0.8162865557776252
2.7471067866467287
0.3640011853081269
2.067174911927124
====================
0
4
0.0
0.01984229247343075
0.0
0.01984229247343075
0.0
2.260921688997249
0.0
2.260921688997249
====================
50
4
0.01434316337035213
0.017746637151800915
0.0067424874622514785
0.0034034737814487848
0.251302292133597
0.5854406913587751
0.19610875919003376
0.35180409299127063
====================
100
4
0.056593072921666376
0.04607032875154404
0.04248868230747416
0.010522744170122333
0.5653041512739564
0.5295501805253982
0.6218607694614354
0.142166873169455
====================
150
4
0.15861488277032265
0.08652853843322061
0.06871724562138848
0.07208634433710204
1.805235804440359
1.6617005883678178
1.1494106929879409
2.4406492243299787
====================
200
4
0.10565758173996358
0.11232440661762459
0.04879892826874289
0.21798198835758817
3.0227148076615764
1.3360222945176645
1.8110896748903773
3.6551700790552655
====================
0
4
0.0
0.0017013786256343936
0.0
0.0017013786256343936
0.0
0.3369703537617124
0.0
0.3369703537617124
====================
0
4
0.0
9.893860328446962e-05
0.0
9.893860328446962e-05
0.0
0.08320121014208241
0.0
0.08320121014208241
====================
0
4
0.0
0.00011671721830129838
0.0
0.00011671721830129838
0.0
0.011016904880000898
0.0
0.011016904880000898
====================
50
4
0.014142865981616293
0.029319878925327725
0.030844975655687223
0.015177012943711432
0.3634517211141853
0.6705335816023388
0.3188643184312241
1.0311468140056161
====================
0
4
0.0
3.7381664869212515e-05
0.0
3.7381664869212515e-05
0.0
0.06470941662543092
0.0
0.06470941662543092
====================
50
4
0.043177312265453516
0.009744264352703924
0.011464484669650554
0.05292157661815744
0.5706365110014788
2.292449731250851
0.32895678764761105
2.532646911191557
====================
100
4
0.003167644662242175
0.06977300727336821
0.008105680591168785
0.07294065193561039
0.8414720919315452
3.8280177680844645
0.534339249074291
3.6754160761418078
====================
0
4
0.0
8.737398003432529e-05
0.0
8.737398003432529e-05
0.0
0.09000999500744783
0.0
0.09000999500744783
====================
50
4
0.06527526540691442
0.018265256132529384
0.015550614708458754
0.0835405215394438
0.4133892788198787
3.3848431915765222
0.202461078715767
3.2473001367322065
====================
100
4
0.012810264521744497
0.05511376890738573
0.014144885631626192
0.04230350438564123
0.6108601743746163
9.886927012108305
0.2432359777602752
9.7108037874478
====================
0
4
0.0
0.00022154819912674018
0.0
0.00022154819912674018
0.0
0.06669275370766918
0.0
0.06669275370766918
====================
50
4
0.04989677872085441
0.05040700476460813
0.01893230035299598
0.0005102260437537254
0.09640805337053746
0.5118605281160074
0.0972583275539545
0.4941565269674487
====================
100
4
0.04246776015258247
0.037297719928073736
0.03704035892853863
0.005170040224508732
0.45636770365321633
1.2340743453338194
0.24605866397491782
0.9443142643959895
====================
150
4
0.05141653458508899
0.04929371855108289
0.06412000560855136
0.002122816034006103
0.7049033512802112
3.189481015959013
0.6059836607686979
2.7485525135088955
====================
200
4
0.013781668723977077
0.09781760880222369
0.02060000857724288
0.08403594007824662
0.6308884798965869
3.6136826332266163
0.46843244705671977
3.18037806884931
====================
0
4
0.0
5.75786530649079e-05
0.0
5.75786530649079e-05
0.0
0.0809991122426854
0.0
0.0809991122426854
====================
50
4
0.04427180658394514
0.01698676059368598
0.02720539688969703
0.02728504599025916
0.26655315596747964
0.6499979896003188
0.07946337145442475
0.6448123367538375
====================
100
4
0.00040234854513609974
0.02837642002087426
0.008787763354821454
0.02877876856601036
0.4939866270741099
0.6678302513097963
0.2704216656436745
0.9415621046562811
====================
150
4
0.029885578034577698
0.07067597600363307
0.007978991327928453
0.04079039796905537
0.28673184841401905
2.0217230180578807
0.33651898934134855
1.7573176642421526
====================
200
4
0.028310781072804696
0.021458732498667976
0.04567904558841795
0.0068520485741367185
0.33248539058968346
3.060321327186611
0.30024075385942334
2.7284002750889753
====================
0
4
0.0
0.0002460744248461976
0.0
0.0002460744248461976
0.0
0.02398786229919683
0.0
0.02398786229919683
====================
50
4
0.10947392301065473
0.1052428997106627
0.06977050299209275
0.004231023299992032
0.5346277954215132
0.39253785258078405
0.3133506498030119
0.33134277633280745
====================
100
4
0.13127087241490365
0.12087112257412125
0.09665151241980796
0.010399749840782402
1.5895849845158012
1.273343002453291
0.8969542345751248
0.5573600431937098
====================
150
4
0.15257513567397551
0.11174308702433389
0.14630191842220608
0.04083204864964163
3.080254299523823
2.3548454838257866
2.2988643940592377
0.9169340242585882
====================
200
4
0.14214740789623864
0.10465868765657338
0.12223940583883905
0.03748872023966528
3.4196302786396724
2.8899680195216413
2.591040169163202
1.1335372121985319
====================
0
4
0.0
0.0001314887565829307
0.0
0.0001314887565829307
0.0
0.02756275539807024
0.0
0.02756275539807024
====================
50
4
0.084930175928418
0.07874847549554254
0.03912897266549842
0.00618170043287547
0.3652250915061406
0.4573652800437064
0.09799054939164795
0.30210044920631685
====================
100
4
0.07169910237768873
0.053311049681669775
0.06702965189227861
0.018388052696018953
1.1053997629061914
0.858360372395556
0.6295078120748875
0.3493728152943256
====================
150
4
0.0485280032890969
0.054602608134628916
0.07883070672947756
0.006074604845532017
1.5361622307051768
1.9468195621053257
1.2250268164239377
0.5338638447046016
====================
200
4
0.08120920567302878
0.09176836889634457
0.06974189187327562
0.010559163223315784
0.7997993529088179
1.6663800784946372
0.6498763235696222
1.1123363141962403
====================
0
4
0.0
0.00024854802031702895
0.0
0.00024854802031702895
0.0
0.02269916467500222
0.0
0.02269916467500222
====================
50
4
0.08630450107624554
0.07068279454459203
0.051747855286447875
0.015621706531653512
0.6211258494672799
0.4982476268358925
0.3580795391840726
0.23979252184344058
====================
100
4
0.09392833627177666
0.06686734080799628
0.07431534685200125
0.02706099546378038
1.5571253842872306
0.6952509166934205
1.1322733922840447
0.9013753803623878
====================
150
4
0.01021539322452214
0.019363084807143105
0.012885469510042658
0.029578478031665245
2.1606100489536106
1.1935964785363267
1.8173118989373198
0.9703131010100584
====================
200
4
0.026781839608498267
0.005939181007540956
0.024543956983862233
0.03272102061603922
2.727951233108444
1.6675468826102395
2.2538757506393425
1.0888822911857015
