====================
0
3
0.0
-0.0
-9.806612855101093e-08
2.4243571816728187e-08
0.0
0.0
-3.352345068208251e-10
-1.1406689276226785e-10
0.0
0.0
-2.3377863545423274e-08
-0.03376379673026904
====================
50
3
-0.37473552423796974
-0.06605456024350512
-0.5579470618783047
-0.09834922345959124
-0.7277010715441108
-0.06933411813803839
-0.7023036340802236
-0.06691429357217905
-0.05627422184541975
-0.04480953198250598
-0.029954589395579934
-0.023851971427185918
====================
100
3
0.36330682558898
0.024398467836621494
-0.4461017860120169
-0.02995869967548373
-0.9497581228146093
-0.05646478660623696
-0.3590999857546393
-0.021349124138942868
0.032394750392354545
-0.5644554653887128
0.10655763734452332
-1.8566909776906275
====================
150
3
-1.1522423740419008
-0.04452568024888819
-1.8185178997522229
-0.07027232147973646
-1.2535918954246306
-0.05233504640667106
-1.0551659733482204
-0.04405114645641028
0.02589517984914136
0.022063153841326035
0.09700729093932137
0.08265193739503952
====================
200
3
-1.3204781014348796
-0.03667804293938471
-2.4282960935008333
-0.06744916730552537
-0.5523442066632107
-0.01881621779274858
-0.2337099196136272
-0.00796158752952604
0.11208965861843871
-0.8176590458032089
0.1650981005357289
-1.204339071167087
====================
250
3
-2.4892052019623705
-0.05336758681452778
-3.0054222290587234
-0.064435078151515
0.9344962134786243
0.02693316868249692
-0.36931690692833996
-0.010644103644435495
0.12458754168191977
0.11589624416815777
0.05699240145255535
0.05301657922859214
====================
300
3
-2.5235845547586138
-0.044560711995932416
-3.200337011648564
-0.05651060734108651
1.8891477100959762
0.04741249091828239
-0.8574023135311393
-0.02151847586420026
0.12139320074635905
-0.8292474147966064
0.02841668732394534
-0.19411683978661332
====================
350
3
-3.880655941172286
-0.057523909293283805
-2.7779501386201133
-0.04117823229311483
3.9321365150419254
0.08810334891359389
-3.156239882077429
-0.07071862905113387
0.2040480885747784
0.20496396841159517
0.04976453118140567
0.04998790171634202
====================
400
3
-4.638463978931725
-0.05933443680032156
-0.07379248695671947
-0.0009439408548949028
5.435359391584242
0.11040641796363942
-7.442759361693398
-0.15118198111466602
0.14210047450602592
-0.8504077175649026
-0.12977671751359826
0.7766555496556358
====================
450
3
-5.609125614223984
-0.06329583356697889
0.6748712771874068
0.007615543487146233
7.0044053364844245
0.12854378047558945
-10.521536909730813
-0.19308964370543846
0.1512934731807296
0.14432459782964038
-0.1514109034046014
-0.1444366189861188
====================
500
3
-5.988235170354955
-0.060516441972185024
-0.35685354676944314
-0.003606322454159952
6.350086087695701
0.10367914088911824
-13.805829768843388
-0.22541057710518533
-0.008479621135515952
0.5133942572867988
-0.49524969462739654
29.98463552573278
