====================
0
4
0.0
-0.0
-9.91799540273064e-08
2.4518929019852063e-08
0.0
-0.0
-5.166556071856121e-10
1.7579712458499593e-10
0.0
0.0
-2.3439060254227603e-08
-0.033446810405247794
====================
50
4
0.5623503312995579
0.11946960154013296
0.030055833754359718
0.006385269613501972
0.3254804986680435
0.09031090320231165
0.22645914318499427
0.06283549964791317
-0.04053970061754164
-0.032579006770923624
0.010472114206851124
0.008415727655947775
====================
100
4
0.012123696337873469
0.0007983020110585326
-1.1346366715735297
-0.07471176376368938
-1.5884731264761012
-0.13620048858483882
-0.22667231987264103
-0.019435570045683782
-0.04545097329577398
-1.8411871953125951
0.10231485714060731
4.144703428717097
====================
150
4
0.35777845930108754
0.014732933132381297
-1.2059851332399525
-0.04966117401639825
-1.477499038082808
-0.08020817163598377
-0.38860089657131525
-0.021095761558351918
-0.09482102124792502
-0.0730160973256328
0.002253441897008379
0.0017352432056116777
====================
200
4
1.7502683170854567
0.053327135019508705
-1.2249610362905976
-0.0373220848130776
-2.606501201705857
-0.10144155803762155
-0.29958253120946665
-0.011659353430128284
-0.09005943041475044
-1.2996686777281488
0.06986534678862397
1.0082431396869844
====================
250
4
1.8050678121505754
0.04276437841018986
-2.5820020705086435
-0.06117095039635802
-3.4757508344016053
-0.10396204980959303
0.1738981382678162
0.005201410507754851
-0.10201233643065799
-0.07812110248377858
0.05641179345521086
0.04320018197802836
====================
300
4
2.083883405112651
0.04018258191823691
-2.4979047817977786
-0.0481659690135682
-4.0402110422852004
-0.10064761484436818
-2.058719546066051
-0.05128573972408882
-0.03040756243039399
-3.1535664143503555
0.10664429439118417
11.060073159233921
====================
350
4
0.9730110974425443
0.015589552899513142
-2.733904999870539
-0.04380253907663365
-5.3238581801645495
-0.11023664531315637
-2.7507636729468388
-0.056957745509588986
-0.00953240190957505
-0.007856311851371214
0.004589314578724357
0.0037823716264298994
====================
400
4
1.2305533156527275
0.017070549785471636
0.2135044707799949
0.0029617885316390673
-6.138180964688345
-0.11109037861616906
-8.455994532663873
-0.15303876500447564
0.0002405802666233317
-0.01145300439567864
-0.0694049787295348
3.3040761722817664
====================
450
4
0.7031266254116844
0.00856877694894265
0.736704312130513
0.008977977365420487
-5.333442468428416
-0.0869797309954864
-11.095140459286029
-0.18094360972645954
0.025020207569559583
0.021225321556896652
-0.2547137092140177
-0.21608055680541108
====================
500
4
-0.010889055216409815
-0.00011746501696157044
2.2518645422785113
0.02429185098219353
-5.38931626008327
-0.07981937444429309
-14.426502451312238
-0.2136661397312415
0.18131529850225125
-0.8972425524891965
-0.18879618454895297
0.9342618737867875
