====================
0
2
0.0
0.0
-2.4121808372967735e-07
-1.5611367710478405e-07
0.0
-0.0
-4.714628687452205e-10
9.914511371736381e-11
0.0
0.0
-2.466002745597806e-08
-0.03498093211983168
====================
50
2
-0.19247465182798074
-0.017369728213030226
-0.4864933002966936
-0.04390321698654566
0.502125978894679
0.31951340204663076
0.1386698467734735
0.08823856236518464
-0.030988111693371012
-0.025181962419287784
-0.02838551426966851
-0.023067005846111637
====================
100
2
-0.5495894200755842
-0.025689390066252395
-0.6921773864191145
-0.03235436168388079
0.2254972041522505
0.02836122592225054
-0.2611818691783281
-0.03284935627654575
0.16891059847353745
-0.8710911048509664
0.1291854848110753
-0.6662241902625035
====================
150
2
-0.8513052962092118
-0.02731397035277138
-0.7214938400870317
-0.023148994192327115
2.305878453392884
0.18157205205048263
0.104149224836668
0.008201034380296908
0.05175389787620377
0.04508863542271712
0.018746781188959005
0.01633242745117125
====================
200
2
-1.2779879395573772
-0.030758160314881256
-1.4202627303935103
-0.03418237950338128
1.9140846968556318
0.09972280332313832
0.1641731625734586
0.008553335194176863
0.12220846126334807
-0.830193516156591
0.10118021658384066
-0.6873432404178101
====================
250
2
-1.9429248728546185
-0.03759053960470713
-1.2818352791192211
-0.024800176527488095
4.299736235466625
0.1819038854579349
0.725772783456101
0.030704415815394247
0.16547218820395604
0.16001449630059197
0.11972593477569404
0.11577707018436703
====================
300
2
-3.1409740274078075
-0.049983619637318476
-2.3430828166339097
-0.0372864465810371
5.11384394600071
0.17679035268241108
-0.29415752618482216
-0.010169299913633512
0.10617662859197978
-0.8094399308561137
0.048550060526171154
-0.3701224851128168
====================
350
2
-2.886861950979224
-0.04006303200562619
-1.5006813362672489
-0.020826019888040483
5.519164163356301
0.15613034357490474
-1.9921203390823408
-0.056354626131348576
-0.1462925804697981
-0.10869722602430822
-0.10854410257320324
-0.08064963249069859
====================
400
2
-1.9277358742779427
-0.023783249048441885
0.6062657617635949
0.00747974335797829
3.7458918281319242
0.08665884619577029
-5.560216397923263
-0.12863210144621992
-0.01776144931340102
2.454975551003753
-0.12966588793770137
17.92233162223264
====================
450
2
-1.0596549847838475
-0.011818814142828364
3.0568804102904608
0.03409477796534458
4.938289173901325
0.10106534636485308
-10.790516052315112
-0.22083503089414766
-0.10849339543994052
-0.08294138768507661
-0.3032778254901827
-0.231850829244192
====================
500
2
0.042330139829729774
0.0004296960855762048
4.625864592932359
0.04695746142072897
4.41926615710846
0.0796492398628895
-12.081824532794556
-0.21775292683967645
0.003123035656125709
-0.11106352684586566
-0.05359423877135862
1.9059549207807465
