====================
0
1
0.0
0.0
2.190532608636886e-07
1.417688631914671e-07
0.0
0.0
-3.1653524246166853e-10
-6.656501920002563e-11
0.0
0.0
-2.0428098056230508e-08
-0.029413289405643257
====================
50
1
0.2748076845595069
0.02614881054807287
-0.09318935932570405
-0.008867258956058995
-0.2177134741979483
-0.018230136420328256
-0.3862165200390244
-0.03233966052874741
-0.07529619250917796
-0.05836891508406278
-0.07433114932954776
-0.05762082249760932
====================
100
1
0.992535999104387
0.05050132487436153
-0.002928539317121448
-0.000149007306127681
-0.9922134612258233
-0.05230530377576501
-0.7939903323916511
-0.041855817476471345
-0.07522106334605592
-1.1509809337612327
-0.061006859409996846
-0.9334849693166449
====================
150
1
1.1100254499787887
0.03840410819106356
-1.2474664018852728
-0.04315922185715135
-2.402103777556352
-0.08782486607626541
-0.5283544452689135
-0.01931750777385106
-0.2362319096186396
-0.16281292974822173
-0.1625569217962013
-0.11203553631352348
====================
200
1
1.310854443956849
0.033990774777096784
-2.5853945783247383
-0.06703991066811087
-4.121249774788527
-0.11667372205219108
-0.010481387195937941
-0.0002967309731871343
0.05718489470029169
-0.8528429179829341
0.2575403127722188
-3.840899471688215
====================
250
1
1.3062403194095467
0.02724895220134547
-2.7679500643813384
-0.057741089353398334
-3.480465530972218
-0.08355737396322427
0.246809921901594
0.005925296130257893
-0.0844750482016845
-0.06502162692515709
0.046704678841287706
0.03594924498920772
====================
300
1
1.8566043686955283
0.03243038323051378
-3.1124170129841886
-0.0543663896337633
-4.35404116467582
-0.0892590549226605
-0.6499353363179168
-0.013323855169591186
-0.06706816447582775
-1.1725003619450418
0.010560902367336318
0.1846280115900735
====================
350
1
1.3712214444821171
0.02043489745966685
-2.8703101443129384
-0.0427753618589513
-3.8988813950775096
-0.07050904261030375
-1.592479860811629
-0.028799088503636185
-0.09121237185187292
-0.06984523495597654
-0.006425155397122184
-0.004920017747915245
====================
400
1
2.518057948834638
0.03321225748048599
0.366328919069403
0.004831743601576706
-5.446644555521999
-0.08632231187089244
-7.408659174879389
-0.11741772045519415
-0.0958413310686787
-1.1147692636075113
-0.2202256997138029
-2.561534135220661
====================
450
1
2.5134275260599708
0.02950399204112024
1.45976569174492
0.017135531024702746
-5.970365010410887
-0.0845758448462746
-10.21269195535325
-0.14467240257046013
-0.10609090480720607
-0.08032323412526783
-0.17072668270563995
-0.12926008437119083
====================
500
1
4.257052475790815
0.04562376041816302
3.5835940437680875
0.03840615943040708
-8.527614587588786
-0.10739832761665719
-13.692643411530938
-0.17244763913110553
-0.350547331109639
-1.028963205531646
-0.49744966991793094
-1.4601663214184402
