====================
0
0
0.0
0.0
1.8206155161237803e-07
3.6411919230269e-08
0.0
-0.0
-3.7782737955447064e-10
0.00040546940135606296
0.0
0.0
-2.08028002731142e-08
-0.029365329068596707
====================
50
0
-0.7518538126889531
-0.05005063809582347
-0.7929940275792191
-0.05278932741535076
0.31060507960621475
0.04693526928438143
0.03362896065331178
0.005081643629325484
-0.008129043540644476
-0.006671960902626412
0.013654611955102203
0.01120710408911826
====================
100
0
-0.827001884077994
-0.0330976234455736
-1.5093025833024285
-0.06040412909490312
-0.01777549456672567
-0.0013512527360179914
0.22644237735018358
0.017213635367289648
0.032488554605540954
-0.6941311709320747
0.06213483760130694
-1.3275360539589431
====================
150
0
-1.3738076995066706
-0.039327920980606196
-1.3453616398160335
-0.03851359712136104
0.06900722974869922
0.003450737229520403
-1.0189093071908744
-0.050951013287048624
-0.06499822128035015
-0.05096867770288347
-0.09302630496501418
-0.07294703858435206
====================
200
0
-0.13632908136781907
-0.0031279346145107133
-2.343655767289114
-0.053772840874813856
-1.6651593588461218
-0.05959619068216495
-0.14515465787923532
-0.0051950971679790665
-0.13147244629873928
-1.1221963302784446
-0.03834851270448551
-0.3273275993573919
====================
250
0
1.1976016324669132
0.023187307656433103
-2.9797310260097305
-0.05769192205523779
-3.388160653634081
-0.09258918555974652
0.26178147288290887
0.007153773343912134
-0.3318208948874817
-0.21517737028201148
-0.19215153626685866
-0.12460536062254787
====================
300
0
2.522510281144946
0.04189253152500738
-4.281352544738844
-0.07110246399817809
-7.302774769975429
-0.1563200713404059
-0.5605796732294621
-0.011999528572549115
-0.29022200650983865
-1.0518875340408818
-0.005270330335538864
-0.019101910454343483
====================
350
0
5.105202301419169
0.07616326433036473
-2.494363867191012
-0.03721280437802996
-9.954555801872445
-0.17681783921616825
-3.148301671591007
-0.055921721656998706
-0.5428601846599366
-0.3096537326070843
-0.24975250168590812
-0.1424617176952194
====================
400
0
10.416989803135365
0.14547310658127469
-0.03464012239555814
-0.0004837487904347089
-15.183589091417659
-0.22415796003133134
-7.190705002366407
-0.1061576255003255
-0.551631374074045
-1.0266437199090634
-0.3132619517519185
-0.5830132776483341
====================
450
0
14.169222129150555
0.1834108423539427
4.155612315933595
0.05379154539427722
-18.648798484336155
-0.23868597722444237
-10.541986925992177
-0.1349268937315834
-0.4970053554810778
-0.2911119684257079
-0.4377946397752277
-0.25643035421183197
====================
500
0
17.128610727217293
0.20346549633443442
5.6703515354003144
0.06735636111501381
-21.89881278182935
-0.2500154761472706
-14.769335831674454
-0.16861930220249
-0.32141805450139643
-1.046616692016892
-0.35693486154803467
-1.1622682012633747
