====================
0
2
0.0
0.0
1.0746398121205674e-08
0.0
0.0
5.437194032143501e-08
====================
50
2
0.06384269541483634
0.02957349671052878
0.0039058414948738296
0.4328654406172181
0.2998332951673434
0.06797133430432376
====================
100
2
0.046959474455591455
0.01857015087524294
0.0034077611821849985
0.8894806216560706
0.3573128688114543
0.4884645702570506
====================
150
2
0.06763527330173402
0.0033078250197142722
0.006150158537054251
1.0715981885285002
0.8736093101465051
0.4238963446877044
====================
200
2
0.044475427692672945
0.0432289551177011
0.005652826829855316
2.1059586392072975
0.7290546533509893
0.6654153560523376
====================
250
2
0.058214693926253114
0.03198930432621094
0.006487112470914713
2.728950538528371
0.8568978592506536
0.48420882195846476
====================
300
2
0.08170503239791982
0.005848076044986605
0.008834627984167565
2.9100558154036724
0.6073106345035101
0.48980684500232696
====================
350
2
0.0611822043212531
0.042062778398265666
0.005868486798950023
3.414955881630096
0.9143417053312412
2.549793652901998
====================
400
2
0.0679166957562831
0.05803399344026748
0.0015641493456489929
5.014571617126389
1.4241761916294104
4.759632493559307
====================
450
2
0.06742640641929132
0.05299732194291429
0.006500804572908692
3.7373176249211766
1.8729486062660023
3.4574353582249735
====================
500
2
0.012484189039811966
0.07084206712935703
0.008705569667747604
3.7290013389465138
2.2124536276396385
2.407845347548913
====================
550
2
0.05087569264114378
0.10153491092115186
0.02318975054791861
4.736274392739605
2.880881751292932
3.1481857463774134
====================
600
2
0.08714672329112141
0.14202161553713766
0.0029554347119093924
7.970429073290019
3.7823262231403327
2.7083787128807555
====================
650
2
0.08242294018671048
0.1715739893822381
0.0055199410485251565
8.302606180384767
5.784274502277566
3.1238376223169655
====================
700
2
0.022639656532827956
0.1493924446363697
0.01003119257555074
8.991158438450169
7.086489927337458
0.5545029556440354
====================
750
2
0.013664234865322866
0.1684919638984792
0.0006111256504353069
9.101024209196936
8.173879392818229
0.6943799994578741
====================
800
2
0.058193864022679426
0.23225144900110828
0.01082280237588959
10.359229821890832
10.319080113135382
1.3666934776229351
====================
850
2
0.05504671429601404
0.24421808577738524
0.01270360524313463
9.747208623378615
12.77663061974781
0.2838196595965122
====================
900
2
0.1444058089034881
0.2768538209718878
0.010708018165435984
9.167144798540267
14.551565650461862
0.649897606835242
====================
950
2
0.012495448970362588
0.3178511831652191
0.001671261818323888
9.027176203738964
17.158859208803285
1.5550536345458688
====================
1000
2
0.11840971685619887
0.2721665427757868
0.0017972373880559937
11.49458386137305
19.79203982460424
1.6611172605640216
