====================
0
1
0.0
0.0
1.2373457754433126e-08
0.0
0.0
1.2530860380862073e-07
====================
50
1
0.06920840080534219
0.03449054589591749
0.005172439460044753
0.5019286873202844
0.4700245257398478
0.060683711741741524
====================
100
1
0.07079364441137814
0.008017361087556907
0.0133403662537539
0.631864041285388
0.36378724787170746
0.14773934874280825
====================
150
1
0.06359338198716658
0.01896361191611562
0.0023833948923732695
1.1332469665945661
0.46357998245740045
0.24456309382616614
====================
200
1
0.012179886305292917
0.07448609533051109
0.005075893394370534
2.0358265887620584
0.7524703888168092
0.8513097110925727
====================
250
1
0.03825528808539769
0.03245925389599136
0.008053154145974073
1.3668669205997357
1.1384049340019418
0.4226318122151711
====================
300
1
0.03852594528607378
0.0127218503915425
0.004204064023830334
2.1852651210908327
1.3074548528889858
0.8664742788768293
====================
350
1
0.05819845702760462
0.05799984447849438
0.015222287462707484
1.8301624942847525
0.6015018172005241
0.484812314649701
====================
400
1
0.16559074107222443
0.07270955802285999
0.006945555071402237
3.56956721768534
0.6563376669651362
3.298631936470566
====================
450
1
0.03646684052015092
0.05664650461906273
0.0011396031068078294
4.201988901063458
1.5113967341564942
1.6066597924101216
====================
500
1
0.006151722133102666
0.06436621451963642
0.002766905956995913
5.055459788469495
1.0097773312561535
1.2049122880357384
====================
550
1
0.016527174499911812
0.023543863290950817
0.00303679524118472
5.004041668913035
1.5049293237270405
2.296224231150366
====================
600
1
0.02812714097634226
0.07389278520962413
0.0031207079092839506
7.8721421923021495
1.7548675897534232
3.757681089865615
====================
650
1
0.059639683824688206
0.04157137693003565
0.00727015570972811
8.829185072068087
1.8580759128379016
3.7121221569060707
====================
700
1
0.03934206105163085
0.008558063970515839
0.01175232532313153
9.055648874234944
1.6207111555899854
0.3749785146827264
====================
750
1
0.10615783181145955
0.11236154623658745
0.004432556360664197
8.048300647475275
0.9261386624536566
0.9892547360042659
====================
800
1
0.07606497019481273
0.19243251591139315
0.01346245675394459
10.476612515749006
1.8179087883473513
2.696134973144837
====================
850
1
0.0475658290595784
0.13568592321187545
0.0012954446489419347
9.457586715370017
3.684236916291312
2.4400659253988812
====================
900
1
0.07584420080167975
0.08321429859085772
0.009730980197754757
9.077209564645704
3.4075346883328614
1.0993086393766731
====================
950
1
0.1711091462532348
0.1326363689717569
0.01278805108521075
10.101581383209323
4.532787636294272
1.4303793583913387
====================
1000
1
0.24187117698190708
0.1588809558460053
0.012057914730145
13.189761894475133
6.141720122113448
1.5748993011505503
