====================
0
4
0.0
0.0
1.0060751993801466e-08
0.0
0.0
1.267695280495505e-07
====================
50
4
0.032468425261094724
0.01841549424923583
0.0005606139574008129
0.8865495825573196
0.6329741194373572
0.010350234190573836
====================
100
4
0.1138328928791923
0.022826737067244807
0.004700138472279569
0.7193261127460248
0.4674685357847406
0.055190886294557005
====================
150
4
0.06923603928865685
0.008988565306203622
0.01611933662730558
1.923346864955464
0.6432960845898715
0.73888059354434
====================
200
4
0.049972228536196234
0.001380427942675188
0.009732572864628967
2.95762210539365
0.7144480078432164
1.313808729933933
====================
250
4
0.07456326435007354
0.030839272826240105
0.0005886831938228809
1.9316473969915688
1.0489594270787033
0.2824393437712551
====================
300
4
0.009426878532535543
0.083523141082404
0.011321918441998147
3.117932400597462
1.717351473597285
0.5982624726396696
====================
350
4
0.009033359562987231
0.013199345867543011
0.010312458908527056
3.2083818053286945
2.276161681402115
1.4171969330850014
====================
400
4
0.10043358143747384
0.029448187072745907
0.0025500190264692094
5.152154715959936
2.476555619812377
3.170271503964451
====================
450
4
0.10031148047017502
0.03893507749221836
0.0036872886681469375
4.618351766935019
2.1834265318460386
2.1183092505773975
====================
500
4
0.12269612107325178
0.03219648683157006
0.011949300175740252
6.136753468214522
2.6040546321621223
1.1597918718966551
====================
550
4
0.13737550792662723
0.049358836934146666
0.0074109816526088945
7.829429749391983
3.15883973163883
1.2236433219073326
====================
600
4
0.20342861543671853
0.0011400453430465696
0.008513861365084231
9.966449241132441
2.620083837517654
1.4231949484198645
====================
650
4
0.20583682302944872
0.07341209389196979
0.006544973052770908
11.005098967410255
2.5982338854217053
0.19678917641025417
====================
700
4
0.1137063087816772
0.13121309437265039
0.018112008112952882
12.940071262788567
3.817592188520246
2.993331725413505
====================
750
4
0.08408406902015608
0.09316435237950182
0.002546389999593446
12.995955770834286
4.970933257127993
2.3311412393813
====================
800
4
0.13260992446834874
0.07871524773965703
0.007538034758477329
11.379280492111818
5.306818690345079
1.9605769923462704
====================
850
4
0.06577234253378639
0.07291533266053984
0.0025346146204567876
13.822591499604464
5.844010335450083
2.7093011351778458
====================
900
4
0.01511545392262681
0.0862079204427153
0.0025060972412398463
14.817079652128113
7.190490862247582
3.3163054523860622
====================
950
4
0.03348188012792108
0.0354769998276907
0.004370910969443642
13.584830336250658
8.048358938940988
1.24206392336556
====================
1000
4
0.06201447300366744
0.012752591714796133
0.0010654734984285631
14.326839097915537
7.678137600024479
1.0219833611195188
