====================
0
3
0.0
0.0
1.1590556438940591e-08
0.0
0.0
4.3131236729039246e-08
====================
50
3
0.024183925076028512
0.004112598253721345
0.004094056730582274
0.39401831659528674
0.24890826699476284
0.03991582267436205
====================
100
3
0.08779344998684824
0.03643971363466347
0.0018262615892714607
0.13043554297955634
0.5818886419263594
0.015516706673683517
====================
150
3
0.08585640845706943
0.062040854177390914
0.0019815004842422823
0.7093590071816763
1.4492525718930895
0.47724808420027837
====================
200
3
0.0011723314214193252
0.03720667095730612
0.0034913788920138272
2.2349013082156524
1.8529617744251243
1.1619535063982191
====================
250
3
0.09090671515892157
0.1088764114270826
0.0005650912519115092
1.2021880742290942
2.43344413676007
0.6424310585093725
====================
300
3
0.049030141988043674
0.1633004089268777
0.009580602393724824
2.3307613140335555
3.8255755639877065
0.8407554090783467
====================
350
3
0.01403413517030061
0.10361262198871701
0.006967767161835781
2.708767120702486
5.05449545667287
1.1373654353876919
====================
400
3
0.15881490463540948
0.06472478654189041
0.003472946564222555
4.00709049866881
5.372857930938676
4.176062572233628
====================
450
3
0.13360512906689892
0.09357428359983144
0.005471866498675704
4.570257546574694
5.985093241722061
2.0313245959293806
====================
500
3
0.07268034925747013
0.08740605841371485
0.00024338805528456575
6.228948646539622
7.119508638080887
1.297586534899955
====================
550
3
0.04270885971955973
0.04950360626352057
0.00455675089212626
6.853634051930893
7.902737310411684
1.8220881446646167
====================
600
3
0.05934254702856952
0.04079533926145122
0.0035306532355849213
9.81307482101418
8.34945230271803
3.1984877954126487
====================
650
3
0.08025194464766083
0.025306704254918877
0.006525209252415287
9.906013154628441
7.832023288473104
2.9141884096601505
====================
700
3
0.05959703686212947
0.05854349959486571
0.004859585178512482
9.97019922023144
7.286129518332322
0.2111630222977378
====================
750
3
0.07616880809458504
0.07877168174301263
0.00018166401200314652
9.141068869347581
6.535279035003037
1.6030748283276166
====================
800
3
0.12932854398291072
0.11198413047010035
0.013629619820937341
11.042433883405621
6.3305445076209805
0.5972359633832703
====================
850
3
0.14662641071199478
0.059347516482668894
0.0010319234317703874
11.97945045663321
5.684545708567937
0.5721487369076419
====================
900
3
0.13450779281325564
0.010582390802720276
0.00455422685008422
13.915835003822712
5.455217736981449
1.6385441561566632
====================
950
3
0.35897504611101627
0.004707819967383342
0.017618439268392905
15.538597415118913
5.407169876587974
3.1143529740346323
====================
1000
3
0.31555856711216246
0.04036027404225833
0.005266926190075308
14.979955785328459
5.361864814014471
2.7186917629766563
