====================
0
0
0.0
0.0
1.2352169828753031e-08
0.0
0.0
1.1177934733441553e-07
====================
50
0
0.013685788329767856
0.014552525347990342
0.0020146437495802694
0.4263868175513348
0.30546425804155974
0.008987448363747827
====================
100
0
0.046945660017931434
0.06287205150028985
0.008864552533590864
0.9894588650712951
0.7710465485027221
0.09522764795769159
====================
150
0
0.05938951557739358
0.028869522471125952
0.00849420072627316
1.8168807028333949
1.5015959200901456
0.21002417760810255
====================
200
0
0.08144802770989627
0.0381549985829164
0.008686731944758367
2.6821242804813696
1.2904160483911644
0.8622526028911448
====================
250
0
0.11393404666187612
0.09186117197754551
0.011518776482219995
2.0194062840936917
2.1286625100810457
0.737261912085138
====================
300
0
0.015599018276017507
0.09844580626575716
0.004915177550590233
4.241429887163246
3.1379854416542883
1.8058739418429672
====================
350
0
0.0015779281594943129
0.08620874337009043
0.003780178430503156
3.555054228512277
4.3128971909365434
0.2858774858671053
====================
400
0
0.12880423658723134
0.055704343229814005
0.003260436858473669
5.26558182324804
4.734071674765279
2.7709415091619056
====================
450
0
0.1473031557567166
0.08890942566078697
0.00757738853660439
5.080513777519067
5.222881786413431
1.760219590833315
====================
500
0
0.0603908860500697
0.10623327209345401
0.004168882591125023
5.984634195095746
6.543800983240113
0.26484150980569565
====================
550
0
0.031101910934882904
0.11339518488406597
0.009756733605819079
6.216344261723954
7.752068628978317
0.8764431586313867
====================
600
0
0.1773911342259496
0.1287483911262139
0.00589921988202727
8.737018641675395
8.5517382814245
2.2990219528946936
====================
650
0
0.13390486189471829
0.10396998336174956
0.00012415793276177034
9.463577805440787
9.98917840960461
1.0549017341592704
====================
700
0
0.029657052148286844
0.17454782737778363
0.002831027381503759
10.071888778035174
11.428830805230362
1.4963167791332679
====================
750
0
0.04403594445131387
0.17333054673544956
0.001926131890538807
9.600612977515118
13.34609047471046
0.7002593074779914
====================
800
0
0.07823377561861056
0.12083880441190366
0.003342078707843553
9.915637685700935
14.74859460615072
0.27367302216485384
====================
850
0
0.010641745722427487
0.11682864756753553
0.00026627170626647434
11.33150369957441
16.02163162359421
1.3233598383193386
====================
900
0
0.02988112897267481
0.13044273855342503
0.013578102356634147
11.418308163059013
17.338811735903853
1.4452752319658988
====================
950
0
0.08204930658619602
0.023416721778246163
0.0032597804584757473
9.968154957333947
18.35097637505701
0.08021836706852818
====================
1000
0
0.029675484349175503
0.02535639543649916
0.0007903739490204495
12.186271948613259
18.86688622605115
2.401666981205512
