====================
0
1
0.0
1.1323614224669989e-08
0.0
1.1323614224669989e-08
0.0
1.0117083633818183e-08
0.0
1.0117083633818183e-08
====================
50
1
0.012441789862759345
0.009107034320867902
0.010392033173835191
0.003334755541891443
0.5661415321332596
0.290131314235834
0.5331380006568855
0.8536294313311157
====================
100
1
0.005966335795482891
0.005319152383216341
0.0031354211520620012
0.0006471834122665499
0.42579929061471083
0.9760281623455989
0.6445909720023384
0.7611328278118709
====================
150
1
0.07279129096180115
0.10366335627684387
0.09124025028985949
0.030872065315042718
0.15179683035442687
1.6002851402679947
0.12131233826782209
1.7511733970954326
====================
200
1
0.0995897250473465
0.10637629424236134
0.07701213651262175
0.006786569195014829
0.80738913518145
1.961337459029896
0.8361393243439413
2.6666633081535807
====================
250
1
0.12776483729195487
0.0281388870692183
0.07352645040467665
0.09962595022273657
1.713638626772198
3.277157313748702
1.1528845538971166
4.334004775400626
====================
300
1
0.12265182000613573
0.035021935052730324
0.1006433452292228
0.0876298849534054
2.459373679250032
3.6058959562490536
1.7036421014418224
4.649706404046911
====================
350
1
0.060647466365914005
0.07650254699535397
0.08289536513910778
0.13715001336126798
3.7609381363236976
4.772220794002809
3.023650470867256
6.799158536422364
====================
400
1
0.06807964840210193
0.011437159728981877
0.037316213981739545
0.0795168081310838
4.1354550735279485
4.426688144705588
3.202514315989892
6.776475215731487
====================
450
1
0.0998712901547738
0.15658707245415016
0.04288039884527328
0.25645836260892396
5.373004191189453
7.186009363088262
3.8189422086928375
11.004807604198875
====================
500
1
0.05734467062006976
0.23512580533503158
0.029024241399153716
0.29247047595510134
6.311956038780799
8.357876440546786
4.349920864209396
13.204393292109547
