====================
0
3
0.0
1.285842077894956e-08
0.0
1.285842077894956e-08
0.0
1.7639881206956308e-07
0.0
1.7639881206956308e-07
====================
50
3
0.05572316449909387
0.06716496356313595
0.10451169565222918
0.01144179906404208
0.4992824548882545
0.8076096484172047
0.7326234811556175
0.3223328120386439
====================
100
3
0.0600809318797455
0.08371510454671904
0.09044914866307252
0.02363417266697354
0.38658412265531306
1.0888227580422785
1.0093241214760802
0.7022393527238889
====================
150
3
0.1429436820859291
0.12201995041497504
0.11505616970942234
0.02092373167095407
1.3985941917777618
1.6943995109284502
1.8893021494258748
2.181677366541885
====================
200
3
0.16012778213552928
0.0009339841465312582
0.15353266159449766
0.16106176628206054
2.6935997630091304
1.6943373972548679
3.0162050863570613
3.289552960117993
====================
250
3
0.11759060739054505
0.012696902275734168
0.13420569448853414
0.13028750966627922
4.236686681329679
3.265156383831235
4.537218385280419
4.79017587141839
====================
300
3
0.10979212207652322
0.00550346425609094
0.12484910142746575
0.11529558633261416
5.350593760343773
3.21246622102062
5.878104935227371
4.94211049562463
====================
350
3
0.12158286572325427
0.04816478498294541
0.09197074151504658
0.07341808074030887
6.180609008266682
4.13003520655553
6.672047547046078
6.1029281582366925
====================
400
3
0.11759196752268325
0.040712936596622465
0.13751052853336565
0.07687903092606078
7.438037801781639
4.228327222507686
7.801728254175165
7.779417606759484
====================
450
3
0.1139815673495399
0.1387195567760442
0.16732768368579465
0.024737989426504292
8.563344778440937
6.039178560272824
9.381912602261133
8.649474102562946
====================
500
3
0.22038710640065773
0.25603796844999627
0.24535935464557124
0.03565086204933854
10.122639972537636
7.044141689817433
11.302895337195745
8.903370973351175
