====================
0
0
0.0
1.102977253160527e-08
0.0
1.102977253160527e-08
0.0
2.8185437867236596e-08
0.0
2.8185437867236596e-08
====================
50
0
0.04195045024710131
0.04210125273225307
0.04685837967894946
0.00015080248515175754
0.28990257949858456
0.6238660364839241
0.356536752096333
0.3825230488238306
====================
100
0
0.13844696369619403
0.11466536713137376
0.11345180164177382
0.023781596564820262
0.7921276057723959
1.1429388741354984
0.9398155039475269
1.3965056405374
====================
150
0
0.16791174132836661
0.04300381095095718
0.09983923562616903
0.12490793037740944
2.9854002888038873
1.6094644204167217
2.44723691395156
3.5232391073585125
====================
200
0
0.17650632651534245
0.0311829150014854
0.09434152662037198
0.20768924151682785
4.02267652179054
1.5315932636149825
2.907488718246679
4.927365327769284
====================
250
0
0.2026454753385889
0.02863708377572216
0.17250114615931467
0.17400839156286674
5.594611690617674
3.5332384568778394
3.9567005045217494
7.217479075130882
====================
300
0
0.20248305778199205
0.044027034996454883
0.1424872042629568
0.15845602278553717
7.876941912664286
3.5235905970287065
5.840537555836223
8.88798211124277
====================
350
0
0.19194378375796783
0.003237207759994032
0.08041003478515019
0.1887065759979738
9.730043471646438
4.493369954734488
6.663093895046775
11.030961114386674
====================
400
0
0.18327544761477524
0.01294075598221428
0.10402310220475273
0.17033469163256096
10.7935168337329
4.900906052671899
6.902229714549802
11.553781464902494
====================
450
0
0.06083758608859147
0.00457634952459629
0.03504850817714522
0.06541393561318776
11.72409376266025
5.952564661986184
7.336311398360889
12.31867373586783
====================
500
0
0.09999649678953126
0.11657701426205458
0.054160318417228126
0.016580517472523315
12.722516939433646
7.537992606186552
7.852166985995642
11.728459547908493
