====================
0
2
0.0
9.486773127563223e-09
0.0
9.486773127563223e-09
0.0
1.0445160378253896e-07
0.0
1.0445160378253896e-07
====================
50
2
0.010831670500950574
0.011697792580745547
0.03911221613420013
0.0008661220797949731
0.28028165399451954
0.6782236786212693
0.3560156686928124
0.41116603454646317
====================
100
2
0.06268258276933647
0.0735685372053072
0.05178904882324353
0.010885954435970735
0.3873635153677305
1.5129268009723373
0.4819213138904115
1.2452149723469836
====================
150
2
0.005562974524290443
0.027962798906530972
0.027287679299146994
0.033525773430821415
0.5324461745692532
2.022707170773123
0.3656818164944519
2.2542557703733843
====================
200
2
0.0457407256521106
0.02679811515246768
0.027005091354363582
0.07253884080457829
1.0485985425970872
1.9176085292714966
0.8506196937582952
2.694496970036847
====================
250
2
0.05321596238566406
0.04635546945578417
0.10031644650373406
0.006860492929879891
1.443114545811108
3.011518432470063
1.395132675730404
3.9912455134880167
====================
300
2
0.0884932191131127
0.08910114796666946
0.13442723661886236
0.0006079288535567606
2.235683192147409
3.7713662193176525
2.615610874898153
5.224753388359645
====================
350
2
0.2030754222644986
0.137090216233549
0.20250307727826256
0.0659852060309496
3.8494801911458882
4.732459997059275
4.435866675051574
6.785405870067171
====================
400
2
0.20171958264785064
0.07593104209952203
0.21527324946708462
0.1257885405483286
5.053975107266261
5.2003347324806874
5.607191252695148
6.9858826577257345
====================
450
2
0.13555973659930554
0.04479155105316046
0.20611494977221256
0.09076818554614507
6.079170856709467
6.233711836519821
7.029751225298705
7.065223644722116
====================
500
2
0.10991482355331517
0.09276212364755887
0.1446861850973069
0.017152699905756297
7.411435401959466
7.758958832503393
8.837258368769914
7.31995603939408
