====================
0
4
0.0
1.0434592404396455e-08
0.0
1.0434592404396455e-08
0.0
8.978696474321617e-08
0.0
8.978696474321617e-08
====================
50
4
0.07657384246186005
0.04841977111356144
0.06393662094014219
0.028154071348298615
0.37837902596090534
0.8187954394314269
0.28077884591447644
1.071541420639133
====================
100
4
0.08524969047120567
0.012501651077574838
0.08492114062341338
0.07274803939363084
1.0404330023663835
1.387011682875925
0.7274865408591163
1.881517418120281
====================
150
4
0.09430549144703448
0.027897991818309542
0.15792023323456283
0.06640749962872494
2.181632038728915
1.5323977378391622
2.4299779538155004
2.2113098230756285
====================
200
4
0.09478617264675547
0.024517677525978082
0.14212084524221127
0.07026849512077739
3.2044204812210157
1.8650913589734175
3.7119714956085392
2.7010195571777595
====================
250
4
0.19715212241967484
0.024973044267194933
0.19966408524239432
0.1721790781524799
3.839403764358962
3.6122701401092785
4.655161671332369
4.992093343322287
====================
300
4
0.1400433441554627
0.17934116051648052
0.1743408781218716
0.31938450467194324
5.459255756098062
3.8039053729330465
6.356270705051233
6.880178283405495
====================
350
4
0.05990733379783375
0.1271331324801821
0.14580280064695073
0.18704046627801585
6.168368835149357
4.653189691265317
7.870419425077036
8.347415032803415
====================
400
4
0.0539532106417975
0.170788872652208
0.11412951507681858
0.2247420832940055
6.8993550793722624
5.345531072265793
9.203686240807231
8.652391205897539
====================
450
4
0.07795764757975454
0.16611464123520148
0.11196908038984921
0.24407228881495602
7.745826571526334
6.634899451390119
10.403296421871968
11.436448689019064
====================
500
4
0.014432188522418787
0.22766187344210875
0.05523552407022159
0.24209406196452754
8.107264021643845
7.5526579792091555
11.11415370931456
13.602205189353905
