====================
0
4
0.0
-2.1339347088755624e-08
0.0
2.1339347088755624e-08
0.0
1.2908897599280212e-07
====================
50
4
-0.009937459537303184
-0.08170223202714566
0.009937459537303184
0.08170223202714566
0.2488874813529041
0.3607557832972372
====================
100
4
-0.05484983479787209
-0.14051103430155232
0.05484983479787209
0.14051103430155232
0.4118588497330928
0.9885260789177649
====================
150
4
-0.06075778887499195
-0.06989697662005767
0.06075778887499195
0.06989697662005767
0.7598663378766306
1.9645097978036203
====================
200
4
-0.010006814323395051
-0.025775427023001098
0.010006814323395051
0.025775427023001098
1.5201328162406451
2.431954321492865
====================
250
4
0.018584569080873026
-0.032025236419537695
0.018584569080873026
0.032025236419537695
1.2024706958203573
3.093770143056004
====================
300
4
-0.0395138353346991
-0.0453089877097379
0.0395138353346991
0.0453089877097379
1.3281427140815794
3.4754252220269617
====================
350
4
-0.07343482945172175
-0.028761048420055113
0.07343482945172175
0.028761048420055113
1.8175148263636713
3.0993898243350553
====================
400
4
-0.030248215329468753
0.019445621626045396
0.030248215329468753
0.019445621626045396
2.8046171094615375
1.6172934827349643
====================
450
4
-0.01273591962730447
-0.027572833695273413
0.01273591962730447
0.027572833695273413
2.8312381659630947
2.255015964621012
====================
500
4
-0.0647325329334918
-0.04622883183123516
0.0647325329334918
0.04622883183123516
3.0409455851813294
2.865209350959687
====================
550
4
-0.07810847210333849
-0.03880494120780065
0.07810847210333849
0.03880494120780065
3.739687904889081
3.637360831655789
====================
600
4
-0.029620556586126584
-0.033152571489543925
0.029620556586126584
0.033152571489543925
4.7385918266295635
4.60557770695534
====================
650
4
-0.024724796551959916
-0.05898626239995863
0.024724796551959916
0.05898626239995863
4.808883266295203
5.391393890324287
====================
700
4
-0.07404234871756321
-0.1525519983776915
0.07404234871756321
0.1525519983776915
5.024903519754841
6.394656782446359
====================
750
4
-0.10505107083899401
-0.1690165151167795
0.10505107083899401
0.1690165151167795
5.9674257416922725
5.629989066679151
====================
800
4
-0.0516425162804378
-0.14801697129264377
0.0516425162804378
0.14801697129264377
7.182931299804349
8.402180230856963
====================
850
4
-0.03271581799519785
-0.11661215114670753
0.03271581799519785
0.11661215114670753
7.367957942194209
9.020130146906908
====================
900
4
-0.0815875876457759
-0.16844154504161946
0.0815875876457759
0.16844154504161946
7.6606303303117
9.647984079348245
====================
950
4
-0.07948120162568517
-0.07355554555397292
0.07948120162568517
0.07355554555397292
8.507750383443346
9.849970004863483
====================
1000
4
-0.024164170844250474
0.05746093787132435
0.024164170844250474
0.05746093787132435
9.430581542755194
8.770356949047146
====================
0
4
0.0
-2.214969950310786e-08
0.0
2.214969950310786e-08
0.0
2.7830694551364098e-08
====================
50
4
-0.0003449930092132014
0.02179349021581034
0.0003449930092132014
0.02179349021581034
0.36094492069568807
0.5574645723416063
====================
0
4
0.0
-2.4419769960864605e-08
0.0
2.4419769960864605e-08
0.0
2.0486313910115808e-07
====================
0
4
0.0
-2.2108903121633688e-08
0.0
2.2108903121633688e-08
0.0
4.4968313720404526e-08
====================
0
4
0.0
-1.1930884938066178e-08
0.0
1.1930884938066178e-08
0.0
1.4628322982348977e-07
====================
0
4
0.0
-1.2739934645474806e-08
0.0
1.2739934645474806e-08
0.0
1.6002076965069945e-07
====================
50
4
-0.19330588337102195
-0.18733040205546203
0.19330588337102195
0.18733040205546203
6.563321163567742
3.242691805865453
====================
100
4
-0.22909882029194995
-0.19829742522055138
0.22909882029194995
0.19829742522055138
8.52132650562438
1.7394404207380023
====================
0
4
0.0
-1.0066842183962443e-08
0.0
1.0066842183962443e-08
0.0
1.296215022202065e-07
====================
50
4
-0.23902886060223705
-0.22614153059657993
0.23902886060223705
0.22614153059657993
2.5079413585031896
1.3928176662501048
====================
100
4
-0.3588436950316001
-0.2539839896914198
0.3588436950316001
0.2539839896914198
5.380765338023198
0.5852353683812722
====================
0
4
0.0
-9.105776265788176e-09
0.0
9.105776265788176e-09
0.0
1.4425856350872224e-07
====================
50
4
-0.22711713741952644
-0.22536856774925718
0.22711713741952644
0.22536856774925718
0.6655092144472862
4.513899674932803
====================
100
4
-0.34806154254726707
-0.3536623540966892
0.34806154254726707
0.3536623540966892
2.7475996368036535
7.08297638139605
====================
0
4
0.0
-1.2028780408877684e-08
0.0
1.2028780408877684e-08
0.0
7.821104609509933e-08
====================
50
4
0.10533540674343156
0.08060717025843189
0.10533540674343156
0.08060717025843189
1.620124472485245
0.6588245153983459
====================
100
4
0.10066178253328006
0.02905830414928845
0.10066178253328006
0.02905830414928845
1.0605080781973395
0.8704684289079737
====================
0
4
0.0
-1.032234722614826e-08
0.0
1.032234722614826e-08
0.0
1.0635399548702638e-07
====================
50
4
-0.03615427866180476
-0.058597716997285554
0.03615427866180476
0.058597716997285554
0.7329101409369777
0.7024316791265482
====================
100
4
-0.08634474886290322
-0.10392293215491577
0.08634474886290322
0.10392293215491577
0.18022614027913994
0.09373855115382758
====================
0
4
0.0
-1.2680213912853135e-08
0.0
1.2680213912853135e-08
0.0
1.6074692519172482e-07
====================
50
4
0.05882324636478997
0.043230976334860616
0.05882324636478997
0.043230976334860616
0.7111766510355604
0.6230561692843057
====================
100
4
0.0012620309339932412
-0.006737828082122643
0.0012620309339932412
0.006737828082122643
1.2536550080456306
1.1381731444156094
====================
0
4
0.0
-1.154690379711794e-08
0.0
1.154690379711794e-08
0.0
2.8181952254496795e-08
====================
50
4
-0.02846649524985856
-0.028168497973628748
0.02846649524985856
0.028168497973628748
0.099506782208541
0.1559268496004678
====================
100
4
-0.10136668056140463
-0.0935203165179197
0.10136668056140463
0.0935203165179197
0.35029955904158583
0.2136396434664853
====================
0
4
0.0
-1.2858420778944584e-08
0.0
1.2858420778944584e-08
0.0
1.7639880144549175e-07
====================
50
4
0.02732617984367658
0.014233755961395866
0.02732617984367658
0.014233755961395866
0.979342728047038
0.9124125675085973
====================
100
4
0.03668859515297074
0.00932396847821959
0.03668859515297074
0.00932396847821959
2.145292447407971
1.8678390241613252
====================
150
4
0.010957180064512517
-0.009552205353170473
0.010957180064512517
0.009552205353170473
2.31740563138117
2.31846486937374
====================
200
4
0.07115437571258204
0.07078537321038578
0.07115437571258204
0.07078537321038578
1.2953263890514144
2.5642872783378
====================
250
4
0.03823116639338675
0.03083002962360437
0.03823116639338675
0.03083002962360437
0.7528541675224774
2.5326037118146134
====================
300
4
-0.0884062358212514
-0.08465124375799116
0.0884062358212514
0.08465124375799116
3.143855207485093
2.077878612552913
====================
350
4
-0.07485759477267795
-0.05253483508506984
0.07485759477267795
0.05253483508506984
6.527891028410995
2.413486620225227
====================
400
4
0.04476682389799731
0.07928756916779969
0.04476682389799731
0.07928756916779969
9.12925847043243
2.193638993705897
====================
450
4
0.040247957305771465
0.00517380604698614
0.040247957305771465
0.00517380604698614
12.244444662811519
2.827155857034563
====================
500
4
-0.1583085892463294
-0.17759498869335433
0.1583085892463294
0.17759498869335433
14.749164328584062
3.145643475024788
====================
550
4
-0.19520156311584613
-0.18116155223084385
0.19520156311584613
0.18116155223084385
17.605233974216077
4.422012004252398
====================
600
4
-0.08628733165114014
-0.09778353407592137
0.08628733165114014
0.09778353407592137
18.03025533540403
5.618620103273193
====================
650
4
-0.1259815760152443
-0.07884281633852597
0.1259815760152443
0.07884281633852597
18.378288095401473
5.99555974912238
====================
700
4
-0.13401425451440918
-0.11224878362779345
0.13401425451440918
0.11224878362779345
20.718666719950598
6.792324986978681
====================
750
4
-0.15469535085376762
-0.10297677140665074
0.15469535085376762
0.10297677140665074
23.99850984805614
6.577530026851709
====================
800
4
-0.16462315403664562
-0.08858775023595153
0.16462315403664562
0.08858775023595153
25.07752571120841
6.082805179089508
====================
850
4
-0.11032905021799455
-0.023785133102056655
0.11032905021799455
0.023785133102056655
26.90679532779854
7.151011546572585
====================
900
4
-7.915895003453348
-7.867631306901923
7.915895003453348
7.867631306901923
29.99070090543606
4.86933105186142
====================
950
4
-16.55810888156305
-16.536708546023206
16.55810888156305
16.536708546023206
42.07120754033326
6.001006577429609
====================
1000
4
-16.52963018939634
-16.44395873394763
16.52963018939634
16.44395873394763
58.62755257933041
20.495318452646316
====================
0
4
0.0
-1.2409266733329072e-08
0.0
1.2409266733329072e-08
0.0
1.970580918185396e-07
====================
50
4
0.02892310872653403
0.014205890927605047
0.02892310872653403
0.014205890927605047
0.2734889969441778
0.22451089203227684
====================
100
4
-0.03493416512943437
-0.041016415659355765
0.03493416512943437
0.041016415659355765
0.8897794279827174
0.9267455815471686
====================
150
4
-0.07621666676433647
-0.06932481120289347
0.07621666676433647
0.06932481120289347
0.48431052033445976
1.3727076398599365
====================
200
4
0.004153571166754355
0.03212821740646179
0.004153571166754355
0.03212821740646179
1.7043477367831463
1.868506330483028
====================
250
4
-0.1454495152224673
-0.12614752353061132
0.1454495152224673
0.12614752353061132
2.725955517607977
2.5329174807925994
====================
300
4
-0.15686482626516618
-0.1050881156887602
0.15686482626516618
0.1050881156887602
4.420039210008857
2.4093202837599477
====================
350
4
-0.21341772137118942
-0.15522146332518338
0.21341772137118942
0.15522146332518338
7.833467634282444
1.2227626414220063
====================
400
4
-0.2005255657122207
-0.12275415075555003
0.2005255657122207
0.12275415075555003
9.654710353255394
1.984818678809732
====================
0
4
0.0
-1.2739934645474806e-08
0.0
1.2739934645474806e-08
0.0
1.6002076965069945e-07
====================
50
4
0.0569722997648181
0.03723467592086882
0.0569722997648181
0.03723467592086882
0.46254285026392655
0.42656785532219404
====================
100
4
0.01901254122349183
-0.006684651923657636
0.01901254122349183
0.006684651923657636
1.465935722944079
1.126996793860801
====================
150
4
-0.02235238124278638
-0.06789063651733329
0.02235238124278638
0.06789063651733329
1.4821913406474378
0.8772095048001616
====================
200
4
0.04976006178673259
-0.001451105167458347
0.04976006178673259
0.001451105167458347
1.2649497990432435
1.4943388531242394
====================
250
4
0.1388807991742651
0.08007046506728077
0.1388807991742651
0.08007046506728077
3.5235156553983376
1.7796386840123795
====================
300
4
-0.06876930460414288
-0.13234934243570384
0.06876930460414288
0.13234934243570384
5.73279185180892
1.7821748756922122
====================
350
4
0.0720343203411904
-0.010590434780001212
0.0720343203411904
0.010590434780001212
9.242263324608418
1.568923592881189
====================
400
4
0.20105490608908172
0.14730189824878875
0.20105490608908172
0.14730189824878875
10.855066426785163
4.848303165435541
====================
0
4
0.0
-1.1294864464588048e-08
0.0
1.1294864464588048e-08
0.0
8.980705683468536e-08
====================
50
4
-0.019447318754707288
-0.025155514599943585
0.019447318754707288
0.025155514599943585
0.18440955453118327
0.22097065358783666
====================
100
4
-0.07458233253631574
-0.03828716517781938
0.07458233253631574
0.03828716517781938
6.04942860577147
2.3111119753829508
====================
150
4
-1.964069017143553
-1.736048290672822
1.964069017143553
1.736048290672822
108.70098000065649
338.3393341473921
====================
200
4
-1.9336406175540863
-1.1819835015004898
1.9336406175540863
1.1819835015004898
192.86701017951145
1829.172032813284
====================
0
4
0.0
-1.2206713046838555e-08
0.0
1.2206713046838555e-08
0.0
9.954293283409142e-08
====================
50
4
-0.05654917883861854
-0.0624388030983245
0.05654917883861854
0.0624388030983245
0.3109008106885282
0.25046772170108317
====================
100
4
-0.12542628322930982
-0.16117679291366782
0.12542628322930982
0.16117679291366782
31.664887961017342
304.83099364566584
====================
0
4
0.0
-1.0060751993801466e-08
0.0
1.0060751993801466e-08
0.0
1.267695280495505e-07
====================
50
4
0.1878733953532976
nan
0.1878733953532976
nan
114.12236517639411
nan
====================
100
4
0.33496844152516125
nan
0.33496844152516125
nan
654.0111119488198
nan
====================
0
4
0.0
-2.3439060254227603e-08
0.0
2.3439060254227603e-08
0.0
9.91812997186216e-08
====================
0
4
0.0
-1.2028780408877684e-08
0.0
1.2028780408877684e-08
0.0
7.821104609509933e-08
====================
50
4
67.27665542244178
39.59711908758095
67.27665542244178
39.59711908758095
4.732684812643956
22.54273813045947
====================
100
4
237.7387661142134
202.83802221556215
237.7387661142134
202.83802221556215
15.216695175552843
99.01392456471619
====================
150
4
358.63984833211236
323.2728948331838
358.63984833211236
323.2728948331838
27.002368783273717
106.4923269657593
====================
200
4
457.76245508874337
421.71229235963136
457.76245508874337
421.71229235963136
33.14657261262464
97.28294489038753
====================
0
4
0.0
-1.0835615952275611e-08
0.0
1.0835615952275611e-08
0.0
5.314645923828571e-08
====================
50
4
44.263284570590685
6.442807738389249
44.263284570590685
6.442807738389249
4.538322291808548
41.69352399388683
====================
100
4
204.10736588501538
172.40214774098996
204.10736588501538
172.40214774098996
16.234022965588487
136.65656351322062
====================
0
4
0.0
-1.246608968756926e-08
0.0
1.246608968756926e-08
0.0
1.3360803064709507e-07
====================
0
4
0.0
-1.1590556438940591e-08
0.0
1.1590556438940591e-08
0.0
4.3131236729039246e-08
====================
50
4
-0.10628653067797145
-0.013113400499334515
0.10628653067797145
0.013113400499334515
0.40794876134719266
0.4175647868583312
====================
0
4
0.0
-1.074631335205996e-08
0.0
1.074631335205996e-08
0.0
5.437809826775132e-08
====================
50
4
0.04937126739528486
0.031005421474544992
0.04937126739528486
0.031005421474544992
0.8728949444602353
0.802758178994304
====================
100
4
-0.0949450238187346
-0.059628809892736445
0.0949450238187346
0.059628809892736445
1.5642500199216962
1.4605871016471674
====================
150
4
-0.1440938642647902
0.011874884911826422
0.1440938642647902
0.011874884911826422
1.7994967830961084
0.729000446806942
====================
200
4
-38.80103987460154
-36.925530485676624
38.80103987460154
36.925530485676624
11.294812577448523
182.4318956180673
====================
0
4
0.0
-1.2280926184038262e-08
0.0
1.2280926184038262e-08
0.0
1.972724749092059e-07
====================
50
4
-0.014692445242314722
-0.009381129008710909
0.014692445242314722
0.009381129008710909
0.0536406493829278
0.09317323604099252
====================
100
4
-0.06692329405003417
-0.0689639116222267
0.06692329405003417
0.0689639116222267
0.0987562768583628
0.13129357567673816
====================
150
4
-0.1821305397044175
-0.12791864418617083
0.1821305397044175
0.12791864418617083
2.4794991585461554
1.2919433854359648
====================
200
4
-0.016847495715674645
-0.03703199965277084
0.016847495715674645
0.03703199965277084
37.30166526074035
251.91928959238518
====================
0
4
0.0
-1.232771352562981e-08
0.0
1.232771352562981e-08
0.0
1.986880938921524e-07
====================
50
4
-0.03133193692359826
-0.035790122798651014
0.03133193692359826
0.035790122798651014
0.7623827212141139
0.7536045573395369
====================
100
4
-0.10011752287796627
-0.09474186061801193
0.10011752287796627
0.09474186061801193
0.9929850214313081
0.961848120850038
====================
150
4
-0.005836671693380868
-0.0009013871348302338
0.005836671693380868
0.0009013871348302338
0.6789931133670696
0.546596482959046
====================
200
4
0.23970374590378257
0.3668955941242456
0.23970374590378257
0.3668955941242456
37.64569972369397
243.3511764565218
====================
0
4
0.0
-1.2858420778944584e-08
0.0
1.2858420778944584e-08
0.0
1.7639880144549175e-07
====================
50
4
-0.020296392479592473
-0.011729046644558538
0.020296392479592473
0.011729046644558538
0.5291199022498365
0.4991107642833046
====================
100
4
-0.04946976890991017
-0.03445639826060942
0.04946976890991017
0.03445639826060942
0.6484090524590359
0.39924962977920797
====================
150
4
-0.043019352490716534
-0.01988938571897436
0.043019352490716534
0.01988938571897436
1.4835542086546776
0.6993099466611402
====================
200
4
-0.037986326523794425
-0.05327834542545241
0.037986326523794425
0.05327834542545241
1.4148114341316766
1.3062108173969378
====================
0
4
0.0
-1.032988313507551e-08
0.0
1.032988313507551e-08
0.0
1.8827650074113688e-08
====================
50
4
-0.02035487089402066
-0.0721125350333478
0.02035487089402066
0.0721125350333478
0.16995683770996484
0.2501070703706565
====================
100
4
-0.13544383912986824
-0.1036924425711736
0.13544383912986824
0.1036924425711736
0.31552300839276953
0.2084053113397471
====================
150
4
-0.7492727479114973
0.011151702696816868
0.7492727479114973
0.011151702696816868
8.583049458337008
0.6011769424433029
====================
200
4
-3.269128294831388
-0.05438436188828044
3.269128294831388
0.05438436188828044
48.7671411441658
3.5647123078918663
====================
0
4
0.0
-1.1459933680168456e-08
0.0
1.1459933680168456e-08
0.0
1.1235984775271835e-07
====================
50
4
0.0042472439657168515
-0.010489968826121965
0.0042472439657168515
0.010489968826121965
0.2190378444709893
0.21498471511459288
====================
100
4
-0.07727740812739414
-0.03606283548697897
0.07727740812739414
0.03606283548697897
0.644228162622796
0.6095808582083009
====================
150
4
-0.13014285330224218
-0.005249135186973453
0.13014285330224218
0.005249135186973453
2.7870042590414497
0.5742296450350557
====================
200
4
-1.0340426554317643
0.07137069850494804
1.0340426554317643
0.07137069850494804
17.37505290457289
0.8924489192678805
====================
0
4
0.0
-9.756127231069406e-09
0.0
9.756127231069406e-09
0.0
1.5526844239142269e-07
====================
50
4
0.04920843359246163
0.057780941069566216
0.04920843359246163
0.057780941069566216
0.11978942981654776
0.17793887863529392
====================
100
4
0.0698195936621917
0.0762008628251718
0.0698195936621917
0.0762008628251718
1.616550776959021
1.5264813104672699
====================
150
4
0.14116496090504382
0.06769574708293047
0.14116496090504382
0.06769574708293047
2.6950914857530788
1.85049131493677
====================
200
4
0.047046107210937244
0.0343732106504853
0.047046107210937244
0.0343732106504853
3.7245947254079534
2.432098160750739
====================
0
4
0.0
-2.440356114984281e-08
0.0
2.440356114984281e-08
0.0
2.0437382545379147e-07
====================
50
4
-0.04130614698784307
-0.033453803246621616
0.04130614698784307
0.033453803246621616
0.2367651298295019
0.23377812469081316
====================
100
4
-0.0712226991350291
-0.038791311527753614
0.0712226991350291
0.038791311527753614
0.9038778096525333
0.9056262362977413
====================
150
4
0.0330809420270628
0.004668113073902802
0.0330809420270628
0.004668113073902802
1.861034990021222
1.6054671305762078
====================
200
4
0.03667542114459214
0.09789914921987979
0.03667542114459214
0.09789914921987979
2.2000518468566543
1.7160574977022287
====================
250
4
-0.16249930394051626
0.09149185700269391
0.16249930394051626
0.09149185700269391
4.013739419179449
1.4277007229216456
====================
300
4
-0.45725212970599527
0.056421136552847084
0.45725212970599527
0.056421136552847084
5.197050431660753
2.844124399474006
====================
350
4
-0.29955590352058703
0.11163662062079882
0.29955590352058703
0.11163662062079882
9.91382220177281
4.347116347776156
====================
400
4
-0.32513638449493215
0.23440111417766196
0.32513638449493215
0.23440111417766196
12.957177454437014
5.2298985286996995
====================
450
4
-0.5070126450156713
0.19563075303542354
0.5070126450156713
0.19563075303542354
18.1214918729917
4.275627547112478
====================
500
4
-0.791319960768551
0.12343754992528666
0.791319960768551
0.12343754992528666
22.05978145682272
6.270490757368726
====================
550
4
-0.8024605396992088
0.044903459035932514
0.8024605396992088
0.044903459035932514
29.77540028645319
6.384802260859413
====================
600
4
-0.7012208857482762
0.09793310876243078
0.7012208857482762
0.09793310876243078
37.79870842884868
6.901959575360124
====================
650
4
-0.9643162901025355
0.00642407827417335
0.9643162901025355
0.00642407827417335
47.512840901496794
5.735141165491736
====================
700
4
-1.190039103697364
-0.04243981666630248
1.190039103697364
0.04243981666630248
54.97541657696476
5.119113093880467
====================
750
4
-1.088951933696758
-0.14571436589927478
1.088951933696758
0.14571436589927478
65.13278370342337
3.1894222163898753
====================
800
4
-0.8302799990744143
-0.008475115846858228
0.8302799990744143
0.008475115846858228
75.33548617004224
4.5677125244020855
====================
850
4
-0.933386749967497
-0.09109388540565755
0.933386749967497
0.09109388540565755
84.62648844228501
5.497049181547643
====================
900
4
-1.0425794582641856
-0.19156856145575674
1.0425794582641856
0.19156856145575674
93.19078685616385
6.00659918745453
====================
950
4
-0.8820841883205159
-0.19545116128465856
0.8820841883205159
0.19545116128465856
103.01643484113532
7.612122872139929
====================
1000
4
-0.7740140979919129
-0.15266844358151166
0.7740140979919129
0.15266844358151166
111.05481704584946
8.142683989475088
====================
0
4
0.0
-9.48670861340658e-09
0.0
9.48670861340658e-09
0.0
1.044579388937418e-07
====================
50
4
-0.0022848343850125907
-0.0025015812389439507
0.0022848343850125907
0.0025015812389439507
0.12674613760949655
0.12014632109874564
====================
100
4
-0.08797961165269319
-0.07599402602624306
0.08797961165269319
0.07599402602624306
0.2684064087916206
0.27492981054796634
====================
150
4
-0.12418767897146354
-0.10177293160053136
0.12418767897146354
0.10177293160053136
1.553737110394517
0.5094325906696806
====================
200
4
-0.07769007893082286
-0.04264455187525643
0.07769007893082286
0.04264455187525643
2.415804005803757
1.4122452975763318
====================
250
4
-0.043700681793910956
0.011216786969589387
0.043700681793910956
0.011216786969589387
4.284236366683439
1.9734839717803763
====================
300
4
-0.09784747348128864
-0.03850860848444748
0.09784747348128864
0.03850860848444748
5.99126323125411
2.4434500163527737
====================
350
4
-0.07078678369572056
0.011744983881274873
0.07078678369572056
0.011744983881274873
8.646876970883456
2.622336845692087
====================
400
4
0.07897795238682218
0.1643605132919555
0.07897795238682218
0.1643605132919555
10.485502194177696
4.644366026854348
====================
0
4
0.0
-1.1918632982949632e-08
0.0
1.1918632982949632e-08
0.0
6.957739371445929e-08
====================
50
4
-0.00731512708631521
-0.009138504841281314
0.00731512708631521
0.009138504841281314
0.30730882474037086
0.31675237440327825
====================
100
4
-0.0628038423080226
-0.0413310679241099
0.0628038423080226
0.0413310679241099
0.05083016764193194
0.1713711882170629
====================
150
4
0.0042256110529914626
0.04327456781719774
0.0042256110529914626
0.04327456781719774
0.7295152604361561
0.33480053082219874
====================
200
4
0.1125659927807396
0.11177256277846472
0.1125659927807396
0.11177256277846472
1.4599401001237065
1.2302292686955172
====================
250
4
0.12215764664919271
0.11230411834700704
0.12215764664919271
0.11230411834700704
6.125875046717569
2.6694606070083546
====================
300
4
-0.008616651787727747
0.03227150918528565
0.008616651787727747
0.03227150918528565
7.898811124208778
3.3987657262316358
====================
350
4
-0.03042073878324625
0.025720500524924583
0.03042073878324625
0.025720500524924583
10.902424712646887
4.773004741998895
====================
400
4
0.18726492222207008
0.20724501447080046
0.18726492222207008
0.20724501447080046
14.54302668401251
8.958396601470671
====================
0
4
0.0
-1.1026555022589691e-08
0.0
1.1026555022589691e-08
0.0
5.050325994757843e-08
====================
50
4
0.02761030765422312
0.03227849462419741
0.02761030765422312
0.03227849462419741
0.25788315289870944
0.3543060368778993
====================
100
4
-0.03726941208087098
-0.006907054213787678
0.03726941208087098
0.006907054213787678
0.7433238937891621
1.080833821901452
====================
150
4
-0.08670081016952036
-0.0668489417127236
0.08670081016952036
0.0668489417127236
0.9732105720318928
1.4196677266576876
====================
200
4
-0.024357252381449944
0.037126452850280274
0.024357252381449944
0.037126452850280274
1.9988448128114031
2.1406768638502065
====================
250
4
-0.003261793932398005
0.0721311439580643
0.003261793932398005
0.0721311439580643
2.0699919562611897
2.209563679192902
====================
300
4
-0.005909077506100147
0.08438174675764687
0.005909077506100147
0.08438174675764687
2.887530560995797
3.3660178259010576
====================
350
4
-0.015458884788618343
0.06932592513264368
0.015458884788618343
0.06932592513264368
3.602526979953136
4.5475698988904005
====================
400
4
0.09036835980991458
0.1810131128668009
0.09036835980991458
0.1810131128668009
3.714964703333263
5.346426206285776
====================
0
4
0.0
-1.2352126842298097e-08
0.0
1.2352126842298097e-08
0.0
1.1178084124979611e-07
====================
50
4
-0.17039931302616496
-0.12825720102964966
0.17039931302616496
0.12825720102964966
12.096208130618072
21.93800183554778
====================
0
4
0.0
-7.046203991455901e-07
0.0
7.046203991455901e-07
0.0
4.999963231580469
====================
50
4
-0.20139435920596083
-0.19916053140602652
0.20139435920596083
0.19916053140602652
21.930990310553824
64.21829478526288
====================
100
4
-0.9042548206640952
-0.8279593448135887
0.9042548206640952
0.8279593448135887
97.6681822162523
367.4825602017356
====================
150
4
-0.9483415514631024
-0.324235773875321
0.9483415514631024
0.324235773875321
93.07519886337822
372.2801584085764
====================
200
4
-0.9578661735183384
0.2860455995268165
0.9578661735183384
0.2860455995268165
101.86888477235497
372.27174706411876
====================
250
4
-0.9222338440878848
0.7877794000669156
0.9222338440878848
0.7877794000669156
110.24548513718545
368.6706049217752
====================
300
4
-0.9887068787035225
1.3289985409690273
0.9887068787035225
1.3289985409690273
107.96851375264848
356.4280823062435
====================
350
4
-1.0861448000747367
1.6526226797144057
1.0861448000747367
1.6526226797144057
106.07246897593123
342.93464644352576
====================
400
4
-1.0988646519705672
2.0166958824574532
1.0988646519705672
2.0166958824574532
118.07396808398369
323.9070647661803
====================
0
4
0.0
-9.85050490797763e-09
0.0
9.85050490797763e-09
0.0
7.39628719466915e-08
====================
50
4
-0.04923209424906272
-0.0782005510389141
0.04923209424906272
0.0782005510389141
22.610996712701926
56.40370224195412
====================
100
4
-0.8657720032649454
-0.6807613468371603
0.8657720032649454
0.6807613468371603
103.62711386127954
641.0003910963961
====================
150
4
-0.9614267832908951
-0.9779935820654782
0.9614267832908951
0.9779935820654782
93.62456508284602
649.176589434443
====================
200
4
-1.0577017504881612
-0.9987440319779415
1.0577017504881612
0.9987440319779415
93.59373987974969
645.933345423046
====================
0
4
0.0
-1.037878657376652e-08
0.0
1.037878657376652e-08
0.0
8.538365076814928e-08
====================
50
4
-0.06211805939151649
-0.05169468005709099
0.06211805939151649
0.05169468005709099
0.45064891375186344
0.39871001249407495
====================
100
4
-0.12982941006847115
-0.10014059308883239
0.12982941006847115
0.10014059308883239
0.8726384730665523
0.37102131219258255
====================
150
4
-0.6805030130477245
nan
0.6805030130477245
nan
56.90967474699265
nan
====================
200
4
-0.7902819351611612
nan
0.7902819351611612
nan
375.1367393060947
nan
====================
0
4
0.0
-1.1459933680168456e-08
0.0
1.1459933680168456e-08
0.0
1.1235984775271835e-07
====================
50
4
0.024407464876603502
0.015663098427895372
0.024407464876603502
0.015663098427895372
0.3110728123485458
0.28416419173227125
====================
100
4
0.05705827974218147
0.04252413148529488
0.05705827974218147
0.04252413148529488
0.7891668146058478
0.6396112080123658
====================
0
4
0.0
-2.012759417776391e-08
0.0
2.012759417776391e-08
0.0
2.5639102991884086e-07
====================
50
4
0.0179434565055967
0.012138449647132177
0.0179434565055967
0.012138449647132177
0.4017271408926282
0.37433509057178965
====================
100
4
0.029506339439530294
0.018132305224638046
0.029506339439530294
0.018132305224638046
0.9513536861756544
0.7812158141948169
====================
150
4
-0.00018660190603592142
-0.028685445024958067
0.00018660190603592142
0.028685445024958067
2.9683865092944037
2.724260963454718
====================
0
4
0.0
-1.1323590617386563e-08
0.0
1.1323590617386563e-08
0.0
1.0110860991869098e-08
====================
50
4
0.02901933709954596
0.029708885017305064
0.02901933709954596
0.029708885017305064
0.382150446459971
0.3753921506340334
====================
100
4
-0.015333651962734507
-0.025987996417414116
0.015333651962734507
0.025987996417414116
0.5102526616458853
0.6375577305753999
====================
150
4
0.004065744650393555
0.02158260596048711
0.004065744650393555
0.02158260596048711
4.323628936665161
0.25300523970036215
====================
200
4
0.01616992638831327
0.04830890891641282
0.01616992638831327
0.04830890891641282
8.02531240784407
0.7058092808060289
