====================
0
0
0.0
-2.5248954735708263e-08
0.0
2.5248954735708263e-08
0.0
2.9644882894503357e-07
====================
50
0
-0.004090231024768576
0.028371121481485906
0.004090231024768576
0.028371121481485906
0.2227892685642503
0.48477473462879833
====================
100
0
-0.057260436075105225
-0.0999001677114002
0.057260436075105225
0.0999001677114002
0.3774524662512935
0.3921831663568801
====================
150
0
-0.062205945319582456
-0.09211987844657865
0.062205945319582456
0.09211987844657865
0.7009874007303584
1.0301638179885997
====================
200
0
-0.011245535396247867
-0.012835403376724763
0.011245535396247867
0.012835403376724763
1.4791396196684576
1.7795012093972702
====================
250
0
-0.008738888004092393
-0.058236434621446564
0.008738888004092393
0.058236434621446564
1.4334347989468827
2.8131259574173866
====================
300
0
-0.0638340684276062
-0.17371693051823378
0.0638340684276062
0.17371693051823378
1.6697492755107264
4.227359774321808
====================
350
0
-0.08965616687883715
-0.13964425656517965
0.08965616687883715
0.13964425656517965
2.475369690282481
4.0428837834692155
====================
400
0
-0.038519446834353946
-0.02166061745847972
0.038519446834353946
0.02166061745847972
3.540235508718202
3.193445858805991
====================
450
0
-0.020137992600542054
-0.03833599451428671
0.020137992600542054
0.03833599451428671
3.5700743355251108
3.5850523308318865
====================
500
0
-0.07849328472429873
-0.18031133309726144
0.07849328472429873
0.18031133309726144
3.8389818585133573
3.8169054630130623
====================
550
0
-0.11284986560251853
-0.17151564173157996
0.11284986560251853
0.17151564173157996
4.827513267825354
4.887564208610668
====================
600
0
-0.05197939189797564
-0.08914369199014727
0.05197939189797564
0.08914369199014727
6.063100970866035
5.671869764324625
====================
650
0
-0.04209011329816659
-0.00022247551803467047
0.04209011329816659
0.00022247551803467047
6.384773128446346
6.46767178075416
====================
700
0
-0.08873576565731733
-0.06950310936219228
0.08873576565731733
0.06950310936219228
6.724885959572551
8.557069552768588
====================
750
0
-0.11683204946802128
0.032965496974549646
0.11683204946802128
0.032965496974549646
7.832110714560765
8.272979667277777
====================
800
0
-0.06248663307107148
0.09219299498326072
0.06248663307107148
0.09219299498326072
9.165487058771797
8.196034406507025
====================
850
0
-0.042248184885987916
0.059933077586260985
0.042248184885987916
0.059933077586260985
9.445308464133618
8.474066370874302
====================
900
0
-0.09164988141422681
-0.03801886724650938
0.09164988141422681
0.03801886724650938
9.810812444186206
9.719930779762695
====================
950
0
-0.11710071650616194
-0.03841354632125671
0.11710071650616194
0.03841354632125671
10.909991319305348
10.01539062762623
====================
1000
0
-0.06949593841498047
-0.04688021561071908
0.06949593841498047
0.04688021561071908
12.273317160637383
9.271615404571733
====================
0
0
0.0
-2.5549050615843307e-08
0.0
2.5549050615843307e-08
0.0
3.3193103058918046e-07
====================
50
0
0.00026289907302223803
0.04122373158297621
0.00026289907302223803
0.04122373158297621
0.3093187039067186
0.6286368764742057
====================
0
0
0.0
-2.088118960239473e-08
0.0
2.088118960239473e-08
0.0
1.768020316582147e-07
====================
0
0
0.0
-1.2809083863151695e-08
0.0
1.2809083863151695e-08
0.0
1.7191184334588542e-07
====================
0
0
0.0
-1.1029772531606223e-08
0.0
1.1029772531606223e-08
0.0
2.818546007087788e-08
====================
50
0
-0.16802167773323506
-0.1507647469682336
0.16802167773323506
0.1507647469682336
6.3997463280714415
3.7122265593576027
====================
100
0
-0.27228281056640347
-0.2602753429196447
0.27228281056640347
0.2602753429196447
8.186967453909341
2.1409134622835553
====================
0
0
0.0
-1.1590607633094598e-08
0.0
1.1590607633094598e-08
0.0
4.312969841406353e-08
====================
50
0
0.16097449777440964
0.14501603746308933
0.16097449777440964
0.14501603746308933
2.2673998214374724
3.955498615957536
====================
100
0
0.08484524866699861
0.03767584962572368
0.08484524866699861
0.03767584962572368
1.2165122278163016
4.662727464360876
====================
0
0
0.0
-1.1775608304410797e-08
0.0
1.1775608304410797e-08
0.0
5.4283094328895165e-08
====================
50
0
-0.138722868378798
-0.15401180441540885
0.138722868378798
0.15401180441540885
1.7157198446851452
3.720489226574712
====================
100
0
-0.32586490191710693
-0.395212010236039
0.32586490191710693
0.395212010236039
0.6081657690275837
5.905675558780324
====================
0
0
0.0
-1.2567562198476929e-08
0.0
1.2567562198476929e-08
0.0
1.432953073821429e-07
====================
50
0
-0.012319820266602166
-0.0012283231702170383
0.012319820266602166
0.0012283231702170383
0.6028159468660346
1.5389183395341843
====================
100
0
-0.09652623031260799
-0.09441849579036887
0.09652623031260799
0.09441849579036887
1.2420990339330673
2.5452371675621124
====================
0
0
0.0
-1.2809083863151695e-08
0.0
1.2809083863151695e-08
0.0
1.7191184334588542e-07
====================
50
0
0.014589423980271299
0.009582244190316835
0.014589423980271299
0.009582244190316835
0.30968836727357224
0.33895017403875716
====================
100
0
-0.08393331770570267
-0.09321330067805356
0.08393331770570267
0.09321330067805356
0.3835309599133863
0.36759974452736943
====================
0
0
0.0
-1.1222323190387675e-08
0.0
1.1222323190387675e-08
0.0
5.033622978515666e-09
====================
50
0
0.08231165738418267
0.08188669125049963
0.08231165738418267
0.08188669125049963
0.8074717078824807
0.819028889595083
====================
100
0
0.05448469443639503
0.04006605977763522
0.05448469443639503
0.04006605977763522
1.544801361189726
1.2749979266052955
====================
0
0
0.0
-1.0319262571291984e-08
0.0
1.0319262571291984e-08
0.0
1.069039258057642e-07
====================
50
0
-0.05598936095519691
-0.05453280594432708
0.05598936095519691
0.05453280594432708
0.3083973629019719
0.3490154057757892
====================
100
0
-0.1318263855034636
-0.11570025371875658
0.1318263855034636
0.11570025371875658
0.6012407675292362
0.424542040236847
====================
0
0
0.0
-1.1323668186707333e-08
0.0
1.1323668186707333e-08
0.0
1.0109415968231255e-08
====================
50
0
0.06429578281090009
0.06176734037687881
0.06429578281090009
0.06176734037687881
0.5765817830374463
0.5586213899064897
====================
100
0
-0.011355090381235833
-0.010965487123282713
0.011355090381235833
0.010965487123282713
1.1474493220707602
1.086604023777114
====================
150
0
0.06021854493366119
0.04110984220314062
0.06021854493366119
0.04110984220314062
1.4207646845263389
1.2573513163675833
====================
200
0
0.15174955293244347
0.12758200787014085
0.15174955293244347
0.12758200787014085
1.4469866167293615
1.2325765225714558
====================
250
0
0.22796481995395124
0.123050353993569
0.22796481995395124
0.123050353993569
4.501145227347054
0.4485951744558645
====================
300
0
0.21397917478482276
0.10023824100887557
0.21397917478482276
0.10023824100887557
7.409130751869838
0.7723720220987186
====================
350
0
0.2418291146732472
0.15051371337651043
0.2418291146732472
0.15051371337651043
11.456135113671714
2.1138723040900653
====================
400
0
0.1678532065853754
-0.03138802476634431
0.1678532065853754
0.03138802476634431
13.008810962859178
1.459323136775525
====================
450
0
-0.08589929657605455
-0.3108607564350492
0.08589929657605455
0.3108607564350492
15.646880922726474
2.3973283349866583
====================
500
0
-0.06765058832417692
-0.2604800196721486
0.06765058832417692
0.2604800196721486
18.448674396164346
2.5099597469251016
====================
550
0
0.06260431767876717
-0.08610779381342226
0.06260431767876717
0.08610779381342226
20.628214946926303
4.047352987825954
====================
600
0
0.058669355559143474
-0.15476718209660642
0.058669355559143474
0.15476718209660642
21.40721302462297
5.2910537867470655
====================
650
0
-0.011250446301748873
-0.20419865443127017
0.011250446301748873
0.20419865443127017
22.23129689239503
6.504637900860525
====================
700
0
-0.140695255928748
-0.2644081588868321
0.140695255928748
0.2644081588868321
24.39382006132393
6.540261456783624
====================
750
0
-0.10878929126957537
-0.16394696995267344
0.10878929126957537
0.16394696995267344
27.267089638133292
6.971665528941058
====================
800
0
0.011538985877467711
-0.03523456339071235
0.011538985877467711
0.03523456339071235
27.920672082357306
5.574705493872136
====================
850
0
0.05455963339864334
0.0004181425966209851
0.05455963339864334
0.0004181425966209851
30.293552882182034
6.525356393893924
====================
900
0
0.019022617029615052
-0.01272115151030384
0.019022617029615052
0.01272115151030384
32.97723171138824
6.075054372820377
====================
950
0
0.009325871256675056
0.0536793015814685
0.009325871256675056
0.0536793015814685
35.19103864345666
4.7614839195042356
====================
1000
0
0.07386807304372421
0.15515922618533085
0.07386807304372421
0.15515922618533085
37.12535882816288
4.907088952362073
====================
0
0
0.0
-1.0378767730033972e-08
0.0
1.0378767730033972e-08
0.0
8.538517576115407e-08
====================
50
0
0.01777546319770873
0.011684331875945198
0.01777546319770873
0.011684331875945198
0.3670195392108188
0.4329624137184122
====================
100
0
-0.02482720183871434
-0.03422208930710369
0.02482720183871434
0.03422208930710369
1.0376217290941316
0.818222388249246
====================
150
0
0.06842900068125246
0.04760405877938356
0.06842900068125246
0.04760405877938356
0.6340694319518737
1.0115555584394318
====================
200
0
0.18403293018201983
0.15376698571664488
0.18403293018201983
0.15376698571664488
1.0106392539688684
0.7507878878421017
====================
250
0
0.013293369094137919
-0.10755189283959488
0.013293369094137919
0.10755189283959488
3.496973620061366
1.8560103863892565
====================
300
0
-0.15372161575335053
-0.18819892347500877
0.15372161575335053
0.18819892347500877
6.090935300463351
1.6072410045928311
====================
350
0
-0.197686974590495
-0.18270260136022975
0.197686974590495
0.18270260136022975
9.177776208408083
0.5558011277416174
====================
400
0
-0.1492079847113954
-0.106658434524661
0.1492079847113954
0.106658434524661
9.571559777175757
1.0479257869218375
====================
0
0
0.0
-1.1029772531606223e-08
0.0
1.1029772531606223e-08
0.0
2.818546007087788e-08
====================
50
0
0.007010975197272451
-0.0015209125243922372
0.007010975197272451
0.0015209125243922372
0.3214764112024742
0.36400301746109653
====================
100
0
-0.13956916230143301
-0.13619341046003397
0.13956916230143301
0.13619341046003397
0.3238317208464851
0.5359260392816606
====================
150
0
-0.009558453327046745
-0.0098431637859826
0.009558453327046745
0.0098431637859826
1.9262813665395233
0.767675605029102
====================
200
0
0.015993849647788487
0.008480587972341795
0.015993849647788487
0.008480587972341795
2.2714769816668094
0.4510861841737787
====================
250
0
0.10751701697928673
0.10599642453994051
0.10751701697928673
0.10599642453994051
3.5991812655290207
0.560009342460318
====================
300
0
-0.05835129754742718
-0.06105228073351521
0.05835129754742718
0.06105228073351521
4.770081993898452
0.7044913743686547
====================
350
0
0.20871996929621262
0.19299092259873618
0.20871996929621262
0.19299092259873618
8.162980507231827
0.5967653478503282
====================
400
0
0.367234307227326
0.370186316745378
0.367234307227326
0.370186316745378
11.589377989220415
4.9633476445112645
====================
0
0
0.0
-9.92971823733664e-09
0.0
9.92971823733664e-09
0.0
1.3877394676634614e-07
====================
50
0
-0.05216098160907201
-0.06441377980602114
0.05216098160907201
0.06441377980602114
0.8537208513536766
0.8430814575930888
====================
100
0
-0.16024142059475732
-0.1788830633845495
0.16024142059475732
0.1788830633845495
6.595627230477983
2.351370199235776
====================
150
0
-1.265103095315376
-1.0922595358274758
1.265103095315376
1.0922595358274758
91.17537173965977
172.93627673829656
====================
200
0
-1.207312566504344
-0.5264816760357761
1.207312566504344
0.5264816760357761
76.97656827967468
177.4833913971317
====================
0
0
0.0
-1.1637211745200646e-08
0.0
1.1637211745200646e-08
0.0
2.0150503003829787e-08
====================
50
0
-0.02113208296081348
-0.03463026715264217
0.02113208296081348
0.03463026715264217
0.3240240528378054
0.28329395946203956
====================
100
0
-0.1194051421821678
-0.1096088242630815
0.1194051421821678
0.1096088242630815
32.294033444648484
123.08002636197683
====================
0
0
0.0
-1.2373425633160232e-08
0.0
1.2373425633160232e-08
0.0
1.2530078896282343e-07
====================
50
0
-0.14562839307638398
nan
0.14562839307638398
nan
130.94611024991366
nan
====================
100
0
-0.39128894044498796
nan
0.39128894044498796
nan
685.7597569463525
nan
====================
0
0
0.0
-2.2786797174002573e-08
0.0
2.2786797174002573e-08
0.0
2.1993334386651546e-08
====================
0
0
0.0
-1.0328900816905515e-08
0.0
1.0328900816905515e-08
0.0
9.288422222501565e-08
====================
50
0
70.49071510134533
43.27470734726643
70.49071510134533
43.27470734726643
5.231476198540793
23.778157762033537
====================
100
0
238.25990911658408
208.34490790218362
238.25990911658408
208.34490790218362
15.70716852980888
111.99748289325144
====================
150
0
351.6356048091157
321.9368464959156
351.6356048091157
321.9368464959156
26.952681138692146
121.42444034677263
====================
200
0
475.5189089391776
445.77303070502364
475.5189089391776
445.77303070502364
33.29860722540835
131.204270383759
====================
0
0
0.0
-1.0746351259433127e-08
0.0
1.0746351259433127e-08
0.0
5.4379528232647806e-08
====================
50
0
66.18243838246998
32.17618540944739
66.18243838246998
32.17618540944739
4.7986851433045
19.22929525460891
====================
100
0
223.12556031031622
193.10513976176395
223.12556031031622
193.10513976176395
15.90805117497015
99.7372574268634
====================
0
0
0.0
-1.24093060533804e-08
0.0
1.24093060533804e-08
0.0
1.2736158184887507e-07
====================
0
0
0.0
-9.92971823733664e-09
0.0
9.92971823733664e-09
0.0
1.3877394676634614e-07
====================
50
0
-0.06489267610807747
0.031263559950797326
0.06489267610807747
0.031263559950797326
0.44145949661146333
0.47293754946877226
====================
0
0
0.0
-9.756102629721984e-09
0.0
9.756102629721984e-09
0.0
1.5526996294717366e-07
====================
50
0
0.036254933766559416
0.04027417962862789
0.036254933766559416
0.04027417962862789
0.4575953441843799
0.46167182312726734
====================
100
0
-0.046135221363274415
0.0073924074088993486
0.046135221363274415
0.0073924074088993486
0.6483816835912941
0.6832116865690073
====================
150
0
0.03708210506944676
0.21988977412885657
0.03708210506944676
0.21988977412885657
1.407664335141539
0.37398347053991926
====================
200
0
-17.137453537289936
-14.011741430807035
17.137453537289936
14.011741430807035
14.537266585890684
1697.54180884214
====================
0
0
0.0
-1.2739966752691611e-08
0.0
1.2739966752691611e-08
0.0
1.6001921533967486e-07
====================
50
0
-0.02237692421911186
-0.015877866825035447
0.02237692421911186
0.015877866825035447
0.1749953253202312
0.19077271699718631
====================
100
0
-0.08629312648737919
-0.08458325606772732
0.08629312648737919
0.08458325606772732
0.5386640442696408
0.5879966112092277
====================
150
0
-0.1391996454762996
-0.10614732943948746
0.1391996454762996
0.10614732943948746
1.706654691071497
1.7174615113689844
====================
200
0
0.381204993275741
0.5326751683688351
0.381204993275741
0.5326751683688351
50.61057191428396
692.221894417857
====================
0
0
0.0
-1.1222323190387675e-08
0.0
1.1222323190387675e-08
0.0
5.033622978515666e-09
====================
50
0
-0.017310475863007158
-0.024146840454149388
0.017310475863007158
0.024146840454149388
0.21778803088229348
0.25000297847687414
====================
100
0
-0.001019502732156674
0.00844784166638135
0.001019502732156674
0.00844784166638135
0.6831785536300825
0.6355699598413925
====================
150
0
-0.000566976789745155
-0.02444326319824075
0.000566976789745155
0.02444326319824075
1.2188748605497208
1.0497775564473952
====================
200
0
0.2701221878401276
0.12996042507663638
0.2701221878401276
0.12996042507663638
36.9102011724186
86.22238964964605
====================
0
0
0.0
-1.2739966752691611e-08
0.0
1.2739966752691611e-08
0.0
1.6001921533967486e-07
====================
50
0
0.01601988971122892
0.025601620124592772
0.01601988971122892
0.025601620124592772
0.31510496803447063
0.3354345438121837
====================
100
0
-0.043152846549391555
-0.05174203647290332
0.043152846549391555
0.05174203647290332
0.4848446738818668
0.34392057451276076
====================
150
0
-0.14999452580285677
-0.16258175227749683
0.14999452580285677
0.16258175227749683
1.4990131151741697
1.4225964521115175
====================
200
0
-0.0944248396100285
-0.07480891062833975
0.0944248396100285
0.07480891062833975
3.495000708435549
2.6637872457066254
====================
0
0
0.0
-1.1029772531606223e-08
0.0
1.1029772531606223e-08
0.0
2.818546007087788e-08
====================
50
0
-0.014134186574799035
-0.07584215635342595
0.014134186574799035
0.07584215635342595
0.4638190034960813
0.5196922399844492
====================
100
0
-0.1273164972570977
-0.09892438801922276
0.1273164972570977
0.09892438801922276
0.39132975657868013
0.5258781913892331
====================
150
0
-0.8990644791793252
-0.08784051635130918
0.8990644791793252
0.08784051635130918
9.909940764920055
1.641642239647037
====================
200
0
-3.27174636220508
-0.05150042482815698
3.27174636220508
0.05150042482815698
52.37317950702033
6.32209349056079
====================
0
0
0.0
-1.006688388898623e-08
0.0
1.006688388898623e-08
0.0
1.2962311159644844e-07
====================
50
0
-0.0443348760081792
-0.05641952445352039
0.0443348760081792
0.05641952445352039
0.3172414383413325
0.30091547777539235
====================
100
0
-0.20477034914862857
-0.1330482796113599
0.20477034914862857
0.1330482796113599
1.0196851462263745
0.6569560228427207
====================
150
0
-0.29327394252759675
-0.09144897343534009
0.29327394252759675
0.09144897343534009
3.395939002049925
1.9653848402480771
====================
200
0
-1.2206415235747223
0.02279705607322069
1.2206415235747223
0.02279705607322069
20.001337714110925
2.3022618375726966
====================
0
0
0.0
-1.1590607633094598e-08
0.0
1.1590607633094598e-08
0.0
4.312969841406353e-08
====================
50
0
-0.0005860629668479334
-0.0024576095657928843
0.0005860629668479334
0.0024576095657928843
0.830076377124733
0.7773708274619708
====================
100
0
-0.01433641565889765
0.0070356611417423665
0.01433641565889765
0.0070356611417423665
1.2993272020181277
1.324019645598868
====================
150
0
0.04330988259620949
0.0021153223409664523
0.04330988259620949
0.0021153223409664523
1.753819361981778
1.5797090127128905
====================
200
0
0.014951880530629423
0.07583790175317809
0.014951880530629423
0.07583790175317809
1.8359360948663084
1.635663643558827
====================
0
0
0.0
-2.5553951831420594e-08
0.0
2.5553951831420594e-08
0.0
3.3687070859366766e-07
====================
50
0
-0.00416305760157476
0.0005218390979113696
0.00416305760157476
0.0005218390979113696
0.32974059775494957
0.36143943820690544
====================
100
0
-0.023548451165829043
-0.023824127906060255
0.023548451165829043
0.023824127906060255
0.7340320454882103
0.6524393536799941
====================
150
0
-0.002688504024316085
-0.06148257348915087
0.002688504024316085
0.06148257348915087
1.215715544018742
0.9859697017211151
====================
200
0
-0.05942798274741803
-0.019313418917409945
0.05942798274741803
0.019313418917409945
2.1941388034482987
1.766690430404138
====================
250
0
-0.2896732655770402
0.014790008563050128
0.2896732655770402
0.014790008563050128
4.551930059258293
1.356622316893851
====================
300
0
-0.6026341670528641
-0.025317216546483667
0.6026341670528641
0.025317216546483667
7.000460619584438
1.801817391379846
====================
350
0
-0.5123170772246797
-0.011341652415159942
0.5123170772246797
0.011341652415159942
13.90677990650091
1.962670902522886
====================
400
0
-0.6203493663742685
0.07314430753195567
0.6203493663742685
0.07314430753195567
18.934453324608857
2.7632392566404405
====================
450
0
-0.8799643554424961
0.05381148603323371
0.8799643554424961
0.05381148603323371
27.51634212813255
3.4053172027599454
====================
500
0
-1.1598303968175263
0.05140053384748411
1.1598303968175263
0.05140053384748411
33.77038438225581
4.2782509486508955
====================
550
0
-1.1519395922406845
0.009443157243039124
1.1519395922406845
0.009443157243039124
44.918107854197785
3.9728858409625816
====================
600
0
-1.0133222338605143
0.1317378914468783
1.0133222338605143
0.1317378914468783
55.725811793663986
5.547535284880141
====================
650
0
-1.2513345569264231
0.09257080095064074
1.2513345569264231
0.09257080095064074
68.3670442568288
4.547555735049393
====================
700
0
-1.5603309366285592
-0.014438511012533795
1.5603309366285592
0.014438511012533795
78.47642623831453
4.403800275173888
====================
750
0
-1.3950930771984433
-0.04862213189772646
1.3950930771984433
0.04862213189772646
90.59223777684228
2.98664449614848
====================
800
0
-1.2128781783563671
0.00037870366215297935
1.2128781783563671
0.00037870366215297935
103.20781034473781
3.1989258452770257
====================
850
0
-1.2962728381689153
-0.06389867457561094
1.2962728381689153
0.06389867457561094
116.21880334436554
3.8121304869613533
====================
900
0
-1.4357130081439062
-0.19122188934485385
1.4357130081439062
0.19122188934485385
127.34827992468006
3.7102442932078525
====================
950
0
-1.295789002065871
-0.1820643413052916
1.295789002065871
0.1820643413052916
140.5863334369222
5.501476654738073
====================
1000
0
-1.0964335519943311
-0.03468592280957483
1.0964335519943311
0.03468592280957483
152.19093513637233
5.667675443623278
====================
0
0
0.0
-1.2466099100737141e-08
0.0
1.2466099100737141e-08
0.0
1.3360648344065072e-07
====================
50
0
-0.009464488482525013
-0.02834873568106233
0.009464488482525013
0.02834873568106233
0.385729281334459
0.3518827115171677
====================
100
0
-0.08091558724096215
-0.09351531748152997
0.08091558724096215
0.09351531748152997
0.6771557417316991
0.589771366668897
====================
150
0
-0.020807026483414592
-0.031078358660881822
0.020807026483414592
0.031078358660881822
0.591385797763949
0.47425606027028683
====================
200
0
0.08611203276602265
0.07990713085580463
0.08611203276602265
0.07990713085580463
0.9376046303245906
0.41926704104675955
====================
250
0
0.07542985743611563
0.042338419416679596
0.07542985743611563
0.042338419416679596
3.3466274123925985
0.8443735549061452
====================
300
0
-0.007007830872563403
-0.02152693493742941
0.007007830872563403
0.02152693493742941
5.196374478911013
1.2990592257473776
====================
350
0
-0.043566864659334126
-0.04435751706094071
0.043566864659334126
0.04435751706094071
6.992923440320475
1.6986884726146443
====================
400
0
0.13384976703351364
0.11295110424555196
0.13384976703351364
0.11295110424555196
8.97667801015375
4.201443729271034
====================
0
0
0.0
-1.1590607633094598e-08
0.0
1.1590607633094598e-08
0.0
4.312969841406353e-08
====================
50
0
0.057596375045818826
0.05658690690461454
0.057596375045818826
0.05658690690461454
0.7157050864370271
0.6785110892043552
====================
100
0
-0.06510923627782983
-0.06456486889315194
0.06510923627782983
0.06456486889315194
1.2486740546682444
1.0336634808177798
====================
150
0
-0.023624524141519165
-0.017011248086015618
0.023624524141519165
0.017011248086015618
0.7943088220564297
0.964614795248884
====================
200
0
0.024480433939195724
0.02898932245845451
0.024480433939195724
0.02898932245845451
2.1553999526909697
1.5872346775920194
====================
250
0
0.05110814575001443
0.08849943599789678
0.05110814575001443
0.08849943599789678
6.845384825582099
2.689263440055507
====================
300
0
-0.038396744031781616
0.005690120248838859
0.038396744031781616
0.005690120248838859
9.43793292737742
3.124105071957481
====================
350
0
0.01837417578154321
0.04814189019424653
0.01837417578154321
0.04814189019424653
12.792665285618638
4.013485653694991
====================
400
0
0.17759858830561986
0.21391019288683485
0.17759858830561986
0.21391019288683485
15.810382828047226
8.679409061481707
====================
0
0
0.0
-1.2809083863151695e-08
0.0
1.2809083863151695e-08
0.0
1.7191184334588542e-07
====================
50
0
-0.012447457441583598
-0.012600802350980933
0.012447457441583598
0.012600802350980933
0.6544780632295036
0.6545704862220468
====================
100
0
-0.017382569436748874
-0.011924746028442623
0.017382569436748874
0.011924746028442623
1.0583007488782212
1.0867397655028375
====================
150
0
-0.011506275942014588
-0.018145842529721623
0.011506275942014588
0.018145842529721623
0.8674113096603122
1.0985272943213769
====================
200
0
0.014831855982647336
0.01739240882665226
0.014831855982647336
0.01739240882665226
0.7637452552665746
1.5371326417050875
====================
250
0
0.06046839124385195
0.06753030115631553
0.06046839124385195
0.06753030115631553
0.8681383985296942
1.484601177905558
====================
300
0
0.0019074620320891356
0.017330908452326543
0.0019074620320891356
0.017330908452326543
1.6679486201628992
1.818822834084343
====================
350
0
-0.0036711599149850116
0.020601783241390503
0.0036711599149850116
0.020601783241390503
1.0643701705521078
2.631007631632627
====================
400
0
0.12801984375769476
0.13649344945188968
0.12801984375769476
0.13649344945188968
0.6571670200521867
3.0972671398864633
====================
0
0
0.0
-1.006688388898623e-08
0.0
1.006688388898623e-08
0.0
1.2962311159644844e-07
====================
50
0
0.01970354379426298
-0.005994888645332264
0.01970354379426298
0.005994888645332264
11.501358154123743
23.289402256661933
====================
0
0
0.0
-1.1029772531606223e-08
0.0
1.1029772531606223e-08
0.0
2.818546007087788e-08
====================
50
0
-0.16165584396569632
-0.16474784479853977
0.16165584396569632
0.16474784479853977
21.891596946463522
68.11912885476391
====================
100
0
-1.1280572906051494
-1.1623515976252787
1.1280572906051494
1.1623515976252787
109.20019504183888
727.4150296635302
====================
150
0
-1.1856231877308794
-1.5996584894060337
1.1856231877308794
1.5996584894060337
105.8131738227861
736.460932618485
====================
200
0
-1.1568856627567343
-2.4477783729411
1.1568856627567343
2.4477783729411
117.21667581722973
718.1740080659926
====================
250
0
-1.0805044363065006
-2.4251746863909003
1.0805044363065006
2.4251746863909003
128.58238874137015
696.3958282350624
====================
300
0
-1.1088462395642464
-1.8615815015459434
1.1088462395642464
1.8615815015459434
127.66315400873249
703.1508472712125
====================
350
0
-1.0926590964466238
-1.103767471926333
1.0926590964466238
1.103767471926333
128.3242524075861
713.0039415648988
====================
400
0
-1.0450346535553559
-0.3945671476128296
1.0450346535553559
0.3945671476128296
141.31651442574764
710.3440774803419
====================
0
0
0.0
-1.0814040425892473e-08
0.0
1.0814040425892473e-08
0.0
4.4842806583328666e-08
====================
50
0
-0.3127221833071496
-0.31241040610151893
0.3127221833071496
0.31241040610151893
23.378933423879566
76.04533163146446
====================
100
0
-0.6528314211015069
-0.3347826242075178
0.6528314211015069
0.3347826242075178
135.68887897981006
625.1427731880761
====================
150
0
-0.6894841633539417
0.0377974024765928
0.6894841633539417
0.0377974024765928
128.06539772676794
626.6344656078638
====================
200
0
-0.6614313480336511
0.539900254050866
0.6614313480336511
0.539900254050866
125.12405210996923
629.8745909176411
====================
0
0
0.0
-1.2567562198476929e-08
0.0
1.2567562198476929e-08
0.0
1.432953073821429e-07
====================
50
0
0.00761251916483352
0.00958166403443883
0.00761251916483352
0.00958166403443883
0.28067607822067203
0.27933015512490433
====================
100
0
0.016501545157507014
0.015884175874099515
0.016501545157507014
0.015884175874099515
0.4200696994667159
0.4747286088706436
====================
150
0
-0.8186560845883006
nan
0.8186560845883006
nan
86.31886495118303
nan
====================
200
0
-1.2663519337943407
nan
1.2663519337943407
nan
289.5723178782531
nan
====================
0
0
0.0
-1.0746351259433127e-08
0.0
1.0746351259433127e-08
0.0
5.4379528232647806e-08
====================
50
0
0.021311117537549995
0.02401214711406463
0.021311117537549995
0.02401214711406463
0.29390025390391017
0.32589539436127124
====================
100
0
0.047147214884314614
0.03772008485810163
0.047147214884314614
0.03772008485810163
0.5828162680169487
0.4022000822455861
====================
0
0
0.0
-2.08028002731142e-08
0.0
2.08028002731142e-08
0.0
1.8206194365939118e-07
====================
50
0
-0.0027095116318682777
0.0040742296653122345
0.0027095116318682777
0.0040742296653122345
0.12475953023047963
0.18647675162518504
====================
100
0
-0.02423579792041597
-0.021215613730237504
0.02423579792041597
0.021215613730237504
0.9354598696362005
0.7793290488922857
====================
150
0
-0.10433960459344815
-0.12154282102566816
0.10433960459344815
0.12154282102566816
4.159844438396062
1.7168685125647383
====================
0
0
0.0
-1.2739966752691611e-08
0.0
1.2739966752691611e-08
0.0
1.6001921533967486e-07
====================
50
0
-0.00622605356196182
-0.006921032337370736
0.00622605356196182
0.006921032337370736
0.16636830117426116
0.12329145164928666
====================
100
0
-0.010176836385705101
-0.0267204366130378
0.010176836385705101
0.0267204366130378
1.1098471245641235
0.7153599932793672
====================
150
0
0.01091110721937616
-0.009116379479817027
0.01091110721937616
0.009116379479817027
4.961892354533298
0.7392685953308116
====================
200
0
-0.004601492652664518
-0.017361539439426643
0.004601492652664518
0.017361539439426643
6.761544112896213
0.8505955495154446
