====================
0
3
0.0
-2.503234075515123e-08
0.0
2.503234075515123e-08
0.0
2.725277240731153e-07
====================
50
3
-0.0015303002140161226
-0.03783619635903057
0.0015303002140161226
0.03783619635903057
0.2790795181899453
0.441275247350261
====================
100
3
-0.05127753476782004
-0.05643382840289446
0.05127753476782004
0.05643382840289446
0.43575324452979514
0.8886832751019906
====================
150
3
-0.08757988933176386
-0.09343074105467086
0.08757988933176386
0.09343074105467086
0.9530303184666636
2.0231295623162957
====================
200
3
-0.045376293146351734
-0.03962633762216029
0.045376293146351734
0.03962633762216029
1.923900885579024
2.6911765297987054
====================
250
3
-0.01605236992411485
-0.0109079252032378
0.01605236992411485
0.0109079252032378
1.9520564628339379
2.973736509637272
====================
300
3
-0.07053902520059019
-0.05452358770999188
0.07053902520059019
0.05452358770999188
2.1975452743839887
4.050661055184002
====================
350
3
-0.08520115687937158
-0.07308185574297332
0.08520115687937158
0.07308185574297332
3.0266569864804436
3.984769507560459
====================
400
3
-0.03048438963397845
0.025093037389458252
0.03048438963397845
0.025093037389458252
3.9992361294859275
2.972364673454472
====================
450
3
-0.01703714893696273
0.01337620263181627
0.01703714893696273
0.01337620263181627
3.9477450377967314
2.795920161949298
====================
500
3
-0.07648985937305008
-0.0971320949533312
0.07648985937305008
0.0971320949533312
4.210259175238764
3.241819362081724
====================
550
3
-0.08994670340424582
-0.11786357261802816
0.08994670340424582
0.11786357261802816
5.045919958099084
4.075548014762315
====================
600
3
-0.04002379555568289
-0.01722050806867888
0.04002379555568289
0.01722050806867888
6.101177837703798
4.678181147529584
====================
650
3
0.00042875389046437284
-0.009508820004428431
0.00042875389046437284
0.009508820004428431
5.9227687967227345
4.907481782974494
====================
700
3
-0.05021912399803252
-0.1111480796601434
0.05021912399803252
0.1111480796601434
6.0599452797861675
6.83275785498765
====================
750
3
-0.05564320143498702
-0.09181914002129776
0.05564320143498702
0.09181914002129776
6.68494943776926
6.5787231767157
====================
800
3
-0.003344965963655404
-0.11026591329440807
0.003344965963655404
0.11026591329440807
7.38073343412434
7.121461073708173
====================
850
3
0.0004097854974134396
-0.07576662644295817
0.0004097854974134396
0.07576662644295817
7.098023325080684
8.32937439677425
====================
900
3
-0.056224287410422846
-0.12233602457016657
0.056224287410422846
0.12233602457016657
7.243717541114008
9.096719206883051
====================
950
3
-0.08719382454038893
-0.09756888607825087
0.08719382454038893
0.09756888607825087
8.082521882850697
9.837118245923707
====================
1000
3
-0.0337184372094195
0.010079240520563615
0.0337184372094195
0.010079240520563615
9.140704056151202
8.86241122596545
====================
0
3
0.0
-2.1339347088755624e-08
0.0
2.1339347088755624e-08
0.0
1.2908897599280212e-07
====================
50
3
-0.0006723976306179935
-0.02947023641286517
0.0006723976306179935
0.02947023641286517
0.24901007450749676
0.6195640080142144
====================
0
3
0.0
-2.0802761319087937e-08
0.0
2.0802761319087937e-08
0.0
1.8205898781385288e-07
====================
0
3
0.0
-2.481924997300772e-08
0.0
2.481924997300772e-08
0.0
3.3016442003927356e-07
====================
0
3
0.0
-1.1984706940495784e-08
0.0
1.1984706940495784e-08
0.0
1.603828059718829e-07
====================
0
3
0.0
-1.081403865704564e-08
0.0
1.081403865704564e-08
0.0
4.4841282522037114e-08
====================
50
3
-0.171200336478168
-0.15190130847719474
0.171200336478168
0.15190130847719474
6.472299815949475
2.9744491193776454
====================
100
3
-0.2221907300691397
-0.20145789657149438
0.2221907300691397
0.20145789657149438
8.155549542166607
1.7177120742756469
====================
0
3
0.0
-1.2644192640790906e-08
0.0
1.2644192640790906e-08
0.0
1.5057855247763447e-07
====================
50
3
-0.027646992154484185
-0.027830986693915705
0.027646992154484185
0.027830986693915705
3.8796687536934904
0.3659902784656372
====================
100
3
-0.12747697390912283
-0.08796009451375353
0.12747697390912283
0.08796009451375353
4.345691540434405
0.27603375033352917
====================
0
3
0.0
-1.1984706940495784e-08
0.0
1.1984706940495784e-08
0.0
1.603828059718829e-07
====================
50
3
-0.053589681091934294
-0.0585499718782605
0.053589681091934294
0.0585499718782605
0.40410985873594296
4.561592101587708
====================
100
3
-0.20820584220603822
-0.24641525653676366
0.20820584220603822
0.24641525653676366
1.183690097454349
6.28696453823222
====================
0
3
0.0
-1.1029793520898532e-08
0.0
1.1029793520898532e-08
0.0
2.818395202249153e-08
====================
50
3
-0.16714623054596878
-0.16483315671771792
0.16714623054596878
0.16483315671771792
2.9536507889524706
1.62719681216637
====================
100
3
-0.22951571865879572
-0.22747944567129474
0.22951571865879572
0.22747944567129474
4.430134707414356
2.812627142622099
====================
0
3
0.0
-1.081403865704564e-08
0.0
1.081403865704564e-08
0.0
4.4841282522037114e-08
====================
50
3
0.0065855475609373215
0.00039319391762915323
0.0065855475609373215
0.00039319391762915323
0.3445413272974428
0.3295421655383555
====================
100
3
-0.08977043411495877
-0.10166663387133745
0.08977043411495877
0.10166663387133745
0.17584148506459976
0.031257789492169744
====================
0
3
0.0
-1.2754806306104335e-08
0.0
1.2754806306104335e-08
0.0
1.5878933088135725e-07
====================
50
3
0.027510353801607268
0.0331141436690241
0.027510353801607268
0.0331141436690241
0.8807107357947443
0.9264573934557027
====================
100
3
-0.060882021730807256
-0.05228085092989598
0.060882021730807256
0.05228085092989598
1.0136756408741445
1.0685421356276934
====================
0
3
0.0
-1.0328886703240524e-08
0.0
1.0328886703240524e-08
0.0
9.288270966580865e-08
====================
50
3
-0.04052823345058809
-0.04950108468554748
0.04052823345058809
0.04950108468554748
0.3146761070654787
0.3060985468915006
====================
100
3
-0.08932706940876001
-0.08507138537524161
0.08932706940876001
0.08507138537524161
0.6198252191312131
0.598997305291303
====================
0
3
0.0
-1.1029793520898532e-08
0.0
1.1029793520898532e-08
0.0
2.818395202249153e-08
====================
50
3
-0.031052402474528007
-0.03456191932455921
0.031052402474528007
0.03456191932455921
0.17982387276810388
0.21793035134005398
====================
100
3
-0.06361186629046589
-0.030589379123392657
0.06361186629046589
0.030589379123392657
1.0546352172758198
0.9709068894738471
====================
150
3
-0.04624997318404778
-0.00845418529092612
0.04624997318404778
0.00845418529092612
0.988220774783764
1.2999861552841927
====================
200
3
-0.03478261747657324
0.023907818691861173
0.03478261747657324
0.023907818691861173
1.7890670773688269
1.6221029283269988
====================
250
3
-0.0244593295978508
0.04637798376371416
0.0244593295978508
0.04637798376371416
2.704590915965568
1.740223430232489
====================
300
3
-0.20406877031327397
-0.1313404001376739
0.20406877031327397
0.1313404001376739
3.327619323583002
1.9233363454915506
====================
350
3
-0.2049786118887198
-0.10841980862706713
0.2049786118887198
0.10841980862706713
7.531676397125084
1.4851505857918605
====================
400
3
-0.1491365414582174
-0.03586241872864508
0.1491365414582174
0.03586241872864508
10.85479308456159
1.8786334837166139
====================
450
3
-0.12831891758555258
-0.012981310289648995
0.12831891758555258
0.012981310289648995
14.165849230578017
2.1809055872445335
====================
500
3
-0.24720644047027296
-0.14919644695646106
0.24720644047027296
0.14919644695646106
16.21486527482783
3.338385588447713
====================
550
3
-0.24628567092757647
-0.16693799916913776
0.24628567092757647
0.16693799916913776
19.7911577760913
4.588442895408848
====================
600
3
-0.12142037774313895
-0.008855711185674242
0.12142037774313895
0.008855711185674242
20.829488050446358
4.8789450695185606
====================
650
3
-0.03584199262885246
0.050325800302954304
0.03584199262885246
0.050325800302954304
21.937168019469905
4.603352276518912
====================
700
3
-0.10692542806503047
-0.02376336634381193
0.10692542806503047
0.02376336634381193
22.650582672351696
5.2907985791999765
====================
750
3
-0.0017201381731943854
0.06347310318554555
0.0017201381731943854
0.06347310318554555
24.8056872600331
5.958118830076379
====================
800
3
0.12807059602194493
0.1680559192361766
0.12807059602194493
0.1680559192361766
26.34266434972818
4.62124598125037
====================
850
3
0.07557677190546142
0.0800637409545435
0.07557677190546142
0.0800637409545435
29.37268941876237
4.798980944271622
====================
900
3
0.08442677081966421
0.11376615650849065
0.08442677081966421
0.11376615650849065
30.499310963870663
4.2260936242617975
====================
950
3
0.06652707370052435
0.17786047371020897
0.06652707370052435
0.17786047371020897
32.24296231948712
4.115036460155985
====================
1000
3
0.20301048386747922
0.308291032355978
0.20301048386747922
0.308291032355978
36.00949681112617
3.2148412048339887
====================
0
3
0.0
-1.2809096272703286e-08
0.0
1.2809096272703286e-08
0.0
1.719133212758305e-07
====================
50
3
0.04689452985194498
0.03201673819599793
0.04689452985194498
0.03201673819599793
0.698766432569381
0.6738109426359158
====================
100
3
0.05625925190381276
0.028023350153205673
0.05625925190381276
0.028023350153205673
1.8701462129876076
1.3873726659572705
====================
150
3
0.018241880337828142
-0.035042685031273724
0.018241880337828142
0.035042685031273724
2.0456296169981574
1.2827642476451364
====================
200
3
0.04751153556930175
-0.009410086621418678
0.04751153556930175
0.009410086621418678
1.282042244358023
1.5601175665164262
====================
250
3
0.0754741109903081
-0.0023198718031107735
0.0754741109903081
0.0023198718031107735
2.242067949133681
1.975356007575428
====================
300
3
0.11296601593269795
0.01064435131291619
0.11296601593269795
0.01064435131291619
5.143013369458459
2.298280593398372
====================
350
3
0.02510551903766478
-0.0980434208327019
0.02510551903766478
0.0980434208327019
8.317956439209928
2.2598037904646686
====================
400
3
0.0754778840033422
-0.0010094788206363309
0.0754778840033422
0.0010094788206363309
8.929645851543004
2.762231134568722
====================
0
3
0.0
-1.104663408801853e-08
0.0
1.104663408801853e-08
0.0
2.6790869439902117e-08
====================
50
3
0.008433427876608723
-0.008520637713633983
0.008433427876608723
0.008520637713633983
0.30420635156709
0.3156113571823741
====================
100
3
-0.006057609061406399
-0.00703078926321643
0.006057609061406399
0.00703078926321643
0.6321663918591583
0.7003741613671189
====================
150
3
0.014427885888909309
-0.0385751172788511
0.014427885888909309
0.0385751172788511
0.936057019768344
0.5857533162218544
====================
200
3
0.047849383619867125
0.02102712642349961
0.047849383619867125
0.02102712642349961
1.0465628324878988
0.9835977999981754
====================
250
3
0.10030920899072826
0.06774672711350149
0.10030920899072826
0.06774672711350149
3.4636817874066104
1.876037572136655
====================
300
3
-0.0007942987656228695
-0.05878824281155648
0.0007942987656228695
0.05878824281155648
5.20486426044769
1.5842954783517775
====================
350
3
0.020066621841436927
-0.04688976199293049
0.020066621841436927
0.04688976199293049
8.199326269894922
1.866218669857
====================
400
3
0.2537183509942929
0.24333692925584954
0.2537183509942929
0.24333692925584954
9.702274403269927
6.133292731323575
====================
0
3
0.0
-1.2754806306104335e-08
0.0
1.2754806306104335e-08
0.0
1.5878933088135725e-07
====================
50
3
-0.08731884799658451
-0.08429754402665601
0.08731884799658451
0.08429754402665601
0.7150944970844543
0.7517860783957871
====================
100
3
-0.08051646073933094
-0.05705769768878621
0.08051646073933094
0.05705769768878621
5.941832221399706
2.4777211604953133
====================
150
3
-1.2380353168836877
-1.3980233823402932
1.2380353168836877
1.3980233823402932
101.43530062041776
305.63182673083406
====================
200
3
-1.1101136188584118
-1.8899777685812262
1.1101136188584118
1.8899777685812262
88.34197632942808
321.2193816425692
====================
0
3
0.0
-1.032234722614826e-08
0.0
1.032234722614826e-08
0.0
1.0635399548702638e-07
====================
50
3
0.013808806671032015
-0.01129152194120664
0.013808806671032015
0.01129152194120664
0.09918953850237962
0.04329500019931454
====================
100
3
0.08890182791079848
0.06092059716914955
0.08890182791079848
0.06092059716914955
34.388985279408686
193.03254052276202
====================
0
3
0.0
-9.897443185331277e-09
0.0
9.897443185331277e-09
0.0
6.779980289651903e-08
====================
50
3
-0.10625833738728319
nan
0.10625833738728319
nan
118.7240015987504
nan
====================
100
3
-0.13391676328060997
nan
0.13391676328060997
nan
657.057948185703
nan
====================
0
3
0.0
-2.431835445911304e-08
0.0
2.431835445911304e-08
0.0
2.887586481891036e-07
====================
0
3
0.0
-1.2799118740190526e-08
0.0
1.2799118740190526e-08
0.0
1.7808442038628343e-07
====================
50
3
66.12931499715927
40.702916089110786
66.12931499715927
40.702916089110786
4.605672893208154
45.37710523924258
====================
100
3
205.0207493498874
176.3441352633993
205.0207493498874
176.3441352633993
14.984862570069586
101.45655499467367
====================
150
3
359.3117555082174
329.88554791837987
359.3117555082174
329.88554791837987
26.78701633351958
105.09494579297154
====================
200
3
420.79996404463384
391.0251273356478
420.79996404463384
391.0251273356478
30.12411622855442
95.19727690955116
====================
0
3
0.0
-1.2373425309249328e-08
0.0
1.2373425309249328e-08
0.0
1.2530225268131284e-07
====================
50
3
31.988475211110842
-4.839837830411103
31.988475211110842
4.839837830411103
3.1083244655118674
35.134144624284865
====================
100
3
152.5114626867852
120.061430004148
152.5114626867852
120.061430004148
23.81812223118429
88.79379724252638
====================
0
3
0.0
-1.17755773200737e-08
0.0
1.17755773200737e-08
0.0
5.4284594460366406e-08
====================
0
3
0.0
-1.2280926184038262e-08
0.0
1.2280926184038262e-08
0.0
1.972724749092059e-07
====================
50
3
-0.12283835435170065
-0.03361209170759194
0.12283835435170065
0.03361209170759194
0.8594549317007545
0.8503957897554039
====================
0
3
0.0
-1.142402826571755e-08
0.0
1.142402826571755e-08
0.0
9.59056551696142e-08
====================
50
3
-0.023211982530794373
-0.03065950246731819
0.023211982530794373
0.03065950246731819
0.6021776219279773
0.5982299844490138
====================
100
3
-0.20415226686201393
-0.15330172161077238
0.20415226686201393
0.15330172161077238
0.9424767585301602
0.9954980920967006
====================
150
3
-0.2761786325002549
-0.03967634250198193
0.2761786325002549
0.03967634250198193
2.6342375600461896
1.0124427815654298
====================
200
3
-81.88006875642688
-79.79536576907037
81.88006875642688
79.79536576907037
16.37954719825626
575.6637182740632
====================
0
3
0.0
-9.929664453263036e-09
0.0
9.929664453263036e-09
0.0
1.387724306508509e-07
====================
50
3
-0.010498106902419924
-0.021186740467191045
0.010498106902419924
0.021186740467191045
0.1696934323287062
0.185184035076533
====================
100
3
-0.06744249299615657
-0.06292013525437667
0.06744249299615657
0.06292013525437667
0.6861691102431967
0.5377327020841517
====================
150
3
-0.08843587583842916
-0.07063733596348132
0.08843587583842916
0.07063733596348132
2.1541080005789777
1.1401914469297179
====================
200
3
0.22124889661108388
0.5524171116244468
0.22124889661108388
0.5524171116244468
29.637027661299655
41.45010699227274
====================
0
3
0.0
-1.2467123130709622e-08
0.0
1.2467123130709622e-08
0.0
2.183836937053992e-07
====================
50
3
0.03611342453889321
0.013637798998508588
0.03611342453889321
0.013637798998508588
0.47153408111477857
0.47090005588343015
====================
100
3
-0.04270954497492152
-0.058597076671301984
0.04270954497492152
0.058597076671301984
1.0268557611934357
0.7489833797295984
====================
150
3
-0.08455926602686392
-0.10093461291347805
0.08455926602686392
0.10093461291347805
1.1309309465567146
0.9816707932795576
====================
200
3
0.39588944734132914
0.3494151781112051
0.39588944734132914
0.3494151781112051
50.793007266756874
445.6361225783268
====================
0
3
0.0
-1.0070722698976467e-08
0.0
1.0070722698976467e-08
0.0
4.2545189871653415e-08
====================
50
3
-0.047129051105509134
-0.0486297116489125
0.047129051105509134
0.0486297116489125
0.15618663079835568
0.1207892982519445
====================
100
3
-0.06576668505137562
-0.05592804212127156
0.06576668505137562
0.05592804212127156
0.7708327798411955
0.669257654436353
====================
150
3
-0.05894815646735796
-0.04479678322450065
0.05894815646735796
0.04479678322450065
1.6611860039826616
1.062426479737908
====================
200
3
0.012936079187169623
0.03234156498419166
0.012936079187169623
0.03234156498419166
2.3254704817278893
1.583949070310504
====================
0
3
0.0
-1.2226006056937199e-08
0.0
1.2226006056937199e-08
0.0
1.9085019540994162e-07
====================
50
3
-0.008824955997785544
-0.06897899806430052
0.008824955997785544
0.06897899806430052
0.46255381961457775
0.4660189989116147
====================
100
3
-0.14901926305068702
-0.11097143847918911
0.14901926305068702
0.11097143847918911
0.32744365909560896
0.32981202534143456
====================
150
3
-0.8959558353289965
-0.07490945102767732
0.8959558353289965
0.07490945102767732
9.25295464769974
1.2763386340911802
====================
200
3
-3.3891103256219037
-0.06161424432737084
3.3891103256219037
0.06161424432737084
51.37084253515516
4.681528037757533
====================
0
3
0.0
-1.2409266733329072e-08
0.0
1.2409266733329072e-08
0.0
1.273631619150405e-07
====================
50
3
0.03363346050901983
0.00564950291739863
0.03363346050901983
0.00564950291739863
0.26866527256958106
0.24939331727831013
====================
100
3
-0.03481730693401852
0.005507744828519456
0.03481730693401852
0.005507744828519456
0.9586446313672465
0.8489415809801155
====================
150
3
-0.10562251849751547
0.008526921740273696
0.10562251849751547
0.008526921740273696
2.6959224687095085
0.39864754508511385
====================
200
3
-1.034582065003271
0.043668092497899824
1.034582065003271
0.043668092497899824
18.020700148204952
1.5592243250956705
====================
0
3
0.0
-1.2038180422657221e-08
0.0
1.2038180422657221e-08
0.0
8.75114510281839e-08
====================
50
3
0.021892309214315286
0.012838763171470147
0.021892309214315286
0.012838763171470147
0.6165939512570964
0.5619283771327249
====================
100
3
-0.05584300419592614
-0.03579957178350801
0.05584300419592614
0.03579957178350801
1.1238723704371354
1.21506467733894
====================
150
3
-0.0055031299933734346
-0.040829705058885724
0.0055031299933734346
0.040829705058885724
0.8239672392374344
0.9954984865171718
====================
200
3
-0.044622712289846524
0.023820842024599047
0.044622712289846524
0.023820842024599047
2.0433545498460735
2.015132041486788
====================
0
3
0.0
-2.2357667112118208e-08
0.0
2.2357667112118208e-08
0.0
1.4677445522024959e-08
====================
50
3
-0.020584703965364826
-0.011249309898365034
0.020584703965364826
0.011249309898365034
1.1496823172366524
1.1332278378447032
====================
100
3
-0.0767153031861958
-0.06153485818613058
0.0767153031861958
0.06153485818613058
1.5350255675518
1.5167304445129353
====================
150
3
-0.017749052500917406
-0.06708524580642528
0.017749052500917406
0.06708524580642528
1.7611229253054679
1.6444127980941352
====================
200
3
-0.03847085751732204
0.03729173640370972
0.03847085751732204
0.03729173640370972
2.868290419330561
2.397111900421801
====================
250
3
-0.2667512594429875
0.0498137240481169
0.2667512594429875
0.0498137240481169
5.298787930200077
2.3275578289652765
====================
300
3
-0.536854002177853
0.005954667244282064
0.536854002177853
0.005954667244282064
6.6869733196658245
3.172594105457014
====================
350
3
-0.37884037225282174
0.04473328245796293
0.37884037225282174
0.04473328245796293
11.661008471553185
3.7756359604767527
====================
400
3
-0.45300702023381345
0.16570226436961039
0.45300702023381345
0.16570226436961039
16.037870749517943
5.079577126831917
====================
450
3
-0.7373451960314679
0.09252347471035494
0.7373451960314679
0.09252347471035494
22.93048349923927
3.9965242006408848
====================
500
3
-1.05416012884506
0.0130175854731025
1.05416012884506
0.0130175854731025
27.382404029894854
4.682530168493802
====================
550
3
-0.9753544210075873
0.04024951203117855
0.9753544210075873
0.04024951203117855
36.40652222863631
4.296939972887511
====================
600
3
-0.8630418392383009
0.08252675594599335
0.8630418392383009
0.08252675594599335
45.5371141620751
5.507039673831061
====================
650
3
-1.0823897427342044
0.045347982700830514
1.0823897427342044
0.045347982700830514
56.41566486581638
4.177495505076985
====================
700
3
-1.3743247094153777
-0.05741881397526738
1.3743247094153777
0.05741881397526738
64.07703723418349
2.881122070472407
====================
750
3
-1.2322887492896166
-0.09033855706368898
1.2322887492896166
0.09033855706368898
74.6397681648875
0.45996263554082284
====================
800
3
-1.0009061512866744
-0.04156994500639177
1.0009061512866744
0.04156994500639177
85.83963313254522
2.0385453342434654
====================
850
3
-1.0655967575339065
-0.11454232408269105
1.0655967575339065
0.11454232408269105
96.52330078454946
2.4511631067146498
====================
900
3
-1.2640943084166385
-0.2855635248809856
1.2640943084166385
0.2855635248809856
106.48695098699109
3.067913370603691
====================
950
3
-1.0972072763452831
-0.25879414325690986
1.0972072763452831
0.25879414325690986
117.97198701379807
6.464724309435734
====================
1000
3
-0.9119280511717583
-0.12544873895294606
0.9119280511717583
0.12544873895294606
127.47847943788612
6.022945412957051
====================
0
3
0.0
-1.032988313507551e-08
0.0
1.032988313507551e-08
0.0
1.8827650074113688e-08
====================
50
3
-0.015906354353164343
-0.03418315484622547
0.015906354353164343
0.03418315484622547
0.35911304395255556
0.26183050623981124
====================
100
3
-0.10780919024227975
-0.09076011539534345
0.10780919024227975
0.09076011539534345
0.40862184319069955
0.2806026143954958
====================
150
3
-0.10833050837293579
-0.09389832500744522
0.10833050837293579
0.09389832500744522
1.7933948299945177
0.9069540592046502
====================
200
3
-0.03687699670747554
0.009887896968831137
0.03687699670747554
0.009887896968831137
2.8884643158949603
1.5095249109577262
====================
250
3
0.041014552207737864
0.1052708046828219
0.041014552207737864
0.1052708046828219
3.5009042953105656
1.1627138547403257
====================
300
3
-0.046900428110147274
-0.006121098093942123
0.046900428110147274
0.006121098093942123
5.820586848725012
2.2437165643132837
====================
350
3
-0.06592822639558538
-0.04435518391597393
0.06592822639558538
0.04435518391597393
8.221553776234995
2.6928936586269114
====================
400
3
0.09668534977447382
0.11680721198428011
0.09668534977447382
0.11680721198428011
9.536614620662188
4.631197802362267
====================
0
3
0.0
-1.2754806306104335e-08
0.0
1.2754806306104335e-08
0.0
1.5878933088135725e-07
====================
50
3
0.04211240559940754
0.044035190888480846
0.04211240559940754
0.044035190888480846
0.3465955348671692
0.3589451152549362
====================
100
3
-0.01611146450586043
-0.011369426259194348
0.01611146450586043
0.011369426259194348
0.862297181403472
0.7860622810207044
====================
150
3
0.015438945296441853
0.012513124900098704
0.015438945296441853
0.012513124900098704
0.9380321207951261
1.0244224576059258
====================
200
3
0.056492228905739614
0.057269117126147004
0.056492228905739614
0.057269117126147004
3.191850192447866
2.1961996686871563
====================
250
3
0.13357271550859307
0.15712100899231807
0.13357271550859307
0.15712100899231807
8.698604247868987
4.095055958419061
====================
300
3
0.03267013225174642
0.04006886335899029
0.03267013225174642
0.04006886335899029
11.7291374606772
4.533868813240342
====================
350
3
0.06271972400845693
0.05943054565444772
0.06271972400845693
0.05943054565444772
15.188939545753435
5.91751706598946
====================
400
3
0.18015873175985186
0.21319769142256695
0.18015873175985186
0.21319769142256695
19.55770873954954
11.178179557420018
====================
0
3
0.0
-1.0070722698976467e-08
0.0
1.0070722698976467e-08
0.0
4.2545189871653415e-08
====================
50
3
0.047816276260748136
0.04030164742389841
0.047816276260748136
0.04030164742389841
1.325538308945519
1.272782004216904
====================
100
3
-0.0031276662794184062
-0.021069905884360196
0.0031276662794184062
0.021069905884360196
2.1674542674813098
1.8485273715201558
====================
150
3
0.07064086189424468
0.02658464673492955
0.07064086189424468
0.02658464673492955
2.4954043663506935
1.8281006359690322
====================
200
3
0.12282263297743169
0.055889842422052166
0.12282263297743169
0.055889842422052166
3.4863351173142596
2.8546582926052784
====================
250
3
0.10481668957294099
0.045255684270668395
0.10481668957294099
0.045255684270668395
4.2011760936610125
2.9936953596276195
====================
300
3
0.031658404209017554
-0.04283788255816212
0.031658404209017554
0.04283788255816212
5.092110612681701
2.6431790397573645
====================
350
3
0.059468983381644414
-0.01343946158873699
0.059468983381644414
0.01343946158873699
5.258147028351763
3.3198779013805786
====================
400
3
0.11006470617214358
0.03557520053072573
0.11006470617214358
0.03557520053072573
5.855599344753797
5.219137991467135
====================
0
3
0.0
-1.2409266733329072e-08
0.0
1.2409266733329072e-08
0.0
1.273631619150405e-07
====================
50
3
-0.05976933112166982
-0.06396413352241526
0.05976933112166982
0.06396413352241526
12.481223538822029
21.578249525021786
====================
0
3
0.0
-1.2739934645474806e-08
0.0
1.2739934645474806e-08
0.0
1.6002076965069945e-07
====================
50
3
-0.2584382161155354
-0.2770591777072571
0.2584382161155354
0.2770591777072571
21.94500692856941
65.49115507911021
====================
100
3
-0.5168775932861247
-0.47925619528256824
0.5168775932861247
0.47925619528256824
123.11353798356893
690.6081722677973
====================
150
3
-0.5770892441106905
-0.6224534449689472
0.5770892441106905
0.6224534449689472
122.88646140272489
693.1052952951854
====================
200
3
-0.4390498619357173
-0.4063276149652235
0.4390498619357173
0.4063276149652235
128.96672036873193
688.2391429362275
====================
250
3
-0.40951383489986437
-0.379443844487785
0.40951383489986437
0.379443844487785
133.29919308589564
684.6212024506765
====================
300
3
-0.441526518709892
-0.3926562130848388
0.441526518709892
0.3926562130848388
133.69098120353888
685.6075535456466
====================
350
3
-0.5613628802166293
-0.3638524152177878
0.5613628802166293
0.3638524152177878
134.54379993712465
688.3225058683972
====================
400
3
-0.4564038687132349
-0.30998880109834487
0.4564038687132349
0.30998880109834487
141.19793067161592
684.245732280194
====================
0
3
0.0
-1.2799118740190526e-08
0.0
1.2799118740190526e-08
0.0
1.7808442038628343e-07
====================
50
3
-0.22629019804957462
-0.22511405456627642
0.22629019804957462
0.22511405456627642
23.000069743095438
71.9350793296486
====================
100
3
-0.6389142340877565
-0.8531529690599782
0.6389142340877565
0.8531529690599782
108.89667877838282
451.99852914459694
====================
150
3
-0.6756360826707271
-1.3106419944901524
0.6756360826707271
1.3106419944901524
101.60467333660354
463.5825709019749
====================
200
3
-0.695228224360295
-1.7143039103252393
0.695228224360295
1.7143039103252393
99.64794012648655
466.47500320584203
====================
0
3
0.0
-1.104663408801853e-08
0.0
1.104663408801853e-08
0.0
2.6790869439902117e-08
====================
50
3
0.0014923888189588563
-0.007690245571974508
0.0014923888189588563
0.007690245571974508
0.36414819734883136
0.3117068023471121
====================
100
3
0.009165607134492326
0.012492236476175478
0.009165607134492326
0.012492236476175478
0.5212166200971106
0.5689471156625312
====================
150
3
0.03790132760562148
nan
0.03790132760562148
nan
55.04437421580268
nan
====================
200
3
0.2392402175496917
nan
0.2392402175496917
nan
371.24122761780313
nan
====================
0
3
0.0
-9.105776265788176e-09
0.0
9.105776265788176e-09
0.0
1.4425856350872224e-07
====================
50
3
0.04379940442235397
0.0401819334099629
0.04379940442235397
0.0401819334099629
0.5084234111536025
0.4702800822912066
====================
100
3
0.060001688093181293
0.04189517007969146
0.060001688093181293
0.04189517007969146
1.4764299025578296
1.1989301887825305
====================
0
3
0.0
-2.245472363721259e-08
0.0
2.245472363721259e-08
0.0
6.229370397431865e-08
====================
50
3
-0.019294630775823718
-0.015022651086745942
0.019294630775823718
0.015022651086745942
0.4495855047699833
0.4392173534642235
====================
100
3
-0.009660123742266435
-0.006917602096327524
0.009660123742266435
0.006917602096327524
0.3984453687215219
0.3840235085531605
====================
150
3
-0.021354373632200385
-0.007337960872352056
0.021354373632200385
0.007337960872352056
4.0444378026160885
2.3048562049378587
====================
0
3
0.0
-1.081403865704564e-08
0.0
1.081403865704564e-08
0.0
4.4841282522037114e-08
====================
50
3
0.03284019971527696
0.018804728023507522
0.03284019971527696
0.018804728023507522
0.9456592452566588
0.8072130914782547
====================
100
3
0.0587336072221043
0.03782844865622481
0.0587336072221043
0.03782844865622481
1.4535321622698638
1.2313159708140327
====================
150
3
0.059007125238484726
0.03987004556647733
0.059007125238484726
0.03987004556647733
3.8749793444184384
1.1241629554956856
====================
200
3
0.10916001469394132
0.07593493572989019
0.10916001469394132
0.07593493572989019
7.330109956428503
0.9015258442065146
