====================
0
1
0.0
-2.1235109489171575e-08
0.0
2.1235109489171575e-08
0.0
1.3076783859085153e-07
====================
50
1
-0.009914869335294396
-0.03263326491724783
0.009914869335294396
0.03263326491724783
0.15215888826822702
0.43358767786650315
====================
100
1
-0.058338996685603384
-0.07498520368894024
0.058338996685603384
0.07498520368894024
0.2603067225709547
0.49282394075071223
====================
150
1
-0.07652781632588668
-0.06629879360198565
0.07652781632588668
0.06629879360198565
0.9741014576323541
1.2372176920120128
====================
200
1
-0.03032678664596321
-0.02489770499028063
0.03032678664596321
0.02489770499028063
1.8491051086320032
1.7933858333538908
====================
250
1
-0.004390027163869492
0.0005813621661245882
0.004390027163869492
0.0005813621661245882
1.749656947732691
2.108032995718896
====================
300
1
-0.05424089037815527
-0.026597672654300908
0.05424089037815527
0.026597672654300908
1.895533540319175
3.8008081847744775
====================
350
1
-0.06739825426342883
-0.03766676425082438
0.06739825426342883
0.03766676425082438
2.5719020537169635
3.839826629029999
====================
400
1
-0.010665478587567064
0.0702340634118773
0.010665478587567064
0.0702340634118773
3.4076074764671564
2.599086109561346
====================
450
1
0.013947413540933429
0.07036246047221528
0.013947413540933429
0.07036246047221528
3.0269836173901794
2.468053355450105
====================
500
1
-0.025818393154933617
-0.015125477056157521
0.025818393154933617
0.015125477056157521
3.198300543793134
3.713587409193356
====================
550
1
-0.05294786447927846
-0.13953961543976923
0.05294786447927846
0.13953961543976923
3.7182846546265838
4.756184214634631
====================
600
1
0.0065209691630348995
-0.03603614166328815
0.0065209691630348995
0.03603614166328815
4.413116688174376
5.035683443997874
====================
650
1
0.02295887079682668
0.0158631500535793
0.02295887079682668
0.0158631500535793
3.944463033293723
5.172166261167166
====================
700
1
-0.03388189668761399
-0.1291411840867629
0.03388189668761399
0.1291411840867629
4.034875379399681
7.45787142604027
====================
750
1
-0.05533816249429946
-0.0801944092708946
0.05533816249429946
0.0801944092708946
4.5714170232404605
7.266947785493564
====================
800
1
-0.009752324234065104
-0.0443846348122143
0.009752324234065104
0.0443846348122143
5.375950887133998
7.939356159393212
====================
850
1
0.007456056802043198
-0.004308187721415058
0.007456056802043198
0.004308187721415058
5.098170473192935
8.03567562358573
====================
900
1
-0.04223009109469
-0.08588253115000155
0.04223009109469
0.08588253115000155
5.201415922214506
9.129662860714621
====================
950
1
-0.06352610856215413
-0.011617424450784508
0.06352610856215413
0.011617424450784508
5.703907187073581
9.197814573537947
====================
1000
1
-0.01427726721941111
0.10962530660138628
0.01427726721941111
0.10962530660138628
6.5901398804019635
7.6978507469554245
====================
0
1
0.0
-2.1959787330991982e-08
0.0
2.1959787330991982e-08
0.0
5.264908196358062e-09
====================
50
1
0.015884381308698847
-0.008726837952732103
0.015884381308698847
0.008726837952732103
0.395135483963314
0.9632798282578272
====================
0
1
0.0
-2.466002745597806e-08
0.0
2.466002745597806e-08
0.0
2.412185444684016e-07
====================
0
1
0.0
-2.0443506209213858e-08
0.0
2.0443506209213858e-08
0.0
1.358947990269377e-07
====================
0
1
0.0
-9.929732244793333e-09
0.0
9.929732244793333e-09
0.0
1.3876577019869934e-07
====================
0
1
0.0
-1.1930920910082245e-08
0.0
1.1930920910082245e-08
0.0
1.462899144629925e-07
====================
50
1
-0.013830522922677169
0.008332390547606261
0.013830522922677169
0.008332390547606261
4.863331346993113
3.970830761647793
====================
100
1
-0.06436429997307558
-0.0846583894321511
0.06436429997307558
0.0846583894321511
4.634613583072819
3.3889381263277354
====================
0
1
0.0
-1.275484140300249e-08
0.0
1.275484140300249e-08
0.0
1.587958167824096e-07
====================
50
1
-0.06661440098747162
-0.055812858722929626
0.06661440098747162
0.055812858722929626
1.1871206612839944
2.176817210892647
====================
100
1
-0.1368244901934772
-0.11030022742775802
0.1368244901934772
0.11030022742775802
2.0297089163648545
1.7946267986009612
====================
0
1
0.0
-1.1971866928061244e-08
0.0
1.1971866928061244e-08
0.0
1.599052386904551e-07
====================
50
1
-0.05257708574815467
-0.047356734434401915
0.05257708574815467
0.047356734434401915
0.6116580405672162
4.375310057583028
====================
100
1
-0.4137715185072284
-0.4302336719140145
0.4137715185072284
0.4302336719140145
2.833668788257893
6.8608036846435505
====================
0
1
0.0
-1.2740025222609607e-08
0.0
1.2740025222609607e-08
0.0
1.6002776248460607e-07
====================
50
1
-0.089410909968759
-0.08312118780788058
0.089410909968759
0.08312118780788058
2.5143311283681595
1.2233224030027698
====================
100
1
-0.06398371241302359
-0.04696361496504231
0.06398371241302359
0.04696361496504231
3.0835660355745986
2.0236725771735644
====================
0
1
0.0
-1.10266031381133e-08
0.0
1.10266031381133e-08
0.0
5.05091125773375e-08
====================
50
1
-0.03876232837686011
-0.04657121036196221
0.03876232837686011
0.04657121036196221
0.04524860008039962
0.11247289505352624
====================
100
1
-0.0961124079724085
-0.0877064222201116
0.0961124079724085
0.0877064222201116
0.5628449186839588
0.5215393680941164
====================
0
1
0.0
-9.756169383828774e-09
0.0
9.756169383828774e-09
0.0
1.552617468530925e-07
====================
50
1
0.029932271114015307
0.034571454958421066
0.029932271114015307
0.034571454958421066
0.6665685872850907
0.697312408877973
====================
100
1
0.047659832145981795
0.055858073239650086
0.047659832145981795
0.055858073239650086
1.226257241868151
1.1337041282598426
====================
0
1
0.0
-1.2809132363160712e-08
0.0
1.2809132363160712e-08
0.0
1.719197736525215e-07
====================
50
1
-0.021525171513512076
-0.022903652853107248
0.021525171513512076
0.022903652853107248
0.48553919281538704
0.5438056186040379
====================
100
1
-0.031802548560970756
-0.05206929367285262
0.031802548560970756
0.05206929367285262
0.7651219817314627
0.6073775669220377
====================
0
1
0.0
-1.2247978714409231e-08
0.0
1.2247978714409231e-08
0.0
1.796100508286728e-07
====================
50
1
0.050938940586695125
0.05006014469252662
0.050938940586695125
0.05006014469252662
0.5197843231149967
0.49434940965376917
====================
100
1
0.04679619092523213
0.056630935850864095
0.04679619092523213
0.056630935850864095
1.2524032843832893
1.094559071457338
====================
150
1
0.09625928458478605
0.09590954416751751
0.09625928458478605
0.09590954416751751
1.7189914974836897
1.4680350475765174
====================
200
1
0.14012572647339888
0.11874790709322913
0.14012572647339888
0.11874790709322913
2.1265547427433797
2.0001257975504494
====================
250
1
0.14305582795149885
0.06263045737834672
0.14305582795149885
0.06263045737834672
4.184456273311728
1.5983332254437883
====================
300
1
0.11928502201346447
0.046363140814367654
0.11928502201346447
0.046363140814367654
6.933181756464291
1.8625236027923635
====================
350
1
0.09483157651694385
0.020446362423202524
0.09483157651694385
0.020446362423202524
10.849683490718531
2.6797822659982806
====================
400
1
0.06732684367425845
-0.022421463180358037
0.06732684367425845
0.022421463180358037
12.01726495405508
2.475243765313324
====================
450
1
0.14121248902594097
0.08210698106032588
0.14121248902594097
0.08210698106032588
14.816955670070213
1.8996895855791376
====================
500
1
-0.02577633022176906
-0.1096011586890695
0.02577633022176906
0.1096011586890695
17.702265170142898
1.4138632496064016
====================
550
1
-0.026597513834962117
-0.14259111356735765
0.026597513834962117
0.14259111356735765
20.079295076793912
1.81650435475206
====================
600
1
-0.023772939053290476
-0.12237598023359755
0.023772939053290476
0.12237598023359755
19.91891030806929
3.868251839576414
====================
650
1
-0.010237533755639738
-0.0866220834583109
0.010237533755639738
0.0866220834583109
20.92263498692876
4.234999072491994
====================
700
1
-0.03509856759877872
-0.1284959141376505
0.03509856759877872
0.1284959141376505
21.92413077343116
5.353561128052522
====================
750
1
-0.04011005057518102
-0.1307320631276594
0.04011005057518102
0.1307320631276594
24.099180197612
6.315223280874019
====================
800
1
0.05953270954474142
0.03234453798165591
0.05953270954474142
0.03234453798165591
24.994300195099232
4.714875551765266
====================
850
1
0.05071304907692209
0.04966895058790288
0.05071304907692209
0.04966895058790288
27.679702958004416
4.599257325321229
====================
900
1
0.07934669585915799
0.04154600064006875
0.07934669585915799
0.04154600064006875
30.255383871440042
5.24028176472988
====================
950
1
0.01417250099848233
-0.04424113948490027
0.01417250099848233
0.04424113948490027
33.28958862978916
3.5099476038628628
====================
1000
1
0.02454845933114648
-0.05443578124143407
0.02454845933114648
0.05443578124143407
35.03175173851305
4.478332672351766
====================
0
1
0.0
-1.1984762095326406e-08
0.0
1.1984762095326406e-08
0.0
1.6038931630369088e-07
====================
50
1
-0.016191005463856767
-0.02230141042715572
0.016191005463856767
0.02230141042715572
0.5820169195600386
0.6347193019906894
====================
100
1
-0.050365996412724545
-0.040347479319784885
0.050365996412724545
0.040347479319784885
0.5931504853731602
0.7692122085106972
====================
150
1
-0.08304506094051467
-0.07827861368013167
0.08304506094051467
0.07827861368013167
0.6755555002034891
1.3656886453190584
====================
200
1
0.006141007010158156
0.02620717765404575
0.006141007010158156
0.02620717765404575
1.5429741959691567
1.9995041425763083
====================
250
1
-0.012358308577722132
0.018875088073503576
0.012358308577722132
0.018875088073503576
2.122256364510174
2.490823834453673
====================
300
1
-0.180107005475175
-0.14986697913071323
0.180107005475175
0.14986697913071323
3.40948535830382
2.47873193811464
====================
350
1
-0.2312179553577125
-0.223264748695976
0.2312179553577125
0.223264748695976
7.169484175844378
1.6768034610816371
====================
400
1
-0.15701356590129362
-0.10408444098063399
0.15701356590129362
0.10408444098063399
9.075044628180319
2.016620031645993
====================
0
1
0.0
-9.486773127560893e-09
0.0
9.486773127560893e-09
0.0
1.0445160440309874e-07
====================
50
1
-0.004612181801967985
-0.009963349041515857
0.004612181801967985
0.009963349041515857
0.2263415074077178
0.2788142931574097
====================
100
1
-0.07914971505932122
-0.07957493544694882
0.07914971505932122
0.07957493544694882
0.3234602220807817
0.5784791387409798
====================
150
1
-0.12785131837849173
-0.15599872750649868
0.12785131837849173
0.15599872750649868
1.3005301829341835
1.0714650007770734
====================
200
1
-0.014535933261435837
0.031242662602434343
0.014535933261435837
0.031242662602434343
2.757282841091239
0.9423716989004183
====================
250
1
0.29761574113976874
0.3211010113562659
0.29761574113976874
0.3211010113562659
3.447416683661158
0.7265027528829743
====================
300
1
0.39276531837750683
0.34982812335630253
0.39276531837750683
0.34982812335630253
4.19962839243641
1.8698078501754238
====================
350
1
0.39511917782125094
0.2712341162961337
0.39511917782125094
0.2712341162961337
8.821662290572664
3.039198363577687
====================
400
1
0.600894214605447
0.4701835237029597
0.600894214605447
0.4701835237029597
12.087917633398582
5.621674116820209
====================
0
1
0.0
-1.043075222292795e-08
0.0
1.043075222292795e-08
0.0
2.28844479628186e-10
====================
50
1
0.007996032368428052
0.0019619941481732184
0.007996032368428052
0.0019619941481732184
0.6486366393902924
0.5613711056579787
====================
100
1
-0.04025661780841272
-0.05631218757393919
0.04025661780841272
0.05631218757393919
6.7504767643451435
1.974062200154027
====================
150
1
-1.7525738528020693
-1.969531928221627
1.7525738528020693
1.969531928221627
101.68016971142166
310.8000524666694
====================
200
1
-1.706686940583442
-2.6995910078442966
1.706686940583442
2.6995910078442966
84.11002977912477
327.42475026146536
====================
0
1
0.0
-1.197867155715506e-08
0.0
1.197867155715506e-08
0.0
6.175753366027261e-08
====================
50
1
-0.03736599085537251
-0.04710326280461752
0.03736599085537251
0.04710326280461752
0.27603310294821043
0.2960777409577151
====================
100
1
0.25853448294451686
0.21693945624220135
0.25853448294451686
0.21693945624220135
31.24911750889272
180.20034090287737
====================
0
1
0.0
-1.2092408578943153e-08
0.0
1.2092408578943153e-08
0.0
9.791538429936148e-08
====================
50
1
0.04402002047347531
nan
0.04402002047347531
nan
118.33496693193223
nan
====================
100
1
0.001248439416657643
nan
0.001248439416657643
nan
656.2385437170535
nan
====================
0
1
0.0
-1.9130544453572804e-08
0.0
1.9130544453572804e-08
0.0
2.795683713156973e-07
====================
0
1
0.0
-1.320004100244536e-08
0.0
1.320004100244536e-08
0.0
1.2885223735113296e-07
====================
50
1
86.02610141751295
63.87391528723517
86.02610141751295
63.87391528723517
4.707867342956907
58.25799787257802
====================
100
1
264.82826131671857
240.8862526122855
264.82826131671857
240.8862526122855
15.566650012610955
94.1841293327107
====================
150
1
468.7571608450638
444.9335534203841
468.7571608450638
444.9335534203841
27.641947923718593
105.15450770405234
====================
200
1
632.7915283243077
609.000966745521
632.7915283243077
609.000966745521
33.67105769217389
110.44790228140961
====================
0
1
0.0
-9.105830162731144e-09
0.0
9.105830162731144e-09
0.0
1.4425226476647283e-07
====================
50
1
42.07057224019906
3.2727078402761123
42.07057224019906
3.2727078402761123
3.969439858713344
29.203356459195618
====================
100
1
147.2650504926736
110.84601401563924
147.2650504926736
110.84601401563924
15.666058607518474
200.8143554979409
====================
0
1
0.0
-1.2373457754433126e-08
0.0
1.2373457754433126e-08
0.0
1.2530860380862073e-07
====================
0
1
0.0
-1.2680264254048775e-08
0.0
1.2680264254048775e-08
0.0
1.607539941891466e-07
====================
50
1
-0.08928937212443055
-0.009852308100746887
0.08928937212443055
0.009852308100746887
0.3532605983063436
0.3871053093919488
====================
0
1
0.0
-1.2373457754433126e-08
0.0
1.2373457754433126e-08
0.0
1.2530860380862073e-07
====================
50
1
0.023737077848770216
0.016053869799012244
0.023737077848770216
0.016053869799012244
0.40462945838228126
0.35279360980136365
====================
100
1
-0.1036003995779331
-0.050034197434563055
0.1036003995779331
0.050034197434563055
0.537614398937358
0.6032264104131079
====================
150
1
0.06066679325390778
0.24547733373908143
0.06066679325390778
0.24547733373908143
1.7435156180157776
1.1697217944322638
====================
200
1
-35.30076844309654
-33.11064064657327
35.30076844309654
33.11064064657327
16.20510283837115
568.9555600176918
====================
0
1
0.0
-1.1222355502885668e-08
0.0
1.1222355502885668e-08
0.0
5.041989019196053e-09
====================
50
1
0.06173514546908976
0.07373584995884963
0.06173514546908976
0.07373584995884963
0.5202395043870032
0.5663810453374191
====================
100
1
0.013202243814296022
0.0006599315940674089
0.013202243814296022
0.0006599315940674089
1.142859103322417
0.8578677825635568
====================
150
1
-0.06434230054077839
-0.08218465041399337
0.06434230054077839
0.08218465041399337
1.8385273782590856
0.4624994185553377
====================
200
1
0.6008123106942599
0.8571209373585209
0.6008123106942599
0.8571209373585209
28.50740080333025
42.36308672569879
====================
0
1
0.0
-9.23710012198509e-09
0.0
9.23710012198509e-09
0.0
1.3428462667864177e-07
====================
50
1
0.015196720182964585
-0.0005331267162631548
0.015196720182964585
0.0005331267162631548
0.5510671390704887
0.5165545665186235
====================
100
1
-0.06120563103819121
-0.05930813488279707
0.06120563103819121
0.05930813488279707
0.8212600241888969
0.8003118034709874
====================
150
1
-0.08531541409420806
-0.08022421215317221
0.08531541409420806
0.08022421215317221
1.4936708299908594
1.2287620856655943
====================
200
1
0.553402425375843
0.6147756979131035
0.553402425375843
0.6147756979131035
33.22958188722391
96.10985163228598
====================
0
1
0.0
-1.0328933989769495e-08
0.0
1.0328933989769495e-08
0.0
9.287608540987332e-08
====================
50
1
0.03398982936210393
0.03597337952136748
0.03398982936210393
0.03597337952136748
0.5849161854968498
0.5712379254890237
====================
100
1
-0.07390441500927203
-0.0756142543566507
0.07390441500927203
0.0756142543566507
0.6001891699098562
0.4121171670362624
====================
150
1
-0.05701777785529116
-0.05678013262917925
0.05701777785529116
0.05678013262917925
0.5741679641312235
0.6062725071980771
====================
200
1
-0.03701276145684798
-0.03521922529075052
0.03701276145684798
0.03521922529075052
1.1205763515021596
0.8193979940416183
====================
0
1
0.0
-9.486773127560893e-09
0.0
9.486773127560893e-09
0.0
1.0445160440309874e-07
====================
50
1
0.060694631931917487
-0.0071630870505872135
0.060694631931917487
0.0071630870505872135
0.6852207954631958
0.6904176547325892
====================
100
1
-0.07370219589859461
-0.055947978483462
0.07370219589859461
0.055947978483462
1.4552850251113736
1.2579868995928085
====================
150
1
-0.7619228250027288
-0.009064451038580668
0.7619228250027288
0.009064451038580668
7.988145121177688
0.0843322108866375
====================
200
1
-3.310396603427318
-0.08913433152393324
3.310396603427318
0.08913433152393324
47.00939846448629
4.499813659247874
====================
0
1
0.0
-1.0060806494660926e-08
0.0
1.0060806494660926e-08
0.0
1.2676279454469317e-07
====================
50
1
-0.04232430756191885
-0.06091097040278637
0.04232430756191885
0.06091097040278637
0.6379818167840073
0.6190289645914777
====================
100
1
-0.26163365466460053
-0.19987369534997246
0.26163365466460053
0.19987369534997246
0.9044422384019503
0.755283328816686
====================
150
1
-0.31343834741293697
-0.1000228511579806
0.31343834741293697
0.1000228511579806
3.5631170358835154
2.3111522193278002
====================
200
1
-1.2492687286503683
0.009617930083769544
1.2492687286503683
0.009617930083769544
19.385909487012025
1.6926095991790486
====================
0
1
0.0
-1.202017841211518e-08
0.0
1.202017841211518e-08
0.0
1.5208608396798588e-07
====================
50
1
-0.02839619878519528
-0.024758933779944092
0.02839619878519528
0.024758933779944092
0.2965559060758376
0.305504597956854
====================
100
1
-0.006134317088273722
0.022446570979420155
0.006134317088273722
0.022446570979420155
1.140130670728797
1.2513041954095399
====================
150
1
0.04798208410032312
0.0042694337531747895
0.04798208410032312
0.0042694337531747895
2.068004351340435
1.8441039356655715
====================
200
1
0.08201964307936495
0.16315282812167362
0.08201964307936495
0.16315282812167362
2.8118765820946736
2.745318892996261
====================
0
1
0.0
-2.0428098056230508e-08
0.0
2.0428098056230508e-08
0.0
2.1905348956265206e-07
====================
50
1
-0.0018040058442154727
-0.0015924798216573333
0.0018040058442154727
0.0015924798216573333
0.5411921500747976
0.5071269529740736
====================
100
1
-0.03620845551400098
-0.017515208728944298
0.03620845551400098
0.017515208728944298
0.6511925798498615
0.6183749644803836
====================
150
1
0.0020625523663027057
-0.046042680470630426
0.0020625523663027057
0.046042680470630426
0.34135432707726
0.45983251974659034
====================
200
1
0.01314117866052935
0.028086510684068117
0.01314117866052935
0.028086510684068117
0.8553840224816426
0.6459235513357146
====================
250
1
-0.22407996069186287
0.002428688233013121
0.22407996069186287
0.002428688233013121
2.5841608451463514
0.7273351672941806
====================
300
1
-0.5563229237625604
-0.055847491360313306
0.5563229237625604
0.055847491360313306
3.4166123989884536
0.46417321651155896
====================
350
1
-0.4938228048337212
-0.05979659281889571
0.4938228048337212
0.05979659281889571
10.920774204837858
0.7525989505398347
====================
400
1
-0.6229196510758148
-0.01449015100800255
0.6229196510758148
0.01449015100800255
15.286087937491148
2.489825622685702
====================
450
1
-0.9046326653909946
-0.07957501890806595
0.9046326653909946
0.07957501890806595
24.41523581329469
2.7977671584536616
====================
500
1
-1.1566280638028243
-0.04802811843861354
1.1566280638028243
0.04802811843861354
31.254854746652526
2.4051433442873478
====================
550
1
-1.0463372856500106
0.02307182116704265
1.0463372856500106
0.02307182116704265
41.9477439381073
1.8384781732758313
====================
600
1
-0.9633465970232374
0.07563738438903767
0.9633465970232374
0.07563738438903767
51.80867103201512
4.460048174368788
====================
650
1
-1.203721275645215
0.011999214105745448
1.203721275645215
0.011999214105745448
63.28500359001486
1.9624661157430687
====================
700
1
-1.45702165370023
-0.017963366375921996
1.45702165370023
0.017963366375921996
72.58649948799315
1.5030001886958884
====================
750
1
-1.3723071529914606
-0.09571288925527854
1.3723071529914606
0.09571288925527854
84.79445757163901
2.0792207578028274
====================
800
1
-1.1397213192942468
0.018315055939807756
1.1397213192942468
0.018315055939807756
97.01183066844969
1.880225406846468
====================
850
1
-1.1578515312023137
-0.01384521306006592
1.1578515312023137
0.01384521306006592
108.91744780160573
2.8347076832787588
====================
900
1
-1.223409208739783
-0.06171616981869743
1.223409208739783
0.06171616981869743
119.5109155319653
3.6292878436902174
====================
950
1
-1.1259782708091888
-0.13649955453760043
1.1259782708091888
0.13649955453760043
131.55872865273523
5.32741925763769
====================
1000
1
-0.9602863257940409
-0.06334396730550806
0.9602863257940409
0.06334396730550806
141.0883300752216
5.655830660582159
====================
0
1
0.0
-1.222604320062112e-08
0.0
1.222604320062112e-08
0.0
1.9085617061775175e-07
====================
50
1
-0.022598159608683055
-0.02786520683445559
0.022598159608683055
0.02786520683445559
0.7701516748199008
0.752336363025081
====================
100
1
-0.05513827897531076
-0.04632549715019918
0.05513827897531076
0.04632549715019918
0.8436010152318583
0.771644352452441
====================
150
1
-0.04226352592417015
-0.042987526140147114
0.04226352592417015
0.042987526140147114
0.5733616960467547
0.46571432375246974
====================
200
1
0.018915321099869903
0.024506334666695575
0.018915321099869903
0.024506334666695575
1.480780663795547
0.9441798554026
====================
250
1
-0.07814243467475768
-0.041975473112915385
0.07814243467475768
0.041975473112915385
3.442764215483221
1.0019720917185304
====================
300
1
-0.09981124171458822
-0.052963579622590906
0.09981124171458822
0.052963579622590906
5.484962638397634
1.8884442673065913
====================
350
1
-0.12812546601380004
-0.07566383871320581
0.12812546601380004
0.07566383871320581
7.992085648687905
2.031774087403456
====================
400
1
-0.0016908471970556137
0.04946743873643371
0.0016908471970556137
0.04946743873643371
10.572045549581487
4.901406054394892
====================
0
1
0.0
-9.756169383828774e-09
0.0
9.756169383828774e-09
0.0
1.552617468530925e-07
====================
50
1
0.006351137059595224
0.002694813670477414
0.006351137059595224
0.002694813670477414
0.6685694761418477
0.6415234152188927
====================
100
1
-0.015020255387385717
0.006278421006057577
0.015020255387385717
0.006278421006057577
0.1626126232507419
0.2614355366265593
====================
150
1
0.058895628673284905
0.05244893814086349
0.058895628673284905
0.05244893814086349
0.6085336267513423
0.4621976538198684
====================
200
1
0.09756977432700656
0.11271531543192556
0.09756977432700656
0.11271531543192556
2.3451774397171956
1.756408373867632
====================
250
1
0.12273951550392481
0.14545309122064976
0.12273951550392481
0.14545309122064976
7.642191967644177
3.631462999803105
====================
300
1
0.020190222811046876
0.040045967021634876
0.020190222811046876
0.040045967021634876
9.993164326140864
3.6867227715344812
====================
350
1
0.03051901421984682
0.04957335351184855
0.03051901421984682
0.04957335351184855
13.20079642392648
4.963435086115623
====================
400
1
0.10997804912115526
0.13647900354438738
0.10997804912115526
0.13647900354438738
17.369909342917502
9.807245492728537
====================
0
1
0.0
-9.23710012198509e-09
0.0
9.23710012198509e-09
0.0
1.3428462667864177e-07
====================
50
1
0.03791951813103678
0.03746497457544651
0.03791951813103678
0.03746497457544651
0.7379422370574988
0.7721913098166496
====================
100
1
-0.04636029012537923
-0.0355195620941724
0.04636029012537923
0.0355195620941724
1.0371818808956115
1.130447456680181
====================
150
1
-0.020511426434781432
-0.016019244819741152
0.020511426434781432
0.016019244819741152
0.6710484786155264
0.9903729559937713
====================
200
1
0.06471121673032136
0.06055154385413032
0.06471121673032136
0.06055154385413032
0.9913044500915942
1.7676965669027123
====================
250
1
-0.009657161602514064
0.0019991662311025227
0.009657161602514064
0.0019991662311025227
1.7267027489509716
2.418938463113798
====================
300
1
-0.015609161001872263
-0.01264211504168955
0.015609161001872263
0.01264211504168955
2.0180172269236505
2.594567227619376
====================
350
1
0.029095610762951196
0.023508933644980523
0.029095610762951196
0.023508933644980523
1.485107422959424
2.806531468130194
====================
400
1
0.12009889263556763
0.11337328103367421
0.12009889263556763
0.11337328103367421
1.7803197392263357
4.422139182868343
====================
0
1
0.0
-1.1459986453532701e-08
0.0
1.1459986453532701e-08
0.0
1.1236632300328933e-07
====================
50
1
-0.17808896827888554
-0.18354713086603014
0.17808896827888554
0.18354713086603014
11.968466931718773
22.72127276522532
====================
0
1
0.0
-1.2409350220237475e-08
0.0
1.2409350220237475e-08
0.0
1.273703048542147e-07
====================
50
1
-0.1054340151247295
-0.1100425360245536
0.1054340151247295
0.1100425360245536
21.128505946515165
66.49682999643244
====================
100
1
-0.6699128144008766
-0.4385432279424277
0.6699128144008766
0.4385432279424277
90.74049660575237
378.111339115549
====================
150
1
-0.7637751583084575
-0.03072205241213366
0.7637751583084575
0.03072205241213366
87.05346382670986
379.55431008322466
====================
200
1
-0.6797442165032622
0.25884635703594705
0.6797442165032622
0.25884635703594705
93.95588743940546
379.6710390972663
====================
250
1
-0.7192364400069811
0.7972795995925379
0.7192364400069811
0.7972795995925379
99.88507927120752
377.9467977209274
====================
300
1
-0.7191812459731151
1.5041508665324193
0.7191812459731151
1.5041508665324193
97.73745919085562
364.5567729302892
====================
350
1
-0.74898260994065
2.2019226295557495
0.74898260994065
2.2019226295557495
96.56700757114437
346.4431400318577
====================
400
1
-0.684398754634856
2.8257791320607737
0.684398754634856
2.8257791320607737
104.53852829278871
325.12666967634334
====================
0
1
0.0
-1.2858465326031572e-08
0.0
1.2858465326031572e-08
0.0
1.7640522096091483e-07
====================
50
1
-0.23731581765552212
-0.22022675232565958
0.23731581765552212
0.22022675232565958
23.141436733320614
73.10257180750169
====================
100
1
-0.9127012618949433
-1.1534534083960004
0.9127012618949433
1.1534534083960004
101.23659215899491
390.6663312927777
====================
150
1
-0.7922303164096651
-1.6695788558788447
0.7922303164096651
1.6695788558788447
91.58275621540729
407.2124730038307
====================
200
1
-0.7855698559136615
-2.325428754452497
0.7855698559136615
2.325428754452497
90.46246746607808
415.2257352333814
====================
0
1
0.0
-1.2092408578943153e-08
0.0
1.2092408578943153e-08
0.0
9.791538429936148e-08
====================
50
1
0.028748972455312716
0.02955653423322402
0.028748972455312716
0.02955653423322402
0.7756619099160788
0.7590623643539292
====================
100
1
-0.02276042314149862
-0.02807922852412892
0.02276042314149862
0.02807922852412892
0.7838210640375531
0.6618162087522416
====================
150
1
0.074262068044888
nan
0.074262068044888
nan
52.9949105299499
nan
====================
200
1
0.41847488514506637
nan
0.41847488514506637
nan
370.28886254863085
nan
====================
0
1
0.0
-1.2038208953313935e-08
0.0
1.2038208953313935e-08
0.0
8.751776973919787e-08
====================
50
1
-0.04157655772599611
-0.044779893888494016
0.04157655772599611
0.044779893888494016
0.0425074422946246
0.06079759233375514
====================
100
1
0.01313632129948017
0.023688614700700494
0.01313632129948017
0.023688614700700494
0.22998476980312393
0.2779766328509545
====================
0
1
0.0
-2.4419890063995114e-08
0.0
2.4419890063995114e-08
0.0
2.0487679766069205e-07
====================
50
1
0.03284030495953161
0.026516135302816046
0.03284030495953161
0.026516135302816046
0.5173637833038923
0.4979223353618313
====================
100
1
0.012419610518772384
0.020948382948031252
0.012419610518772384
0.020948382948031252
0.4927905160792046
0.46546307496011974
====================
150
1
-0.017930445211393753
-0.05007022384055704
0.017930445211393753
0.05007022384055704
3.180842831489674
2.495898068601104
====================
0
1
0.0
-9.850504679614265e-09
0.0
9.850504679614265e-09
0.0
7.395670600042968e-08
====================
50
1
-0.11271298325359913
-0.11237892356039914
0.11271298325359913
0.11237892356039914
0.7450957790979308
0.7224804668691338
====================
100
1
-0.15831622897752373
-0.13802510646908228
0.15831622897752373
0.13802510646908228
2.71079565826549
1.8100895235872907
====================
150
1
-0.1315412848504507
-0.08328897628559995
0.1315412848504507
0.08328897628559995
7.723135334093532
2.2440784804142813
====================
200
1
-0.16725920591719845
-0.14100608678327653
0.16725920591719845
0.14100608678327653
9.164724105508697
1.4897824787059422
