====================
0
2
0.0
-2.3260564456199603e-08
0.0
2.3260564456199603e-08
0.0
9.255589912552029e-08
====================
50
2
0.006321975393480894
-0.003774797424038301
0.006321975393480894
0.003774797424038301
0.2833897201010494
0.44615027960150494
====================
100
2
-0.048243984593980827
-0.04055234458678081
0.048243984593980827
0.04055234458678081
0.431004980447277
0.4070750647307095
====================
150
2
-0.06938651587071876
-0.09952019332849105
0.06938651587071876
0.09952019332849105
0.6036868548685689
1.1083838873393699
====================
200
2
-0.024230743696508288
-0.1267657796136325
0.024230743696508288
0.1267657796136325
1.470571220859162
2.168740337307366
====================
250
2
0.0005087798421439249
-0.11993352377209066
0.0005087798421439249
0.11993352377209066
1.2820184686560432
3.6969381708387448
====================
300
2
-0.04142809519966706
-0.09488619537063459
0.04142809519966706
0.09488619537063459
1.4669727065945912
4.400358345579039
====================
350
2
-0.05783111941146224
-0.14368624126769203
0.05783111941146224
0.14368624126769203
1.961026836990682
4.177941178801308
====================
400
2
-0.01143363241431673
-0.04283994623036269
0.01143363241431673
0.04283994623036269
2.7299595807438464
3.494203503606586
====================
450
2
-0.012399290474874203
-0.062297450378822505
0.012399290474874203
0.062297450378822505
2.6787244631410947
3.8999261477472253
====================
500
2
-0.07504024387934205
-0.1151667549549531
0.07504024387934205
0.1151667549549531
2.9376475091537695
4.177743539467962
====================
550
2
-0.09029458948531244
-0.07157842152808747
0.09029458948531244
0.07157842152808747
3.675012364503472
4.927378085178743
====================
600
2
-0.04494684957777925
-0.025773177201845285
0.04494684957777925
0.025773177201845285
4.84341064558793
5.939071795034012
====================
650
2
-0.0364130477317437
-0.05174140639317182
0.0364130477317437
0.05174140639317182
5.112270206042996
6.934850567249186
====================
700
2
-0.09378889202552987
-0.08788326624080334
0.09378889202552987
0.08788326624080334
5.435380422701747
8.87320467656495
====================
750
2
-0.10504691730454097
-0.07439709087858315
0.10504691730454097
0.07439709087858315
6.349296159340673
8.319788417851658
====================
800
2
-0.05652683482808735
0.01941059221086624
0.05652683482808735
0.01941059221086624
7.622951749268175
9.642449096661029
====================
850
2
-0.06024149916370569
0.0959542532255131
0.06024149916370569
0.0959542532255131
8.073225607286657
9.28205663215559
====================
900
2
-0.11336425120764115
-0.012839852811044494
0.11336425120764115
0.012839852811044494
8.5659235418666
10.331964092851774
====================
950
2
-0.11395255553163386
-0.008917668732578932
0.11395255553163386
0.008917668732578932
9.626880647445672
11.035128577311387
====================
1000
2
-0.06685474966950267
0.07394947291913086
0.06685474966950267
0.07394947291913086
10.974441329791304
10.15544268665106
====================
0
2
0.0
-2.6067461225493163e-08
0.0
2.6067461225493163e-08
0.0
3.7198307695352486e-07
====================
50
2
0.010154269842070907
-0.020790386462030463
0.010154269842070907
0.020790386462030463
0.387965865053317
0.15463513718914004
====================
0
2
0.0
-2.3590502820821972e-08
0.0
2.3590502820821972e-08
0.0
1.056559226007383e-07
====================
0
2
0.0
-2.0475015786628544e-08
0.0
2.0475015786628544e-08
0.0
2.1615243955329224e-07
====================
0
2
0.0
-1.0378854629792385e-08
0.0
1.0378854629792385e-08
0.0
8.537688284589536e-08
====================
0
2
0.0
-1.222604320062112e-08
0.0
1.222604320062112e-08
0.0
1.9085617061775175e-07
====================
50
2
-0.016121076382524135
-0.007981011208282984
0.016121076382524135
0.007981011208282984
4.704722681895565
3.4811452310976994
====================
100
2
-0.11676478450414685
-0.14137180519155068
0.11676478450414685
0.14137180519155068
4.8796733247021935
3.0315831470651404
====================
0
2
0.0
-9.756169383828774e-09
0.0
9.756169383828774e-09
0.0
1.552617468530925e-07
====================
50
2
-0.07278459948182592
-0.07732649032467309
0.07278459948182592
0.07732649032467309
2.4742283576338493
1.8893492098224667
====================
100
2
-0.1570425309986696
-0.12827757233387338
0.1570425309986696
0.12827757233387338
3.4406422978261544
1.294341710761582
====================
0
2
0.0
-1.1930920910082245e-08
0.0
1.1930920910082245e-08
0.0
1.462899144629925e-07
====================
50
2
-0.1572958658975745
-0.16022582268802155
0.1572958658975745
0.16022582268802155
0.5928263535272438
4.918005457447473
====================
100
2
-0.4143893379431631
-0.4397036019664293
0.4143893379431631
0.4397036019664293
1.5158223608910188
6.231233416992962
====================
0
2
0.0
-1.0814095504631056e-08
0.0
1.0814095504631056e-08
0.0
4.483447492894795e-08
====================
50
2
-0.06816315870076095
-0.07036746279868145
0.06816315870076095
0.07036746279868145
2.8725728987318435
1.5415010374345557
====================
100
2
-0.11735832077423547
-0.09189275767488159
0.11735832077423547
0.09189275767488159
3.4669851902792925
2.1804680463776283
====================
0
2
0.0
-1.0328933989769495e-08
0.0
1.0328933989769495e-08
0.0
9.287608540987332e-08
====================
50
2
0.03533858965890868
0.019482650883984487
0.03533858965890868
0.019482650883984487
1.0931577304197244
1.0481309299120005
====================
100
2
-0.029384240673110185
-0.0838117710890387
0.029384240673110185
0.0838117710890387
1.7838976034238723
1.075894498357192
====================
0
2
0.0
-1.1918684640344792e-08
0.0
1.1918684640344792e-08
0.0
6.958367978913504e-08
====================
50
2
-0.0288525748389441
-0.009346639891639308
0.0288525748389441
0.009346639891639308
0.2934219980304229
0.17352357965411938
====================
100
2
-0.04591626694116213
0.0030786002523726097
0.04591626694116213
0.0030786002523726097
0.6555381005045485
0.4338874344774664
====================
0
2
0.0
-1.0814095504631056e-08
0.0
1.0814095504631056e-08
0.0
4.483447492894795e-08
====================
50
2
0.045048454184467346
0.03782225938736006
0.045048454184467346
0.03782225938736006
0.42803235498749315
0.3585363201105312
====================
100
2
-0.06358868652862393
-0.08691794731809788
0.06358868652862393
0.08691794731809788
0.4756918198508827
0.2532314340784425
====================
0
2
0.0
-9.391207939015052e-09
0.0
9.391207939015052e-09
0.0
1.2277182582504568e-07
====================
50
2
-0.027555486105564686
-0.033958546660633804
0.027555486105564686
0.033958546660633804
0.6188329641233162
0.6351458637535795
====================
100
2
-0.03094696950919351
-0.018862334640255884
0.03094696950919351
0.018862334640255884
1.019498138572397
1.267137202364984
====================
150
2
-0.09080706045393527
-0.05374808517598484
0.09080706045393527
0.05374808517598484
0.18412943167592358
1.3322453667814231
====================
200
2
-0.16319843853073313
-0.09966822688184775
0.16319843853073313
0.09966822688184775
2.122304746361235
2.3766345924837244
====================
250
2
-0.17984056274075866
-0.05977974103144512
0.17984056274075866
0.05977974103144512
3.993016508183798
2.457477453879381
====================
300
2
-0.3323315248797174
-0.19670578391318427
0.3323315248797174
0.19670578391318427
4.822467658873312
2.317719333248707
====================
350
2
-0.2819713748513466
-0.11053841733909353
0.2819713748513466
0.11053841733909353
8.625348405307715
1.8443101230860883
====================
400
2
-0.19296061894947591
0.007407935351880918
0.19296061894947591
0.007407935351880918
13.104117252390811
2.176629013632469
====================
450
2
-0.13140652248571683
0.057813208450820275
0.13140652248571683
0.057813208450820275
17.038148629177197
2.465627135118346
====================
500
2
-0.16575195037584356
0.04288698977636862
0.16575195037584356
0.04288698977636862
18.42239250705669
3.5119809077155737
====================
550
2
-0.15670018302503919
0.04368551299892087
0.15670018302503919
0.04368551299892087
21.060617778943048
3.8999477137478578
====================
600
2
0.03451164646562549
0.19556513268068249
0.03451164646562549
0.19556513268068249
22.73983837544809
3.9091236747679585
====================
650
2
0.028062418298570257
0.1270369598728276
0.028062418298570257
0.1270369598728276
23.858929847130288
3.14225198906386
====================
700
2
-0.03309238020385763
0.05311009503269526
0.03309238020385763
0.05311009503269526
24.077271734277126
4.014298806896131
====================
750
2
-0.008559300906860079
0.05666776312913657
0.008559300906860079
0.05666776312913657
25.37539709922424
5.033331497380201
====================
800
2
0.039917798801663656
0.08648836764796096
0.039917798801663656
0.08648836764796096
26.90530363415743
4.0501801967728905
====================
850
2
-0.045980119796634966
-0.030215832228179362
0.045980119796634966
0.030215832228179362
29.690590396127995
6.34264883060264
====================
900
2
-2.3946741588874336
-2.3882474885721807
2.3946741588874336
2.3882474885721807
31.321657574617475
4.228352229932225
====================
950
2
0.7736261639314035
0.7284762198788024
0.7736261639314035
0.7284762198788024
38.0605161504515
3.9978328647689723
====================
1000
2
-0.051872848612823784
-0.15241071728845276
0.051872848612823784
0.15241071728845276
42.528701411442
3.819809519652854
====================
0
2
0.0
-9.23710012198509e-09
0.0
9.23710012198509e-09
0.0
1.3428462667864177e-07
====================
50
2
-0.026408130857127565
-0.01921933996689673
0.026408130857127565
0.01921933996689673
0.03238166240734483
0.10299596012521768
====================
100
2
-0.09065066314445058
-0.05197702186608
0.09065066314445058
0.05197702186608
1.0949434896051504
1.028598612641272
====================
150
2
-0.12772973267277044
-0.06048540525491197
0.12772973267277044
0.06048540525491197
1.928675229123653
1.4308685048891274
====================
200
2
-0.10616402897167133
-0.049698033771592875
0.10616402897167133
0.049698033771592875
3.552988576621513
2.5451420572320433
====================
250
2
-0.1280138318722419
-0.06809571318350871
0.1280138318722419
0.06809571318350871
4.817314320943578
3.7031806856077742
====================
300
2
-0.16052662552192531
-0.07036973664919577
0.16052662552192531
0.07036973664919577
5.210961132282662
3.415955011062756
====================
350
2
-0.12779148222836656
-0.010917855733246773
0.12779148222836656
0.010917855733246773
7.711438220113286
2.4855021735921454
====================
400
2
-0.08007584253943806
0.06127285208889657
0.08007584253943806
0.06127285208889657
9.395956802746309
2.6452811178312374
====================
0
2
0.0
-1.222604320062112e-08
0.0
1.222604320062112e-08
0.0
1.9085617061775175e-07
====================
50
2
0.02295960934932073
0.0174769589326651
0.02295960934932073
0.0174769589326651
0.5437630814278623
0.5793806910986663
====================
100
2
-0.12108649951669559
-0.11185115766761689
0.12108649951669559
0.11185115766761689
0.5016546341238598
0.31359096411571186
====================
150
2
-0.04257966817068981
-0.04607785434919931
0.04257966817068981
0.04607785434919931
1.7936336336429275
0.34114617547477266
====================
200
2
0.040613321695854646
0.014389604453053269
0.040613321695854646
0.014389604453053269
2.3694931636081122
0.364776712088981
====================
250
2
-0.16501921040721035
-0.1506663630840721
0.16501921040721035
0.1506663630840721
4.004286787273592
0.14935308344477768
====================
300
2
-0.3248310925883042
-0.23631174714056025
0.3248310925883042
0.23631174714056025
6.111206679846291
0.8733825482270313
====================
350
2
-0.20972076602538903
-0.08695859388142058
0.20972076602538903
0.08695859388142058
10.89531867974211
1.1416272426730099
====================
400
2
-0.11251467300981302
0.06957451396190188
0.11251467300981302
0.06957451396190188
13.325182725198497
4.651999762886566
====================
0
2
0.0
-9.373000923727718e-09
0.0
9.373000923727718e-09
0.0
1.2969024712488568e-07
====================
50
2
-0.001710764824081945
-0.010618630394546358
0.001710764824081945
0.010618630394546358
0.7452909384772165
0.741940736848076
====================
100
2
0.015407297227214567
0.017616894000413108
0.015407297227214567
0.017616894000413108
6.468329474644581
2.408054592163941
====================
150
2
-1.6173385991209233
-1.6755847071978276
1.6173385991209233
1.6755847071978276
100.39727790266416
171.31760791739867
====================
200
2
-1.5730843248152715
-1.4750501835230792
1.5730843248152715
1.4750501835230792
84.0985889381895
181.10756681571863
====================
0
2
0.0
-1.0733713569171902e-08
0.0
1.0733713569171902e-08
0.0
6.931047032095397e-08
====================
50
2
0.026742350771081558
-0.0022269487767219154
0.026742350771081558
0.0022269487767219154
0.7454345298837974
0.6242933511063196
====================
100
2
-0.03414898451712034
-0.05599766622789737
0.03414898451712034
0.05599766622789737
33.79095126088657
302.6513030995983
====================
0
2
0.0
-1.1775624214492802e-08
0.0
1.1775624214492802e-08
0.0
5.429114849797392e-08
====================
50
2
-0.05818798767435562
nan
0.05818798767435562
nan
115.43698348392667
nan
====================
100
2
-0.216208808542659
nan
0.216208808542659
nan
618.1496608718634
nan
====================
0
2
0.0
-2.138442071933388e-08
0.0
2.138442071933388e-08
0.0
1.166462263411249e-07
====================
0
2
0.0
-1.0814095504631056e-08
0.0
1.0814095504631056e-08
0.0
4.483447492894795e-08
====================
50
2
65.41912641362384
45.14930533451336
65.41912641362384
45.14930533451336
4.6959041939693735
21.903216529617726
====================
100
2
228.706615846178
200.46980145314768
228.706615846178
200.46980145314768
15.254112897707625
620.451990436827
====================
150
2
354.8300199069175
319.41635839079345
354.8300199069175
319.41635839079345
26.81828339795386
745.9339632994578
====================
200
2
448.1156546045996
414.0450712022362
448.1156546045996
414.0450712022362
32.193021614678685
330.19030717203924
====================
0
2
0.0
-1.0662982086474264e-08
0.0
1.0662982086474264e-08
0.0
1.8303686972921567e-08
====================
50
2
43.211333524960594
3.203791357936936
43.211333524960594
3.203791357936936
5.0405749302325695
45.52938031898477
====================
100
2
143.83713098082387
104.71979712073973
143.83713098082387
104.71979712073973
19.974067915829345
78.52814020359261
====================
0
2
0.0
-1.0378854629792385e-08
0.0
1.0378854629792385e-08
0.0
8.537688284589536e-08
====================
0
2
0.0
-1.071884640279977e-08
0.0
1.071884640279977e-08
0.0
6.089073846276688e-08
====================
50
2
-0.17198097759029474
-0.07786043899186756
0.17198097759029474
0.07786043899186756
0.42301232093696406
0.4120758794180643
====================
0
2
0.0
-1.043075222292795e-08
0.0
1.043075222292795e-08
0.0
2.28844479628186e-10
====================
50
2
-0.041378425523834084
-0.03749123273638766
0.041378425523834084
0.03749123273638766
0.14625446063416492
0.12955446558740438
====================
100
2
-0.13710929314358955
-0.0704781466560016
0.13710929314358955
0.0704781466560016
1.0837603104387497
0.9736873810700585
====================
150
2
-0.07657693185880743
0.1417514531503028
0.07657693185880743
0.1417514531503028
2.6803898172826286
1.6767724236674402
====================
200
2
-40.29909578958978
-37.79747992331072
40.29909578958978
37.79747992331072
15.689521859101232
1306.1196556416448
====================
0
2
0.0
-1.10266031381133e-08
0.0
1.10266031381133e-08
0.0
5.05091125773375e-08
====================
50
2
-0.0022189512524048993
0.006980252747490701
0.0022189512524048993
0.006980252747490701
0.4216872967918488
0.44220972639153727
====================
100
2
-0.09889556667312949
-0.0949005890384802
0.09889556667312949
0.0949005890384802
0.42240960491893625
0.45070767580310106
====================
150
2
-0.09234906748710214
-0.0798333370479607
0.09234906748710214
0.0798333370479607
1.4788851381322303
1.6386207459400732
====================
200
2
-0.0923269982586066
0.02070512253667793
0.0923269982586066
0.02070512253667793
29.764678715581223
229.12514566163028
====================
0
2
0.0
-1.140968031593225e-08
0.0
1.140968031593225e-08
0.0
9.69412811869379e-09
====================
50
2
0.0018013123805951103
-0.004808992325136652
0.0018013123805951103
0.004808992325136652
0.23853698255419806
0.21565482590897495
====================
100
2
-0.07950956377080098
-0.06584479632324003
0.07950956377080098
0.06584479632324003
0.6953578129623725
0.5751937140619517
====================
150
2
-0.1073260030540204
-0.08894608892673794
0.1073260030540204
0.08894608892673794
1.924060950952761
1.4087541490742026
====================
200
2
0.3219845262434996
0.3447570167991132
0.3219845262434996
0.3447570167991132
35.58199019872939
381.952994575477
====================
0
2
0.0
-1.1323614224672954e-08
0.0
1.1323614224672954e-08
0.0
1.011708026813207e-08
====================
50
2
-0.0005545581702206537
-0.00029641846198380506
0.0005545581702206537
0.00029641846198380506
0.033102349060355654
0.010590002636837615
====================
100
2
-0.06190497100637904
-0.05896203615029627
0.06190497100637904
0.05896203615029627
0.19727924123121268
0.21130640281423502
====================
150
2
-0.05886738393682989
-0.06492913552341295
0.05886738393682989
0.06492913552341295
0.5916483369014712
0.5015557234099463
====================
200
2
-0.003020206919655457
-0.055658945709395474
0.003020206919655457
0.055658945709395474
1.1947131324870244
1.4174077240903693
====================
0
2
0.0
-1.2092408578943153e-08
0.0
1.2092408578943153e-08
0.0
9.791538429936148e-08
====================
50
2
0.03662134826273444
-0.004298056649084447
0.03662134826273444
0.004298056649084447
0.23371358673496914
0.04638433942654143
====================
100
2
-0.0901744237225044
-0.05144322473009133
0.0901744237225044
0.05144322473009133
0.7056567335973019
0.8373405669645346
====================
150
2
-0.7803832315657855
-0.025253405499804593
0.7803832315657855
0.025253405499804593
9.086914248082024
1.0118125419188964
====================
200
2
-3.2630619564860885
-0.03562982176376117
3.2630619564860885
0.03562982176376117
48.892922524006416
4.112701818627378
====================
0
2
0.0
-1.2352187355754123e-08
0.0
1.2352187355754123e-08
0.0
1.1178735998365764e-07
====================
50
2
0.02116571561024294
0.006039066780180624
0.02116571561024294
0.006039066780180624
0.3490800685367168
0.3196111754313296
====================
100
2
-0.09714830529859908
-0.05008702358162953
0.09714830529859908
0.05008702358162953
0.23014161473836658
0.21849497258913833
====================
150
2
-0.09275192889689543
0.03571177049829766
0.09275192889689543
0.03571177049829766
1.8712776029144533
0.897437830751826
====================
200
2
-1.123875704729858
-0.023664877283892327
1.123875704729858
0.023664877283892327
17.12557444068545
1.9085022112515222
====================
0
2
0.0
-1.0552310682136345e-08
0.0
1.0552310682136345e-08
0.0
8.391026084983046e-08
====================
50
2
0.009724387156808012
0.01718730568662341
0.009724387156808012
0.01718730568662341
0.48142664238779653
0.49580384119247356
====================
100
2
-0.05441302165160611
-0.022348263573724214
0.05441302165160611
0.022348263573724214
0.9664461265605472
1.1036887045468915
====================
150
2
-0.02295955589505283
-0.014866433831299153
0.02295955589505283
0.014866433831299153
1.5514421556132687
1.7382953694792336
====================
200
2
-0.03630140006378663
0.0701470773929403
0.03630140006378663
0.0701470773929403
2.7358329147369704
2.251744712474055
====================
0
2
0.0
-2.210898142619928e-08
0.0
2.210898142619928e-08
0.0
4.498100323100473e-08
====================
50
2
0.03701603816009014
0.034979547574973235
0.03701603816009014
0.034979547574973235
0.6485192173048283
0.5785250301462733
====================
100
2
0.015104645061486455
0.012162048778946666
0.015104645061486455
0.012162048778946666
1.1215439061939367
0.9051924433045984
====================
150
2
0.2056909576712349
0.09821752577866172
0.2056909576712349
0.09821752577866172
2.221995917303444
1.2890989405704494
====================
200
2
0.21119605782486778
0.1207196596914432
0.21119605782486778
0.1207196596914432
5.06129200023929
1.5902668954429666
====================
250
2
-0.009472344958409318
0.06685094671397862
0.009472344958409318
0.06685094671397862
7.506265196066063
1.4697145203991326
====================
300
2
-0.30890585051890707
0.017903730030580434
0.30890585051890707
0.017903730030580434
4.794450959461481
2.030494873216846
====================
350
2
-0.22556163951453612
-0.00346766298782053
0.22556163951453612
0.00346766298782053
1.1685849269441562
2.986520151251562
====================
400
2
-0.24847077501774917
0.08655009066495317
0.24847077501774917
0.08655009066495317
5.8120656648645355
3.9571984218386875
====================
450
2
-0.5001982178477078
0.03310243793029222
0.5001982178477078
0.03310243793029222
10.684950315573445
3.9891345526338378
====================
500
2
-0.8756310362359976
-0.08834667934195517
0.8756310362359976
0.08834667934195517
10.792728935217337
3.894660040485735
====================
550
2
-0.831897855402639
-0.0074460165744456575
0.831897855402639
0.0074460165744456575
18.810595870190635
3.980564746524563
====================
600
2
-0.7103327400673671
0.061169071372163875
0.7103327400673671
0.061169071372163875
26.494651584953374
4.663474116320143
====================
650
2
-0.9571925164115447
0.01112689189804339
0.9571925164115447
0.01112689189804339
36.57964565707842
4.215761179728933
====================
700
2
-1.229698577932273
-0.045457706599716374
1.229698577932273
0.045457706599716374
43.671705313331934
3.679056568622811
====================
750
2
-1.0929302764582065
-0.05941579845721501
1.0929302764582065
0.05941579845721501
54.401793589214144
1.8287673712831085
====================
800
2
-0.8516578018319386
0.008602455324477343
0.8516578018319386
0.008602455324477343
63.891519896959075
2.491884150664575
====================
850
2
-0.8985948931511047
-0.05052605458193549
0.8985948931511047
0.05052605458193549
73.17165282318813
3.5480044793577123
====================
900
2
-1.065832759618179
-0.16301612293908407
1.065832759618179
0.16301612293908407
82.8928760978403
4.321954788231204
====================
950
2
-0.9157274912601481
-0.17037828047932613
0.9157274912601481
0.17037828047932613
93.44138594641132
6.00946855955294
====================
1000
2
-0.7615427657548541
-0.07777021794455385
0.7615427657548541
0.07777021794455385
101.50796027094049
7.030844338216569
====================
0
2
0.0
-9.850504679614265e-09
0.0
9.850504679614265e-09
0.0
7.395670600042968e-08
====================
50
2
0.05480801098502841
0.043895044103078984
0.05480801098502841
0.043895044103078984
0.7294157613899229
0.6461917139605409
====================
100
2
-0.035652531205500715
-0.04221343638132469
0.035652531205500715
0.04221343638132469
0.8730533349365945
0.5863482590685948
====================
150
2
0.08534259513355091
0.043214073046013546
0.08534259513355091
0.043214073046013546
1.2445050810824867
0.7210409886509126
====================
200
2
0.18723678433586655
0.0994076581368061
0.18723678433586655
0.0994076581368061
2.761709469723268
0.5754730605788447
====================
250
2
0.15822445008424402
0.039821316176632315
0.15822445008424402
0.039821316176632315
6.438574690960343
0.8266746712496115
====================
300
2
0.1181312778031649
-0.014379042342967718
0.1181312778031649
0.014379042342967718
8.170471531386182
1.3776486888599309
====================
350
2
0.12171391811423327
-0.001274187564161533
0.12171391811423327
0.001274187564161533
9.962678458439855
1.685679929854167
====================
400
2
0.3049897816142562
0.12552782298601006
0.3049897816142562
0.12552782298601006
12.641704202577952
3.985201076394155
====================
0
2
0.0
-1.2328739047411118e-08
0.0
1.2328739047411118e-08
0.0
2.0237461985494331e-07
====================
50
2
0.007741389367404317
0.0107106552222751
0.007741389367404317
0.0107106552222751
0.14174099942768728
0.15140298200661084
====================
100
2
0.057514587691939845
0.07199961345647843
0.057514587691939845
0.07199961345647843
0.5752902959720768
0.6562766764322397
====================
150
2
0.12955283144928442
0.11879504228870341
0.12955283144928442
0.11879504228870341
1.271459990761437
1.074642650967267
====================
200
2
0.25635742603430794
0.18888770096629975
0.25635742603430794
0.18888770096629975
4.370108841112827
2.108299056557274
====================
250
2
0.269409132235805
0.1548513922182384
0.269409132235805
0.1548513922182384
11.03760473866405
3.5874785272593677
====================
300
2
0.15823169742370347
0.05548288475205165
0.15823169742370347
0.05548288475205165
13.717327225524357
4.3917117242330805
====================
350
2
0.14134368365965222
0.03165355831030814
0.14134368365965222
0.03165355831030814
16.329408176309165
5.4048678173754805
====================
400
2
0.209133502318246
0.06582158433443991
0.209133502318246
0.06582158433443991
21.38335847426042
9.462788169449354
====================
0
2
0.0
-9.209739839545938e-09
0.0
9.209739839545938e-09
0.0
1.4233579201787782e-07
====================
50
2
0.01461292744688425
0.014259350900495349
0.01461292744688425
0.014259350900495349
0.5441044883502196
0.5689826098148074
====================
100
2
-0.026632805697751394
-0.01858219603736888
0.026632805697751394
0.01858219603736888
1.0654407835625033
1.0868396702130716
====================
150
2
0.006432118555410149
0.01017235250235582
0.006432118555410149
0.01017235250235582
0.841194712947856
1.2949980009750897
====================
200
2
0.09663553134608374
0.09808950522644
0.09663553134608374
0.09808950522644
0.9477616725030122
1.8485149252420432
====================
250
2
0.10924200545816731
0.0811330039721323
0.10924200545816731
0.0811330039721323
1.8298668986169906
1.6254191902824424
====================
300
2
0.07373744251186887
0.05953599310829638
0.07373744251186887
0.05953599310829638
2.931344216554926
2.3938969884091006
====================
350
2
0.10960225860370088
0.09207280275584084
0.10960225860370088
0.09207280275584084
3.485767175320634
3.2937537548159304
====================
400
2
0.18898442863773052
0.13821903101463479
0.18898442863773052
0.13821903101463479
4.618727535983688
4.373353497098841
====================
0
2
0.0
-9.105830162731144e-09
0.0
9.105830162731144e-09
0.0
1.4425226476647283e-07
====================
50
2
-0.11711308518590302
-0.11593777400967009
0.11711308518590302
0.11593777400967009
12.272257049168
21.99276950234853
====================
0
2
0.0
-1.0814095504631056e-08
0.0
1.0814095504631056e-08
0.0
4.483447492894795e-08
====================
50
2
-0.22361759181155993
-0.22453952058973958
0.22361759181155993
0.22453952058973958
19.742401910652323
56.98772480919488
====================
100
2
11.394253709032967
11.619292155031172
11.394253709032967
11.619292155031172
9.802260950356636
1129.4120801335857
====================
150
2
74.28908162660805
74.08619662189348
74.28908162660805
74.08619662189348
20.253827174082648
1135.6345491587851
====================
200
2
-2.9176305542727303
-3.680323555872861
2.9176305542727303
3.680323555872861
27.4688721105229
1131.7713291237642
====================
250
2
-106.98005547884101
-108.4346780788915
106.98005547884101
108.4346780788915
37.51693996092566
1120.4597221278823
====================
300
2
-202.95482416914948
-205.0178101560543
202.95482416914948
205.0178101560543
46.336120443885136
1116.9536777604437
====================
350
2
-335.23381121300093
-337.90495578047364
335.23381121300093
337.90495578047364
57.05888354793291
1107.5677491744698
====================
400
2
-419.8386088162726
-422.99878468409213
419.8386088162726
422.99878468409213
65.60776874788476
1103.064790276543
====================
0
2
0.0
-1.140968031593225e-08
0.0
1.140968031593225e-08
0.0
9.69412811869379e-09
====================
50
2
-0.20756262666183378
-0.2857651183645653
0.20756262666183378
0.2857651183645653
21.361894073319956
64.39884809825215
====================
100
2
-2.160358081966025
-2.256808350906431
2.160358081966025
2.256808350906431
107.47496125819367
1824.5508827063466
====================
150
2
-2.2752103539655004
-2.0053214066110483
2.2752103539655004
2.0053214066110483
86.57475512979377
2101.279761919323
====================
200
2
-2.542459337410432
-1.3273059846518143
2.542459337410432
1.3273059846518143
69.2694285607207
1158.2597968082148
====================
0
2
0.0
-1.1029814438022893e-08
0.0
1.1029814438022893e-08
0.0
2.817736502168665e-08
====================
50
2
0.05724333057602471
0.04319955139114451
0.05724333057602471
0.04319955139114451
0.6397840665674767
0.5524427818795554
====================
100
2
0.03152156477532353
0.009110726980983586
0.03152156477532353
0.009110726980983586
1.1914501036035294
0.8086901412581011
====================
150
2
-0.3691549084975039
nan
0.3691549084975039
nan
52.400026719151604
nan
====================
200
2
-0.519709324008347
nan
0.519709324008347
nan
382.8145756479791
nan
====================
0
2
0.0
-1.2352187355754123e-08
0.0
1.2352187355754123e-08
0.0
1.1178735998365764e-07
====================
50
2
-0.00831671116000443
-0.02355720507212644
0.00831671116000443
0.02355720507212644
0.3126053172975697
0.21427388312353732
====================
100
2
0.02290323843712372
0.023520027996416726
0.02290323843712372
0.023520027996416726
0.8045688645480152
0.7199620802135964
====================
0
2
0.0
-2.466002745597806e-08
0.0
2.466002745597806e-08
0.0
2.412185444684016e-07
====================
50
2
0.018683223200648413
0.007483172285329687
0.018683223200648413
0.007483172285329687
0.3684547842527938
0.3585738824062569
====================
100
2
-0.014180421560667789
-0.032804291740908376
0.014180421560667789
0.032804291740908376
1.1471474539128002
0.8988214900646657
====================
150
2
-0.22864024549822037
-0.2640741147460366
0.22864024549822037
0.2640741147460366
2.5590333903744122
2.9112583233122944
====================
0
2
0.0
-1.2858465326031572e-08
0.0
1.2858465326031572e-08
0.0
1.7640522096091483e-07
====================
50
2
0.04312051978429188
0.0289485816425592
0.04312051978429188
0.0289485816425592
0.6795287502607994
0.5718506768135448
====================
100
2
0.022843419934117648
-0.002382017581196383
0.022843419934117648
0.002382017581196383
0.8454416249089541
0.5768059252240888
====================
150
2
0.0709978460790901
0.0452202937188253
0.0709978460790901
0.0452202937188253
4.279586495598424
0.6533278370046767
====================
200
2
0.08781858373874307
0.07843575144151416
0.08781858373874307
0.07843575144151416
7.864196011204467
1.3498792074486057
