====================
0
1
0.0
1.0378854629792385e-08
0.0
1.0378854629792385e-08
0.0
8.537688284589536e-08
0.0
8.537688284589536e-08
====================
50
1
0.016585820081203684
0.016815305314314744
0.02557535767870167
0.00022948523311105973
0.06059784505071363
0.04719169613950643
0.2938598102413038
0.014947061454226232
====================
100
1
0.08280362573130828
0.08190681621624307
0.0891604791124827
0.0008968095150652111
0.3889216557118332
0.3881860573353059
0.8801569105932544
0.03151522409674141
====================
150
1
0.12690237063045995
0.12642059626350055
0.09234183286563491
0.0004817743669593977
1.5934217454765585
1.4813914507248316
1.6620085283331913
0.13126613038880713
====================
200
1
0.017428515458369254
0.017501060363276283
0.03291759577981578
7.254490490702697e-05
1.730025447012432
1.7165311987467926
2.096404736779403
0.4904743803134839
====================
250
1
0.0048126777823722655
0.002235575021195757
0.04419276864870425
0.0025771027611765085
1.6898354503618231
2.087466487622244
2.617826676146515
0.46072465104794047
====================
300
1
0.04683276444386175
0.04703212406762347
0.06544986257747709
0.000199359623761719
2.77106955832279
2.94438885914285
2.9195014849920184
1.1993353098773278
====================
350
1
0.16200707463766695
0.16354274233275445
0.1102227966147522
0.0015356676950875059
3.3382421364766515
4.068310766221268
4.007753860738515
0.7684012824927009
====================
400
1
0.07128837205143289
0.07028939819928627
0.10044997018805212
0.0009989738521466074
3.9466927202430275
3.8123982901251665
4.707667329878538
0.1621572922296171
====================
450
1
0.061071576661585913
0.06085411312507705
0.11488484823963607
0.00021746353650886618
4.636187178506433
4.724989678712878
5.800924630519493
0.09359527761430363
====================
500
1
0.06960122687738313
0.06917837176428332
0.07896678315530226
0.00042285511309980706
5.69845672244178
5.907641009395379
6.99813173463501
0.6912622292233224
====================
550
1
0.08293204422055078
0.08198328978791003
0.10395879906306016
0.0009487544326407527
6.105226554770426
5.776818997383328
7.881218585527444
0.6162923966186222
====================
600
1
0.0177705698621219
0.016787938979408404
0.01633451814813444
0.0009826308827134956
4.6710380382775005
3.842133812997805
8.495067165708207
2.397473168651009
====================
650
1
0.017183876123005648
0.01519653743699756
0.030255093071384076
0.001987338686008089
5.58160499232704
5.568690896488625
8.95835176220088
0.21666502171729515
====================
700
1
0.13641039099142738
0.13406865583420258
0.07826430667370987
0.0023417351572248
6.7787595677883195
6.929872265500134
9.614555314273774
0.7603771807943529
====================
750
1
0.08003095256215076
0.08007367276490318
0.022276636557452933
4.2720202752422054e-05
7.430282400064831
6.237045762428307
10.184087258343935
1.489042424216539
====================
800
1
0.04318800300927076
0.04071931599445561
0.005755369336045595
0.0024686870148151554
6.6870375624342
6.643576699932162
10.64786094923398
1.766122068345942
====================
850
1
0.043609513859484306
0.04459527531443541
0.047608344848315554
0.0009857614549511062
7.988897594143003
5.717525720516378
11.06093361816064
2.690944521212815
====================
900
1
0.21502748231080426
0.21697949453790155
0.0841873007726841
0.0019520122270972884
7.922751273406881
5.427123029633307
11.646350184957726
2.916676598164901
====================
950
1
0.1660876353283709
0.1619362954290282
0.06527003590043456
0.0041513398993426875
5.867706732817823
3.6064440714754684
12.780697733435668
2.268927165215135
====================
1000
1
0.1780499310517672
0.17721349284971735
0.03952891672641078
0.0008364382020498404
4.677742636046253
5.012462931333838
13.433346544717649
0.5123162782008517
