====================
0
4
0.0
1.2409266733329072e-08
0.0
1.2409266733329072e-08
0.0
1.273631619150405e-07
0.0
1.273631619150405e-07
====================
50
4
0.023215611622214638
0.022941492575522915
0.05607704851643169
0.00027411904669172316
0.5727599961883528
0.5460232906880909
0.7691493090939107
0.029654608197065852
====================
100
4
0.059847970138497075
0.05702404394788951
0.07493135821023689
0.002823926190607562
0.7838544968632347
0.7375664339979098
1.336726282621097
0.08148029422183577
====================
150
4
0.10891709519966586
0.1087779034611529
0.08032830647411848
0.00013919173851295596
2.0019665654794125
1.6126826964430963
2.2035450263224625
0.4473911779230435
====================
200
4
0.10618858746235205
0.10574396321191648
0.11937722159656244
0.0004446242504355617
3.0311450419641046
2.4801614931906446
3.3164466214287858
0.9725205128377712
====================
250
4
0.1383009114765794
0.13814172859044627
0.17981202397801654
0.0001591828861331468
4.3800186626193955
3.3496151392423608
5.0800360323585805
1.0642391688408614
====================
300
4
0.18097179695463472
0.18185334952063448
0.20993863542942393
0.0008815525659997547
4.662749450711692
4.15924724639761
7.022155261592943
1.0628747506250735
====================
350
4
0.16472479933687945
0.16474334138589297
0.19498351669844172
1.854204901352574e-05
7.7444909591052085
5.257415124892862
9.219207221469969
2.495719486486799
====================
400
4
0.06776491732187523
0.06859109440291043
0.22449095171220054
0.0008261770810352128
8.566006114902088
3.6319954816430875
11.432126717950123
4.99943579209324
====================
450
4
0.01164724903894121
0.011625480179883185
0.20082612077323247
2.1768859058024503e-05
7.972529932415671
3.9570520185294673
13.66247365939453
4.02846358585928
====================
500
4
0.008463024325039203
0.007352783826585885
0.18398821060732384
0.0011102404984533187
6.206108117666945
4.683347894923854
15.299259043458258
1.6365834347165868
====================
550
4
0.04976232409958126
0.049932922778064937
0.17051349842971586
0.00017059867848367993
5.930366159389846
4.337827730552392
16.51353813419645
1.602409212056789
====================
600
4
0.0716164965133532
0.07062011135117204
0.14603808879293434
0.0009963851621811637
5.334086430451484
2.866176280821162
18.148540986480914
2.550904846790429
====================
650
4
0.07246696864622004
0.07087032532025428
0.13388004329903325
0.001596643325965763
4.672130831043736
4.596562615663838
20.052335051801187
0.49357194338549976
====================
700
4
0.06187564024994785
0.06279271258544528
0.10320967049480956
0.0009170723354974264
6.33458555146651
5.726905980758227
21.142720437705197
1.7741128430127038
====================
750
4
0.023245053346803157
0.022694387119350345
0.13382195618509907
0.0005506662274528118
4.422981527331767
4.740249988115462
22.258967705780034
0.5691327011627573
====================
800
4
0.007456226596274577
0.009535462555499646
0.13537736006136594
0.0020792359592250688
4.764416273993777
5.068276178217245
23.512208051067333
0.30386277956543245
====================
850
4
0.02218132578515175
0.023381628327988624
0.1486891255696261
0.001200302542836873
4.558885411521199
5.303188960422755
24.36058060286722
1.2043277420503395
====================
900
4
0.4635872934205212
0.4620815750315437
0.2227909062302449
0.001505718388977506
3.86463780996417
3.518051602911838
25.54031173295109
2.2516049287873097
====================
950
4
0.5613341507876148
0.5604796151001301
0.2010550633120971
0.0008545356874847254
4.344828449288666
2.8503108746767833
27.581718824718152
2.0944821944455096
====================
1000
4
0.5340445187327603
0.5326023121599658
0.21853598261590015
0.0014422065727945368
10.177939684633824
7.900583832262347
29.41233832080527
3.1273390558822673
