====================
0
0
0.0
1.1775608304410797e-08
0.0
1.1775608304410797e-08
0.0
5.4283094328895165e-08
0.0
5.4283094328895165e-08
====================
50
0
0.08879005113226279
0.08969010253515886
0.03907173285173604
0.0009000514028960627
1.1116070594896437
1.1103522117872717
0.739601056913558
0.0014965118985941063
====================
100
0
0.016559900738073008
0.018382699020651483
0.001623996344281231
0.001822798282578475
1.4703022668255359
1.4496755047516245
1.0519105157752529
0.13089543682495522
====================
150
0
0.03505441288557365
0.03500904472240496
0.015517744673805955
4.5368163168690856e-05
1.6342206453566266
1.4686095735243856
1.4491904140335157
0.21620927750484115
====================
200
0
0.03432808816065909
0.03557132576280015
0.01048320000398277
0.0012432376021410591
1.1057517183297518
0.8715578341342025
1.416835072102503
0.2344879545696029
====================
250
0
0.02360918879973628
0.022678407577553683
0.015039551878951007
0.0009307812221825973
1.0302833656213215
0.2464057222840573
1.6176314515733952
1.25626513710878
====================
300
0
0.08689194698361247
0.08557864326546216
0.02684244251355894
0.0013133037181503049
1.653324727859996
1.4520213383998286
1.5497937350049322
1.7866232421245871
====================
350
0
0.04031316303722421
0.038796382933347084
0.056490435807593276
0.0015167801038771245
0.6975745805261596
2.053120919016788
1.4381205857303327
1.4113084913207774
====================
400
0
0.0337365133324647
0.03279348237189629
0.133536268414593
0.0009430309605684033
2.2087598979829863
2.0496622672455564
2.7785310588986394
1.4200482083431414
====================
450
0
0.049289242239597186
0.05137980355405736
0.14774148608708737
0.002090561314460171
0.9242061476431322
2.778660529223942
4.624147713357542
2.8589838385623154
====================
500
0
0.056909743685383596
0.055412394751407135
0.22273311658847117
0.0014973489339764612
1.5649486301086988
3.7183996714356877
6.073660221482453
3.6471637308666667
====================
550
0
0.06061407485727899
0.060224266602192156
0.16808969710463817
0.00038980825508683203
1.5923110528733517
3.7305820174026953
8.049375285768738
2.8246978586175056
====================
600
0
0.0263895965193639
0.024299693565252287
0.16080716582633384
0.0020899029541116138
2.3150776690484087
2.7545940920309366
9.7371558924467
1.0080115988685157
====================
650
0
0.0184368280490248
0.016299033156376597
0.15210347590939044
0.0021377948926482038
1.8669462621483965
4.184706833393211
11.338774409602484
2.324416127256642
====================
700
0
0.005453333173953023
0.00584852511357159
0.1903170634550384
0.0003951919396185666
3.7352266397591847
5.891552122145436
12.494198003414164
3.013643001284517
====================
750
0
0.010930362984984843
0.011601177674819274
0.19906896472787916
0.0006708146898344314
3.719140736652892
5.280101072615254
14.00656113201074
1.642980945550852
====================
800
0
0.02651800162760876
0.028572003856176927
0.21975682279935047
0.0020540022285681658
4.951508448188235
6.055499181166098
16.33949753614063
1.6124870321896831
====================
850
0
0.018443747146287937
0.01911001307468041
0.22352524596317003
0.0006662659283924732
3.9666631246965087
5.660965109168548
18.70512328697506
1.7204033822089195
====================
900
0
0.03539673128319043
0.03379752481404408
0.24364061454137298
0.0015992064691463526
5.341471482475778
5.279760783303753
20.841054595357274
2.238289972973225
====================
950
0
0.030400502329487322
0.030202043712578064
0.2403581995187909
0.00019845861690925837
3.888957469163453
4.830540408495858
22.91095519679689
1.015769648274996
====================
1000
0
0.00829550364335431
0.012507415204642016
0.24924482922342167
0.004211911561287707
4.876719953533398
6.922692671908161
25.39016589842587
2.3011265297611243
