====================
0
2
0.0
1.2373457754433126e-08
0.0
1.2373457754433126e-08
0.0
1.2530860380862073e-07
0.0
1.2530860380862073e-07
====================
50
2
0.07481084299599328
0.0742264234879888
0.055887403121864576
0.0005844195080044745
0.21119075210501484
0.18566213553356173
0.06838364546171534
0.02569544663402353
====================
100
2
0.005028645306685675
0.0015255113971308631
0.01773567378712304
0.003503133909554812
0.6237403803263911
0.641281942516007
0.5546984806941418
0.0410980155001291
====================
150
2
0.07112250129069841
0.07237368426500224
0.010717237319775696
0.0012511829743038216
0.5609970144099111
0.5640790232772671
0.871686729362745
0.01362729096351406
====================
200
2
0.10520478643908915
0.10764913790739414
0.058329776109602514
0.0024443514683050007
0.21344248218623116
0.22893607275860373
0.7719101171026342
0.06255675604414204
====================
250
2
0.09031718350458351
0.09053976957681398
0.07805293982692274
0.00022258607223046845
1.320517390736567
1.3998970718098838
0.1974680919575541
0.09533021980577137
====================
300
2
0.12935499746819445
0.12736121435651615
0.06904496076908861
0.0019937831116783045
2.729392657202029
2.4607821204116775
0.7331807613032504
0.5541139520253381
====================
350
2
0.09819189822635632
0.09778105906179202
0.002812973192481305
0.0004108391645643028
3.338724806855993
3.0990083164650075
0.9680325510298565
0.39339964283602064
====================
400
2
0.01791859966581827
0.015548155474664895
0.007519890384223435
0.002370444191153373
3.008189066119824
2.995801037781795
0.8372162813270154
0.8814774502998333
====================
450
2
0.00038672465258615674
0.0013016123477043173
0.015722213015130437
0.001688337000290474
3.443860429803389
3.685103054123723
0.93573493040769
0.5245090686272058
====================
500
2
0.09641076898776157
0.09318110132704893
0.09332605139701089
0.003229667660712643
4.443016722143343
4.438922472378363
1.594941072014447
0.98429943423887
====================
550
2
0.09389961338509001
0.09383041365427491
0.057051843608309394
6.91997308150949e-05
4.827363830531979
4.129836729171031
2.4635247010558023
0.7818991430144632
====================
600
2
0.07124984617600941
0.07405912391215902
0.06452154265655567
0.0028092777361496115
4.439069546086597
2.4798398135478883
2.1901139819642945
2.35173428191847
====================
650
2
0.05077886884060412
0.050609013369300904
0.05891790848758571
0.0001698554713032152
5.100141396155829
5.407831263010634
2.668800197600711
0.4474974362293371
====================
700
2
0.053659894732126734
0.05134914600293694
0.02108734695116432
0.0023107487291897932
7.432430750665691
6.9634660213151935
3.5207773734622068
1.0781374549652796
====================
750
2
0.07861754525378184
0.07752883411999778
0.039212840574451846
0.0010887111337840594
7.3755797905816625
6.316676435471863
4.042468582897949
1.0689747040242137
====================
800
2
0.031852901656017285
0.031874290698508355
0.04534139689667757
2.1389042491064996e-05
7.557619098116249
6.3162331814857575
4.412306113392465
1.9516635550266537
====================
850
2
0.034444096044176975
0.03515699630710367
0.028887272106165485
0.0007129002629266967
7.640170507365464
6.814461251407061
5.012931696471004
0.8258214171941612
====================
900
2
0.04585906411791685
0.04740221429572822
0.011168248911042511
0.0015431501778113699
6.65398654270381
6.533385457433404
4.906561772587096
0.13395576001538478
====================
950
2
0.13936657880614778
0.13883286471766643
0.12700449154631688
0.0005337140884813518
5.919218722429433
5.336160425663993
4.441067692682787
0.5831441271291399
====================
1000
2
0.07771753992463022
0.07445181236528534
0.090044978192635
0.0032657275593448976
5.45473226855749
6.897691884378776
3.6223802085214856
1.4733691976888765
