====================
0
3
0.0
1.1984706940495784e-08
0.0
1.1984706940495784e-08
0.0
1.603828059718829e-07
0.0
1.603828059718829e-07
====================
50
3
0.04131594167120123
0.04049964385225846
0.008442348469505534
0.0008162978189427683
0.3154363144826659
0.31063625743574635
0.2845816258764657
0.009117270493626482
====================
100
3
0.09391753485914256
0.09240679238637606
0.10181747172271205
0.001510742472766502
0.48564894505632705
0.4940233518025119
0.24471050650927575
0.017524831715461663
====================
150
3
0.1646913169866664
0.16451326933215138
0.14833266040974036
0.00017804765451501225
1.463945695661706
1.3572177297419041
1.587270241235656
0.16631193569445188
====================
200
3
0.11462889299593342
0.11546193654524374
0.1693424647160596
0.0008330435493103253
2.4908733615741543
2.1249616880063806
3.0675541648920532
0.8395422713774355
====================
250
3
0.04854644002113151
0.04714389330337898
0.15144548297220073
0.0014025467177525286
3.175884635725522
2.6308731781888595
4.735243265869513
0.5465469164046454
====================
300
3
0.04214360979314602
0.0417253511288993
0.13412586424908302
0.00041825866424671787
3.598614278798146
3.588523104348875
6.099517816478849
0.04971399219158098
====================
350
3
0.050568496304788324
0.05101546763215681
0.15065145793260948
0.0004469713273684839
4.400432612873455
4.242788110326093
7.727478345248501
0.18347419978234117
====================
400
3
0.020904694309360355
0.020008496211198105
0.19303110507740556
0.0008961980981622518
4.20601053978571
3.1218766505494115
9.412257418337775
1.2213532969284095
====================
450
3
0.010581937477048609
0.008468278369303972
0.18870481908401704
0.0021136591077446365
3.9195659795601476
3.322380432865239
11.394135013634479
0.6102154301983092
====================
500
3
0.026900173131324756
0.027541027588269262
0.15194627492318213
0.0006408544569445063
4.544859980138152
4.431741585150751
12.793918764161178
0.5924540732337401
====================
550
3
0.03338107627122855
0.031720953523389106
0.14651754996704125
0.0016601227478394431
4.726602524072596
4.330030136762144
14.28019242871385
0.5140179506264213
====================
600
3
0.06976071574698443
0.07137426080886136
0.11624299824445077
0.0016135450618769169
3.9018088276444765
1.6192662051406093
15.559402701453815
2.295019330267861
====================
650
3
0.02343913457071034
0.02410199624079179
0.15485999625224722
0.0006628616700814494
2.8269925650608982
3.9744626669427623
16.8070618644052
1.448464087198089
====================
700
3
0.010832630072440175
0.01076800782328613
0.12648546635999258
6.462224915404491e-05
4.5038251477978
5.183916996578384
18.175178309291496
2.3534970663714723
====================
750
3
0.04133031594072145
0.0417102787905983
0.08441726439439656
0.00037996284987684703
3.239441414430497
4.081495649723029
19.064776911804216
0.9316476986835727
====================
800
3
0.034294516507559776
0.03359155461449115
0.09693854890384192
0.0007029618930686298
3.6469040026334048
4.023647220703536
19.954293034296523
0.7804425363955574
====================
850
3
0.07307551382097821
0.07286403101086103
0.07873999903665707
0.00021148281011718062
2.0791297682489533
4.3650549639714455
20.99220370353248
2.3279752998220435
====================
900
3
0.04730438528773817
0.04590245774610269
0.0901539109778331
0.0014019275416354837
4.237881724040191
4.025963104329213
22.0876736539863
2.34403053503974
====================
950
3
0.00028756450700240244
0.0008233622493845072
0.06426391460989267
0.0011109267563869096
2.90785310452601
3.1871254175708907
23.076531339139247
0.7586377226321291
====================
1000
3
0.026716385417595773
0.025643583780205058
0.05822414023375316
0.0010728016373907122
3.579320883485749
4.569606310530909
24.14301885245021
1.1534444693596797
