====================
0
2
0.0
9.69998832000338e-09
0.0
9.69998832000338e-09
0.0
9.649082821080164e-08
0.0
9.649082821080164e-08
====================
50
2
0.03287106562360442
0.03260404833000918
0.06552082515770308
0.00026701729359523974
0.4307583583753092
0.4343121490223016
0.6002490208767929
0.014678109721502996
====================
100
2
0.008310192081993684
0.014460192673557692
0.018631258519773652
0.006150000591564009
0.730143489575507
0.6443270652802437
0.5713354371008755
0.09038695708462462
====================
150
2
0.011284124038895449
0.0063042441866389964
0.010701885225380403
0.0049798798522564525
1.0744402622128546
1.059949013414382
0.9586655016107944
0.1242401339591965
====================
200
2
0.05161826834428663
0.05616482214405873
0.003059227296100249
0.004546553799772104
0.6164723765635475
0.5888868661828873
1.0559306518454141
0.07988230584535165
====================
250
2
0.0487825213552302
0.05163126315577138
0.020652636631350862
0.002848741800541177
1.3757865907080493
1.0387854147658198
1.1413646665385704
0.3600222899347398
====================
300
2
0.009397445119381675
0.012890266678543316
0.009080051266942224
0.0034928215591616407
2.276506930129657
1.7133182396027533
1.1543852458017092
0.6901429585435139
====================
350
2
0.05819866914679306
0.06485143031736373
0.03793482014837779
0.006652761170570676
2.106898504764359
2.002054938101501
1.0965636411322446
0.32925075808680015
====================
400
2
0.011669406365708767
0.014881784726932475
0.02320404363694612
0.0032123783612237077
2.6538360805649917
2.083341830261947
1.3509387983959869
0.7858261766877922
====================
450
2
0.027939720865696183
0.025272531669672027
0.04802525237962807
0.0026671891960241556
2.171388536844399
2.120681622896678
1.7300860175207826
0.21788433995837259
====================
500
2
0.009230135611863144
0.018424740552275942
0.0330182118586273
0.009194604940412798
2.4762094636241274
2.42121219927803
2.2113007986038964
0.8140066701379634
====================
550
2
0.024139125599387246
0.027793209431592913
0.053004782966141306
0.003654083832205668
2.6343181577604806
3.2513754323058546
2.4731199972654982
1.4733246675652514
====================
600
2
0.030824776110150838
0.026544651223822675
0.033165952843392965
0.0042801248863281625
3.3166555712103953
2.3975405387014925
2.6534882627975858
1.0377603154195714
====================
650
2
0.012616657061711445
0.012009033390975254
0.05597625182462229
0.0006076236707361904
2.0487151046718095
1.6789141319504153
2.9161396036908545
0.4110913636840274
====================
700
2
0.01394650123333685
0.0026763456120630913
0.030802270762671835
0.011270155621273759
2.5775647339591
1.8500462119820469
3.768396466344544
0.7987674650944042
====================
750
2
0.04647250456518459
0.05166844105336521
0.0058417402193957635
0.005195936488180619
2.4315752415989116
2.1514399968266615
4.194568016137643
0.7887166792355658
====================
800
2
0.04328726950331774
0.047259282642594116
0.022836434938727675
0.00397201313927638
2.306491126133061
2.190270298709877
4.69964886814324
0.11664915093783759
====================
850
2
0.004824829131129249
0.012964241559778378
0.0013512853671588942
0.008139412428649129
2.7847659476870303
2.6602774951525094
5.021552771177116
0.5501384651235173
====================
900
2
0.6582989678400564
0.5985182202709565
0.03032688563912167
0.0597807475690999
2.5710440247386814
3.84448021050412
5.0336521563711125
3.7500455689878938
====================
950
2
0.40371512526099207
0.3934798657846359
0.04054359045689537
0.010235259476356173
2.4630699797848417
4.537603196879333
4.572393772152176
6.4770772399714724
====================
1000
2
0.2913401349985376
0.2930626713491472
0.00813016924360326
0.0017225363506095832
5.297451866710605
4.2500575139762224
4.29728719350946
9.104608793980747
