====================
0
4
0.0
1.037878657376652e-08
0.0
1.037878657376652e-08
0.0
8.538365076814928e-08
0.0
8.538365076814928e-08
====================
50
4
0.016495832089705065
0.018388336879034517
0.008120112384484957
0.0018925047893294522
0.20211245126726943
0.20608817083214898
0.2510895361290081
0.012870563652407279
====================
100
4
0.03414070039621553
0.033681782744899635
0.035763503286413645
0.00045891765131589324
0.1372370845346514
0.058298570857246504
0.04493923359256829
0.08300457107205411
====================
150
4
0.02423452697330486
0.020956749294572363
0.07033361813348682
0.0032777776787324964
0.5556244194414937
0.5210071745676196
0.8448032615843861
0.03505703748899002
====================
200
4
0.055159690265297205
0.05646973353129174
0.060214145958288216
0.0013100432659945392
0.4824895213178308
0.5300154504614677
0.7967299629421608
0.04770108339053242
====================
250
4
0.07982405195364484
0.08230406366291199
0.05483155373986626
0.002480011709267149
1.8246454774077039
1.2967996341187642
1.9747444090933433
0.5364298095379855
====================
300
4
0.08156464859753232
0.08423489190562128
0.07099896397762206
0.00267024330808896
2.879915132597291
2.108580742762307
2.6198422728521975
1.052603301998808
====================
350
4
0.12398863221415013
0.11792355019794565
0.12506640834109284
0.006065082016204482
3.807763012754263
2.964642530115808
3.520055558950328
0.8549200124019289
====================
400
4
0.16689286080197596
0.16506983843701875
0.1395758064946904
0.001823022364957206
3.917804608574713
2.1366277156877853
5.3038749614994645
2.220967693501323
====================
450
4
0.17706969165650888
0.1827275925657057
0.12577531609641435
0.005657900909196822
6.092713244484168
2.645311088178713
6.896407444106479
3.4476627408334015
====================
500
4
0.10797056254123838
0.10939952013323095
0.1255847852624017
0.0014289575919925745
6.3510095562050966
2.6181298410578426
7.707636571535725
3.860075055978063
====================
550
4
0.05645360485836326
0.05972031713238568
0.10911996668671797
0.003266712274022421
6.365037649370146
4.05088261660308
8.78670362347928
2.42121897814883
====================
600
4
0.08837797264490833
0.0804672317771967
0.11835401051884745
0.00791074086771164
4.89230593038371
3.0721375215188345
9.581184418444769
2.7928805697638737
====================
650
4
0.058064804462879094
0.05301595316893626
0.07954828843757489
0.005048851293942835
5.28946808180682
2.9739984903977392
10.267958327653492
2.701270150166628
====================
700
4
0.042351844077378686
0.04376610680510007
0.0868449953051118
0.0014142627277213826
5.619882157726084
3.3741775686323634
11.054761591472749
2.2679685058796495
====================
750
4
0.03146398830391339
0.03198455233630848
0.0877121519989883
0.0005205640323950878
4.685187300520815
3.6761299454366347
11.740745217043557
1.0672348568311607
====================
800
4
0.04688365378665719
0.04680605429030679
0.061081503650735294
7.759949635039723e-05
3.760969686409436
3.9416894265103237
12.78028294622348
0.7814148796753904
====================
850
4
0.04781711834774116
0.04900512748266661
0.01496252300760248
0.0011880091349254496
4.801685992026222
4.047881903274039
13.106530274274705
1.0252797856032863
====================
900
4
0.09114714153220449
0.09173687460910696
0.06680030107275314
0.0005897330769024656
4.116637487718878
3.068298841538864
12.71006304162063
1.219668604218845
====================
950
4
0.06713443162976995
0.06579337001765562
0.020759712425410637
0.001341061612114336
3.369620866745933
3.6098378976739
12.4134198779689
0.6542815667820474
====================
1000
4
0.02673393260560725
0.027426305920539035
0.01117611836389288
0.0006923733149317874
4.3232223544115485
4.333143608114217
12.1673207312773
1.7791984536321506
