====================
0
1
0.0
1.0329908530377089e-08
0.0
1.0329908530377089e-08
0.0
1.8821859730980165e-08
0.0
1.8821859730980165e-08
====================
50
1
0.035150589004970145
0.03509389065091573
0.0313210559216055
5.669835405441859e-05
0.42850079309258776
0.4321840817897231
0.2970550798359149
0.013562543723253268
====================
100
1
0.10352373536302695
0.10631851139509374
0.10754987340562883
0.0027947760320667925
0.7643958308661679
0.792388069422166
0.6368761491857952
0.03682651290907832
====================
150
1
0.021621639146931937
0.02415552912549579
0.10029404506332473
0.0025338899785638525
1.2027041587443583
1.2280843347126564
1.7834650296066372
0.03696193567162293
====================
200
1
0.12996536826001107
0.13378429551665272
0.16455576841740271
0.0038189272566416486
1.0450554010965183
1.2574977268283578
1.90334910846038
0.213245111595251
====================
250
1
0.1613898244905534
0.15232368468026447
0.16896728411148998
0.00906613981028892
2.802762845859522
2.2301517299885685
3.434930405938712
0.7044535480673275
====================
300
1
0.18148437573888643
0.1818639304515095
0.23243175141233774
0.00037955471262307583
3.858960753907658
3.153667277770922
5.130941425583921
1.436473954079027
====================
350
1
0.0674789593359637
0.06741276802523966
0.17753461092856493
6.619131072405082e-05
5.485148934530728
3.5867820340453713
7.206523480113709
1.9080121696172494
====================
400
1
0.10097729319979887
0.09844792725546826
0.1720426888625949
0.0025293659443306176
4.706429267343567
3.658080028465609
8.595800446241821
1.8369402219571613
====================
450
1
0.11361464267192978
0.1189436368192649
0.13155398851435218
0.00532899414733512
7.183940940909901
4.239774404730275
10.44621324238395
2.949788536189961
====================
500
1
0.04984055011905886
0.04334414706275158
0.11695784021723865
0.006496403056307276
6.910301882400189
3.3714995623730326
11.590608134261803
3.5757077954192105
====================
550
1
0.019188126342155387
0.016930595663469772
0.08340274355595456
0.0022575306786856153
6.2975747574482
4.273344587202569
12.552597946149557
2.0268557626530765
====================
600
1
0.04175992368094503
0.03856594730765359
0.10966337904112328
0.003193976373291436
4.494833874350999
1.909550471105178
13.326612202184824
3.0840171309348627
====================
650
1
0.0032118654190087526
0.0029853494730700536
0.08190188064768522
0.00022651594593869895
4.098863144853186
1.4979466134260198
14.274697710740528
2.6623244708880143
====================
700
1
0.07586923915076449
0.08306525899191142
0.07571319422093303
0.007196019841146928
3.386310093343302
0.16438576851859127
15.703148194484854
3.309886727156584
====================
750
1
0.13717148261977608
0.13415607598897483
0.020312084304492384
0.003015406630801243
1.0503304246440999
0.6049775769134397
15.557334040684953
1.4377471320316686
====================
800
1
0.1284089488743793
0.12836624879285355
0.02131768927417474
4.270008152571995e-05
0.6467518824317078
0.35983582093518074
15.198526604277552
0.28917250405895656
====================
850
1
0.08390424125583174
0.07679982050680656
0.0008865604859793486
0.007104420749025175
1.6967710124764377
1.0077462654099714
14.790746568877255
0.7461272878503954
====================
900
1
0.11221766559084934
0.11853019422412192
0.008116531680099293
0.006312528633272585
1.9381318422569154
0.4100003385228716
14.474671727220166
1.7919439077818635
====================
950
1
0.1538207974850745
0.14939207892366624
0.01928679600429084
0.004428718561408251
2.678611673478819
2.503730843389646
14.303683769592885
5.04226952742159
====================
1000
1
0.11599891803230786
0.11808226212483608
0.04170289032139876
0.0020833440925282273
3.024365891575447
3.576299770355359
13.851400545690447
6.163525581494393
