====================
0
0
0.0
1.2567562198476929e-08
0.0
1.2567562198476929e-08
0.0
1.432953073821429e-07
0.0
1.432953073821429e-07
====================
50
0
0.005286413230209952
0.003692543931083092
0.029629704291793013
0.00159386929912686
0.28559677207090295
0.27636974417854027
0.2840764532437343
0.009427781675201021
====================
100
0
0.06126988315561821
0.059829270985765515
0.06061619026121079
0.0014406121698526952
0.6397952252922967
0.6020191954663884
0.7478181856900991
0.038638440451825094
====================
150
0
0.028436356127679252
0.02602108948342674
0.009822187889187983
0.0024152666442525117
1.32822268587253
1.2601893332182392
1.4014633379649672
0.11555020428240731
====================
200
0
0.013113293877273743
0.00901228379934916
0.047734381508938724
0.004101010077924583
0.8597144553805448
1.0208884138842906
1.1998086981504488
0.16976142024872992
====================
250
0
0.023222524509841413
0.026517476881207314
0.028232976979406743
0.0032949523713659
0.9031494532066785
0.8903722052116665
0.7087793007339792
0.15537775429656162
====================
300
0
0.10987566448501518
0.1055403758825939
0.09101245592718676
0.004335288602421272
0.6156489146557131
1.1113910007231405
1.2322544550562557
0.521905599105203
====================
350
0
0.19666855565425423
0.1896119437766135
0.161742363776602
0.007056611877640728
2.3262280738352636
2.5627020829453357
3.0592271831430384
1.787961596733905
====================
400
0
0.14036477409418932
0.14103351106901646
0.15512741105166106
0.0006687369748271321
1.6074460408282116
0.9929655541064649
3.4312416016236864
2.3134057605378215
====================
450
0
0.09171582069573248
0.09068820597574678
0.16059692776948542
0.0010276147199856922
2.2950802845014113
0.4945748623794433
4.122272499507633
2.659701075258242
====================
500
0
0.09153553861045527
0.08714319909150614
0.1713197537919675
0.004392339518949129
2.0842013589117068
0.5178024412171044
5.911753173503749
2.4879258409690914
====================
550
0
0.04952740256278454
0.050461946887251585
0.13369944099170095
0.0009345443244670459
1.9852038160212335
2.3174662637677645
7.331282426958493
4.119827195486599
====================
600
0
0.07898251734139791
0.0796692979134196
0.14524996003075194
0.0006867805720216953
1.5639618667038413
1.1428304900331108
8.477661897669831
2.3013047684899246
====================
650
0
0.09543567099322114
0.09360510439604153
0.18424524546180354
0.001830566597179617
1.6396814646337041
0.9320846125013321
9.97329994119147
1.8481167416950743
====================
700
0
0.18046106384311766
0.18376777611929507
0.26627418526212
0.0033067122761774037
2.379969317049918
0.8978299126920584
12.445612582857372
1.488609255401372
====================
750
0
0.1021964661245578
0.10379780911710967
0.2396234173603451
0.0016013429925518796
3.9820203273494204
1.8600256461811397
15.160227139997648
2.6395862893433595
====================
800
0
0.06675630949418272
0.07015017979473498
0.20829703352536932
0.003393870300552266
2.7238129318166084
1.7486921745506367
17.10421454362719
1.52624274390015
====================
850
0
0.0718671848918957
0.0765510699987535
0.24178178019910845
0.004683885106857799
3.205007959558789
2.520539555396877
19.03145123696342
0.806496846810946
====================
900
0
0.41781719946340523
0.40987812964538106
0.27853320682749505
0.00793906981802417
3.1039956621749907
3.042631383808528
22.181761474732674
0.5117921649118351
====================
950
0
0.662341766147275
0.6510416901381997
0.27150631457682106
0.011300076009075344
11.04722993189151
13.937980662635761
24.491054233610893
6.816758631844583
====================
1000
0
0.46752296491772755
0.44642549475624277
0.3278228115599516
0.02109747016148482
8.188631767058249
12.790259984022166
27.162648869427073
10.483175098938572
