====================
0
3
0.0
1.1029793520898532e-08
0.0
1.1029793520898532e-08
0.0
2.818395202249153e-08
0.0
2.818395202249153e-08
====================
50
3
0.03746034384615515
0.034633340997588746
0.003558610168056031
0.0028270028485664067
0.5735057935872443
0.5602705867592949
0.29437034084953073
0.014332414527206285
====================
100
3
0.07290105590122886
0.07258052665820758
0.07048953283987514
0.0003205292430212836
0.11328304008333355
0.1157427153772758
0.2824782459270211
0.024508623990497035
====================
150
3
0.1317289232995742
0.13282302065426088
0.08760450302744838
0.001094097354686685
1.3543401892578326
1.0826335939070042
1.3150797500277247
0.35579072404158946
====================
200
3
0.012523453444312724
0.010015857426288759
0.05787684388057407
0.0025075960180239647
2.2735220383995505
1.2934313255859733
2.2116690208911822
1.0967499371494753
====================
250
3
0.07497299443361394
0.07354056907523732
0.015460811239765615
0.001432425358376621
1.3828736490114435
0.5550537922009409
2.582481089052424
0.9623548711912091
====================
300
3
0.037192075833459626
0.03542594180510772
0.03266064589721518
0.0017661340283519067
0.537711241711036
0.9062130505159256
2.9373698727857094
0.6132899016590543
====================
350
3
0.02761016621533008
0.028431551121633092
0.04620585630081164
0.0008213849063030132
1.2175255524037976
0.9212307993804164
3.1065674085848665
1.1245970428473469
====================
400
3
0.04735326214028367
0.04464938902173786
0.010373384427127486
0.002703873118545803
2.7495208397029742
1.8234485746554578
3.3193260825549036
1.4239734275609743
====================
450
3
0.12835475544795538
0.13180931262318407
0.04080415041826546
0.0034545571752286897
1.530606026163042
2.0622376185584197
3.1397837603893692
0.9286702003746321
====================
500
3
0.09005724639225443
0.08765072802734952
0.045774687254501956
0.0024065183649049082
2.745713313491992
2.416358354325735
2.5925829837670666
0.3497308196266297
====================
550
3
0.01823521609028056
0.016578096097652484
0.019157924076421695
0.0016571199926280755
3.089610720532052
3.6880741115219062
2.397498368948135
1.0700239124787163
====================
600
3
0.09840839625342128
0.09667146133287272
0.07353669132343543
0.0017369349205485665
3.3979743999559244
3.3233530877883894
2.2855900096986277
0.5722563601570896
====================
650
3
0.0700058480935426
0.06622440819798969
0.026035348601947117
0.003781439895552907
3.5081354769286146
2.5340589323749
1.9766609156563781
1.0343733777491568
====================
700
3
0.014373534357672746
0.013218002024537157
0.03121554797060444
0.0011555323331355893
4.466299930817747
2.30265961770687
2.4544901044326464
2.1717235102507906
====================
750
3
0.0029071347439888484
0.0031482410459291454
0.0030031068068172573
0.006055375789917994
3.5088956002014355
2.0866541976325332
2.654600483342641
1.7223732953447084
====================
800
3
0.09286640601010603
0.0934652033354512
0.05867937364023433
0.000598797325345168
2.633744009447121
2.6553425734878773
2.3385964214178254
1.2120112562321432
====================
850
3
0.10926486572677319
0.10399938073918658
0.0662720464991251
0.0052654849875866105
4.679010773983264
2.1355667033761767
1.37064621171831
3.041431381215588
====================
900
3
0.10850828405412472
0.12338176896893494
0.12915549921450742
0.01487348491481022
5.742957042697962
3.6939157132176197
0.7191230901449444
2.1084256122205263
====================
950
3
0.06815116971829016
0.06646415846843401
0.13692336976664743
0.0016870112498561518
6.511545608330963
4.914136480140863
1.8893902400384388
1.646070142598983
====================
1000
3
0.1036806109604751
0.10771369562201784
0.16300749798548136
0.004033084661542734
5.263405277313475
4.506555140673387
2.8000182313205024
1.3081813777935427
