====================
0
4
0.0
0.0
-2.0022567899132605e-08
-0.028792169989384785
0.0
2.605077528386974e-07
====================
50
4
0.022463094628158098
0.018290328788940307
0.018043641731494864
0.0146918376689377
0.40888061167029127
0.4169650189883901
====================
100
4
-0.007923431471493547
-0.003190939400850779
-0.007164746441613801
-0.002885400321805448
1.060482182691134
1.1389793594186242
====================
150
4
-0.016374201017026246
-0.013466136852793534
-0.011317721808518533
-0.009307690224205838
0.9108711025714347
1.1540272998874037
====================
200
4
0.06373211049153382
-0.7182826450663952
0.07108496602102898
-0.8011518373430018
1.0005005713978328
1.4530379724714004
====================
250
4
0.06537605064261576
0.055159068572830705
0.040519033622575584
0.034186711068098494
1.8407318522361313
1.8146167610123018
====================
300
4
0.028729229828455605
0.011743229924363182
-1.7303559757486653e-05
-7.072924751392376e-06
2.8975724107805054
2.226689186379769
====================
350
4
-0.09636074122449734
-0.07435584351475139
-0.11258585836456225
-0.08687579983456092
2.3055467480750695
2.2519302534016163
====================
400
4
-0.0475111594041195
-2.110217782283623
0.018334589044798868
0.8143344914845927
2.925602475834039
3.5112284603693604
====================
450
4
0.036872073315512566
0.030379100210678224
0.10681684049530582
0.0880069713961464
2.694920060490331
4.119197311611865
====================
500
4
-0.03749485326739954
-0.014922288247208466
-0.0014317809822488314
-0.000569823500084606
3.063148530690099
4.353432851187867
====================
550
4
-0.11029361126374049
-0.08420174241036589
-0.06243115656339571
-0.04766198244032353
2.466764462896677
4.334395294291843
====================
600
4
-0.014775278744777732
1.4455710186308113
0.05286958165016811
-5.172608674312227
3.347519326617665
5.299401662353606
====================
650
4
0.07476811834265717
0.06358722464283027
0.1481924082738284
0.12603157822006864
3.3917241973988403
6.187708950452172
====================
700
4
-0.006004538400369075
-0.0024200292823873012
0.04589255772653367
0.018496231706176543
3.8720137344686627
7.219157374537774
====================
750
4
-0.03944884256732073
-0.03183852726528974
0.037273984161005025
0.030083233975012346
3.8368814085865903
8.01687721401966
====================
800
4
0.05351933728229384
-0.6816388137808485
0.11160429591291454
-1.42142679154762
4.112339359517257
8.412835386176143
====================
850
4
0.07530558085290151
0.06407360190552515
0.08150031969255522
0.06934438297945365
4.354288855772021
8.458849005481557
====================
900
4
0.03724956710937688
0.01527917773818426
0.13284784615673573
0.05449206557497841
5.525341419576559
12.669825477983725
====================
950
4
-0.011106481747336971
-0.009173708544516275
0.15013460906203524
0.12400787011694676
5.612537639827596
14.980767345964614
====================
1000
4
0.04152472987180604
-0.6242341884379029
0.1618389650754829
-2.4328975849670056
5.809141699517358
14.724788159124925
