====================
0
2
0.0
0.0
-2.0652771557718954e-08
-0.02921356182862628
0.0
1.1606490788884216e-07
====================
50
2
0.05805407719341504
0.04867559334577297
0.05037302923802045
0.04223539853395058
0.7558865213941852
0.7525879259090552
====================
100
2
-0.06871155347461988
-0.027009100656650964
-0.09003990918109395
-0.035392839300106234
1.2560330349356374
1.0060911338683982
====================
150
2
-0.14001293008623006
-0.10450939241527236
-0.1140473040568919
-0.08512795529845
0.6221149221265022
0.9167041859611658
====================
200
2
-0.051375945187716765
-1.9384769173546799
-0.014029360384992867
-0.5293448358408188
1.8922839038099017
1.5672423827387465
====================
250
2
-0.06419749464345825
-0.048822179411374185
-0.03302312186131906
-0.025114076323246085
2.198929947020515
1.4928009501339818
====================
300
2
-0.09510517442659694
-0.03700002356218278
-0.0465473263571905
-0.01810892185789439
2.152109935416468
1.6873190389445827
====================
350
2
-0.08595655517128464
-0.06685792845464716
3.0236614679157725e-05
2.3518362466964003e-05
3.0718447951453185
1.6814546783050461
====================
400
2
-0.03685314750495312
-3.0761056172363475
0.0934109067999056
7.796940955442446
3.949779154290497
2.2417873096304266
====================
450
2
-0.10055858519703431
-0.07441695771294143
0.025224311430546376
0.018666894660331747
4.469554346870687
2.806514784926732
====================
500
2
-0.19406551049882736
-0.07270089810356062
0.004351775073807129
0.001630263694961804
5.531514837631981
3.8200582061535098
====================
550
2
-0.21156969704877748
-0.1499140819967084
0.016486233374953585
0.01168181727565575
7.418856968521513
3.9222796408369693
====================
600
2
-0.12256081619509764
-1.254613258113058
0.09738916361030589
0.9969396390729887
9.400976750107981
4.837513800944254
====================
650
2
-0.04879766415760667
-0.037550385864478744
0.14312699089974212
0.11013793034331688
9.752639955366059
5.428083851027098
====================
700
2
-0.09456389879574356
-0.03679719268504176
0.11212538834167463
0.043630810195396136
10.31343712086769
6.949271385223833
====================
750
2
-0.1624325035131351
-0.11924839072603298
0.09070688821430894
0.06659166246519017
12.05168051328166
8.129404011232578
====================
800
2
-0.15469267835457262
-1.1915937006295492
0.08346224905392374
0.6429075459219387
14.032816893472
8.499174517354607
====================
850
2
-0.045773420870241166
-0.03530535682638315
0.18770681045349047
0.14477956411842532
14.83074236966703
9.228599630557516
====================
900
2
-0.12680705162826333
-0.04873238797991469
0.16148380761757375
0.06205878509314319
15.012143602079831
12.997827868415351
====================
950
2
-0.12621486938285553
-0.0951905415461886
0.21664544998608815
0.16339277462735094
16.69236404370526
15.450436322967152
====================
1000
2
-0.0656556335198411
-1.609879781459881
0.2754905972910678
6.755044750686455
18.056143021755595
14.974301379633012
