====================
0
1
0.0
0.0
-2.1743395294769175e-08
-0.03052937090457292
0.0
1.0989502653893292e-08
====================
50
1
0.028844948451583585
0.023573032919933314
0.0258288603777328
0.021108187348319905
0.7996626469811834
0.7963703907355029
====================
100
1
-0.042024916985845095
-0.01668259407948206
-0.04387854230038446
-0.01741842607906288
1.0990888466733895
1.1052697678195158
====================
150
1
-0.001260772233536267
-0.001048264385832131
0.009567946711524833
0.007955233718226254
0.5790950770023742
0.9240749618980789
====================
200
1
0.0520302423785564
-0.6924118135518781
0.08769325633016645
-1.1670106437340984
1.3132774094588875
1.7217832755898466
====================
250
1
0.05771496547453703
0.04830626757345069
0.08026750500438617
0.06718229045646457
1.4263001096993546
1.5855258191959445
====================
300
1
0.03609702695283712
0.014788010590905024
0.006528334140494696
0.0026744882490388746
2.2521797326738193
1.7415008885841166
====================
350
1
0.04151424231990619
0.03578972865878214
0.02689899660907491
0.023189819590436582
2.3789782900409695
1.8832509329380152
====================
400
1
0.050263929087454626
-0.6850076437153207
0.044582890458272344
-0.6075852265688035
2.750277695552791
3.2065811634798576
====================
450
1
0.006642570927148483
0.005331783093678348
0.014965849477996063
0.012012617419437703
3.6426601748814544
3.518193953014055
====================
500
1
0.012845675211582641
0.005212882966806768
0.014827213823306096
0.006017007989974817
4.202773956345635
3.7399453411795287
====================
550
1
0.013784960156815629
0.011606649786518498
0.025804826388347468
0.021727127194007594
4.004043345400598
4.073155300166143
====================
600
1
0.1053082419725833
-0.8200203853003988
0.15470649476765183
-1.2046775928599422
3.804882601825329
5.088172368950488
====================
650
1
0.1306374652978437
0.11644832079563382
0.17025632042750227
0.15176398725606058
4.539432379665352
6.096666126437187
====================
700
1
0.10188325895242878
0.04289497251477203
0.1376537064163692
0.057955075387249325
6.189487285522966
6.499136822371733
====================
750
1
0.08043288033935969
0.07174909658748792
0.1456639692677919
0.1299376344128928
7.284027439022853
8.51795209626543
====================
800
1
0.09983461691637256
-0.8120077133684767
0.1284541315197985
-1.0447853543175096
7.9834928686984625
9.130013432514337
====================
850
1
0.11949346024379603
0.1054670503409466
0.2147680872756894
0.18955812833706906
8.989061728873596
10.680392241912692
====================
900
1
0.06879950793738088
0.028568101176889894
0.1419684289963885
0.05895054434378175
10.759737053676629
13.69265056359615
====================
950
1
0.09487436925934123
0.08573591678525634
0.1536134030342149
0.1388171119603493
11.872820973241
15.356280974694583
====================
1000
1
0.16593367749834848
-0.87773802517933
0.2489780900677206
-1.3170173793751876
11.900523752329507
15.791482865615937
