====================
0
3
0.0
0.0
-2.2357667112118208e-08
-0.03195747430499172
0.0
1.4677445522024959e-08
====================
50
3
0.00943813214272704
0.007575911293672747
0.007681381135018928
0.006165781662279242
0.8042637539066116
0.8533923815115511
====================
100
3
-0.032294872081822135
-0.012855639253083265
-0.04013270259381452
-0.01597564918325723
1.4794728355425233
1.3866981264596407
====================
150
3
-0.024973103568810773
-0.020316626279061792
-0.02447328102197721
-0.01991000049216726
0.6776710689303592
0.9263166907863534
====================
200
3
-0.032753294013853844
-2.6414818908749917
-0.0023521817873881842
-0.1896983427927526
1.6029358534526226
2.0260671130609604
====================
250
3
-0.07370557672593292
-0.05546143408674142
-0.022933621755147016
-0.017256924209044587
2.09278504795143
2.380637330281511
====================
300
3
-0.09411385915146164
-0.03656417776401077
-0.05149832222892847
-0.020007614452367338
1.6222016833766242
2.2313355861877686
====================
350
3
-0.1434124980166369
-0.10641792464205653
-0.09300192004768948
-0.06901121907836409
1.8242266125570055
2.079737273586105
====================
400
3
-0.09927690987913823
-1.2578925050101253
0.006130807797186416
0.07768067305002797
3.6109095337581323
3.5881963981570943
====================
450
3
-0.041014179368636494
-0.03164038411226749
0.07186626486283143
0.055441222035342484
4.206338975338762
4.165776996823228
====================
500
3
-0.015260607549300254
-0.006116272739487179
0.08352090435842685
0.033474200083743424
3.953067441468152
4.258192916867598
====================
550
3
-0.01610111355105892
-0.013194136421016555
0.06081052919457419
0.04983148621883077
4.419998519352501
4.5070680422978
====================
600
3
0.03293371555546491
-0.6180392330882992
0.12715870392362644
-2.38628003333257
5.139296416310172
5.34840203228504
====================
650
3
0.052167195907569575
0.043361401489157944
0.15760599914756734
0.13100219184190273
4.826072163128854
6.387694520137031
====================
700
3
-0.04583421866341819
-0.018147447361408164
0.04861548739879229
0.019248653609599667
5.021938098655787
7.096670895628899
====================
750
3
-0.009199148657882183
-0.007581165384844303
0.08653547831363584
0.0713152702658154
5.200677228240468
7.903425526155391
====================
800
3
0.08559977497521434
-0.8078996204139047
0.1887438403263413
-1.781384086573435
5.077842157630558
9.007683198489914
====================
850
3
0.5369609897407676
0.7475594789791158
0.4509437664365369
0.6278059179847035
1.3135408326025038
7.694906401377148
====================
900
3
0.42967077644511376
0.20958001017230884
0.3787468174460109
0.1847408904785134
5.989579039907131
12.294140027235375
====================
950
3
0.47521431716567064
0.6518643561981124
0.41847380560862946
0.5740318589428001
10.864479386135251
16.251536283727017
====================
1000
3
0.48124442396281014
-0.9594222898637051
0.05280829405568804
-0.10528008613481507
13.65096767500572
4.899710215285661
