====================
0
0
0.0
0.0
-2.5324505612080885e-08
-0.03594057738271676
0.0
3.100037964061133e-07
====================
50
0
0.00397003590397027
0.0031846051803705302
0.01040262402153247
0.00834457197610959
0.245765385529679
0.31152780319959034
====================
100
0
-0.08180382235168793
-0.03199231549577588
-0.07247997556143027
-0.02834589116531126
0.5487551653277184
0.7170660867771349
====================
150
0
-0.035799689222574926
-0.02897870130708557
-0.019005691177377715
-0.015384498014486572
0.2210777022291029
0.3666738995888206
====================
200
0
0.0024341547400063696
-0.08873900920778989
0.010150675928363825
-0.37005080649474714
0.7132240348030446
0.7225856868600905
====================
250
0
-0.03763395536240055
-0.02921351996914874
-0.013061065303853647
-0.010138708206411226
0.9129777546266358
0.9127958050385417
====================
300
0
-0.08897679262066704
-0.03470021981586566
-0.04375904083072646
-0.017065667249113133
1.1506425766610582
1.2711542409993535
====================
350
0
-0.09642105260031797
-0.07439891931193483
-0.03684834131456838
-0.028432346446217564
2.453002866083965
1.7794872340113643
====================
400
0
-0.04338371894349805
-2.3594289403587227
0.0447625529312343
2.434416997948993
3.686121472880786
2.2242324972643566
====================
450
0
-0.006623285480166441
-0.005268170152554326
0.09747989981172167
0.077535643027906
3.7554391884985336
3.753250811022696
====================
500
0
-0.059160992432456094
-0.023343741231837963
0.009036831868337813
0.003565752635589228
3.9800614853153147
4.222331406422833
====================
550
0
-0.13168992625872256
-0.0989205547933006
-0.04951733909040312
-0.037195575955349336
5.193957479710187
4.271447428236089
====================
600
0
-0.15108320302036216
-1.1982469616508054
-0.025958063963712905
-0.20587444966111954
7.112341927903849
6.01303598394075
====================
650
0
-0.14767345062796
-0.10561100463205596
0.0006900232746749335
0.0004934810620868846
8.6367887066898
7.031332438395252
====================
700
0
-0.19178272559658227
-0.0719105475510938
-0.05213418770840805
-0.019548152590808405
9.680886998464729
6.658777368690858
====================
750
0
-0.20734862679698773
-0.14737682683265335
0.007027689923533975
0.004995059079452249
11.50265519456259
8.176236513789684
====================
800
0
-0.40305311576455916
-1.0661179467640107
-0.18252925832910724
-0.4828091149848808
14.208864808523025
9.08919443627646
====================
850
0
-21.223542564219418
-0.9443536742399478
-20.969509402734417
-0.9330503233172045
20.933485610368297
6.833434075410163
====================
900
0
-22.403303050051857
-0.9005092195240533
-22.11521087041851
-0.8889292456580118
20.565106235938572
29.27459013665671
====================
950
0
-22.462129898812144
-0.9493029166383481
-21.99020005233273
-0.9293580413424714
37.078945582753086
55.02943221903293
====================
1000
0
-22.396042685753834
-1.0011173522026273
-22.303943165661767
-0.9970004450781222
56.241777967767796
63.47426691088682
