====================
0
3
0.0
0.00012154935099802387
0.0
0.00012154935099802387
0.0
0.06881915257654639
0.0
0.06881915257654639
====================
50
3
0.03287841448773565
0.04254591759877613
0.011928328381606956
0.009667503111040476
1.1273652246664756
0.8750142236348804
0.3411876906251062
0.25254773691185556
====================
100
3
0.0046905135031956036
0.002087089728408653
0.021769262394689015
0.0026034237747869504
1.7401571306430272
1.1800527287646
0.7237752657563972
0.5644133781111134
====================
150
3
0.007266683072790325
0.029316350729166496
0.05835721744580202
0.02204966765637617
2.40540437265853
2.0684361076619835
1.369847793923513
0.3613956610316242
====================
200
3
0.13831433024713585
0.18386155394004036
0.04954625819884915
0.045547223692904495
3.094479593350308
2.5338343713699283
1.217818959123549
1.7681591416396178
====================
250
3
0.15293913627706424
0.16727175823327323
0.12649157682071155
0.01433262195620899
2.578631545907395
3.664553344230085
1.8537754747787372
1.4233586607501945
====================
300
3
0.10286299210425165
0.09642736920601491
0.09693065110299237
0.006435622898236737
4.332394646447833
4.919347456614652
2.812158987242111
0.7477708536605915
====================
350
3
0.110814658334077
0.13233650662894458
0.11184273933073086
0.021521848294867585
5.028290318827671
7.034761210453577
4.101776620036581
2.0176393642524943
====================
400
3
0.18579582273298653
0.18145739330746188
0.0845743749428759
0.0043384294255246455
8.35744891446945
9.48981283771462
5.3326333511379636
1.5758906762424267
====================
450
3
0.09560560108328287
0.07365467002257131
0.06757096648356908
0.021950931060711554
10.228050036357098
10.465562379942137
6.125527118355531
0.27733794150216323
====================
500
3
0.015753316332368428
0.0034932819380100177
0.0974089218151466
0.019246598270378446
10.34304592771923
10.493070691372672
7.003908413341397
0.1502996251903255
====================
550
3
0.022369158346916773
0.02791861259647943
0.08955818114698944
0.0055494542495626575
10.480606999947197
11.516031999497732
7.79612392605765
1.0494892827624314
====================
600
3
0.03182811174312133
0.023645412438858055
0.04584712000089763
0.00818269930426327
12.968769753597632
13.399245179158482
8.716297945627963
1.6402858312969402
====================
650
3
0.14208243612907334
0.12766562043725416
0.011673316722836002
0.014416815691819185
13.065918371544699
14.569457663619746
8.825162007128213
1.7092002794351993
====================
700
3
0.02035452923562442
0.012117585592482438
0.04069672520105083
0.00823694364314198
14.216452636240042
14.621407118671568
8.756173527404734
0.8731912310012854
====================
750
3
0.03947540279925654
0.017969093280753468
0.12170082634413637
0.021506309518503075
13.063731042015169
16.601611360544272
8.186872265764372
3.576172458038329
====================
800
3
0.1414750117846158
0.14613862555904963
0.10994314152320256
0.004663613774433839
15.399178698285795
19.14994413021297
6.820503059599327
3.9801300307846716
====================
850
3
0.16192249122046132
0.15563982627375772
0.0634561343516944
0.006282664946703598
18.382770243206057
20.474753384048633
5.844044660280665
2.4968746151157712
====================
900
3
0.00010919140168130781
0.01553837976755501
0.13549161741381566
0.015429188365873703
19.749751726695123
21.372636253597637
5.111669535737802
2.1681004058648754
====================
950
3
0.024102433142975555
0.02953110108168211
0.185130171848916
0.005428667938706555
18.813343564138737
21.58180072306869
4.509460388475023
2.788894170665025
====================
1000
3
0.1772462266034537
0.16793997312872103
0.13395539288208225
0.009306253474732682
21.045621432434533
24.01644855760624
2.8437049456174135
3.3457774909470146
