====================
0
0
0.0
0.00011250094578886613
0.0
0.00011250094578886613
0.0
0.053868266828984546
0.0
0.053868266828984546
====================
50
0
0.08200659755688644
0.07713995257265283
0.005788938356012352
0.004866644984233615
0.9757622389996323
0.6565850904557144
0.4209663417640566
0.31971472656891786
====================
100
0
0.03155452503559841
0.03727938977396272
0.030600236124461944
0.00572486473836431
2.4602733774043197
1.3119969407104533
0.860852705629222
1.1672897271224147
====================
150
0
0.029056032049721958
0.03466029749003963
0.1093430805729525
0.005604265440317668
2.590933020773265
2.3032938220620243
0.7018573934869587
0.38095614599055305
====================
200
0
0.0668593349836277
0.06640589813332645
0.07036798427114993
0.000453436850301258
2.927664110212885
2.01010694253165
1.7311926698026199
1.0680016854429608
====================
250
0
0.13729333769377106
0.14862872269151683
0.07218316480612863
0.011335384997745779
2.098127924247402
3.43706351410828
2.4000740901909174
1.7578715349012481
====================
300
0
0.19956480975392843
0.21642769438351994
0.05280654041646571
0.016862884629591512
4.203846644675399
5.023034370374095
3.1327240786702975
1.0033134592950543
====================
350
0
0.1877140722030446
0.1847596963381104
0.04745747552260826
0.002954375864934189
6.12939183298918
7.053772889658687
3.153389980917181
0.9693474919165564
====================
400
0
0.2004316130525994
0.18489584916094745
0.062092111419228116
0.015535763891651948
9.315305263704111
9.140725720301521
3.7069202248544815
0.8633631653584001
====================
450
0
0.18348282027681884
0.19388711717182527
0.034251309076250847
0.010404296895006437
10.960263587665208
10.75065049778561
4.363193593246583
0.3986321367625416
====================
500
0
0.07801234273405955
0.08858218828040831
0.011526796374798032
0.010569845546348766
12.39945435397256
10.545582184945975
4.621407880450912
2.020194577328732
====================
550
0
0.06096406033227075
0.0663057332565502
0.01844409959302351
0.00534167292427945
12.733513775131017
11.589992114729284
4.82832316649072
1.144085359443969
====================
600
0
0.19885760026574892
0.20343576470455854
0.006562405557341066
0.004578164438809612
13.223892357495709
13.007720024057521
4.830682658713596
0.32310637005535287
====================
650
0
0.19536554193692313
0.1871540215005285
0.0620991364314345
0.008211520436394615
15.555414325196937
14.406313733821682
5.343140643589915
1.162945467769595
====================
700
0
0.06433357100988202
0.08911346003004228
0.05324784888463263
0.024779889020160262
16.631048083127496
15.203533002221928
5.730987937486378
1.4959648898781202
====================
750
0
0.14184761253358613
0.12651257380461733
0.051110171777408286
0.015335038728968797
17.2707510625475
16.717157329047296
6.11117367759473
0.6494711099793129
====================
800
0
0.23797872153337282
0.2705993526491939
0.03821082691237323
0.032620631115821065
19.00935783249074
18.97730774078393
6.622141554972297
0.7870253016307363
====================
850
0
0.23001927123697907
0.17403578641500683
0.050679446260164074
0.05598348482197224
21.50742355413308
20.471859081504345
6.820252795130517
1.1576780337561656
====================
900
0
0.10522354607016826
0.15882465798371737
0.026204736845172327
0.053601111913549104
23.355679806534873
21.656278269717966
7.432285810232991
2.5024040181203064
====================
950
0
0.18185055035139475
0.1889130484549182
0.04693985621212682
0.00706249810352344
24.68881434932902
22.59410398557858
7.239936628423754
2.099368539738655
====================
1000
0
0.2803127773619689
0.2771296285596878
0.027188042338192095
0.003183148802281064
24.52226137040034
24.2982888255458
6.754582182601427
0.4227316769171925
