====================
0
4
0.0
0.00016885787887211345
0.0
0.00016885787887211345
0.0
0.03208064619964406
0.0
0.03208064619964406
====================
50
4
0.04491367045967731
0.042773427938815445
0.03158975761765337
0.002140242520861868
0.795445087631689
0.7227006762496043
0.2848049755474582
0.14831339150306824
====================
100
4
0.1574871641019211
0.1425077691368819
0.09387589767941185
0.014979394965039194
3.4409223799265543
1.713950160528829
0.904659872001797
1.9181709838393215
====================
150
4
0.022630301847869516
0.032327517428569985
0.09320586335948122
0.009697215580700469
3.7712594945724294
2.5071927948448587
2.109164550988936
1.9718202373260838
====================
200
4
0.11156314798682083
0.14424482305703154
0.11282416745088078
0.032681675070210706
2.213166805332683
2.0766388243163245
2.4132601331503745
0.28165067960927076
====================
250
4
0.1725844680137565
0.18582428277483154
0.14363377489221096
0.013239814761075053
4.6372024584807985
3.7741029394066437
3.3351796475395767
0.8788414924548174
====================
300
4
0.045573661097417784
0.06306070068981695
0.16361547769961993
0.017487039592399167
6.034330153732686
5.392503189881911
4.750483792619516
1.3181531565073752
====================
350
4
0.05737524892522328
0.057467558870302415
0.1732389681613773
9.23099450791387e-05
6.673320517261042
7.110460850738957
6.533811998418951
0.5213643985278136
====================
400
4
0.3266612096223793
0.30432009961690787
0.23885889760251644
0.02234111000547142
8.957302607328899
9.49541006222457
7.969768683314438
1.1011223056257686
====================
450
4
0.10649561546046682
0.08396817385939004
0.22613355128566903
0.02252744160107678
11.337744202688425
10.27170341910537
10.065652417183168
1.2981379421777293
====================
500
4
0.05516732451292494
0.05514474757655874
0.18238205511615346
2.257693636620317e-05
11.005865142491746
10.422692090250868
11.729340717588718
0.9991994674343638
====================
550
4
0.014640892536838868
0.008296980118154718
0.1787644855912538
0.00634391241868415
10.717614438486615
11.357156114133394
13.650840475706477
0.6395472881058772
====================
600
4
0.11569186147608099
0.12386460615096509
0.15912759537356003
0.0081727446748841
12.980679280788905
13.000731242598883
15.417281385222138
1.4099051636261946
====================
650
4
0.22541446974302093
0.2176810827572473
0.13136978516276732
0.007733386985773638
13.279453622222979
14.284872147723926
16.50903409876716
1.1007394703416655
====================
700
4
0.10881879874488698
0.1191249450391152
0.16290864017678874
0.010306146294228213
15.153067303290847
15.08258532142092
18.058827977289003
0.14053012192590128
====================
750
4
0.12104834652039176
0.1311371053643493
0.16351222122611642
0.010088758843957546
16.120324220585232
16.928855158725217
19.689210908062073
0.9743621593729289
====================
800
4
0.234598204241574
0.20995109408509022
0.17610301417891244
0.024647110156483763
19.10860761887395
18.973808672624028
21.333067327521956
1.121436518516832
====================
850
4
0.1880943186796573
0.18210627569385585
0.20343090562949184
0.005988042985801467
20.659193176922557
20.831574751886237
23.1111587759597
0.20192666769250178
====================
900
4
0.0010331356548993753
0.004612562369693762
0.14298007338935692
0.003579426714794387
21.571634269034107
21.305937121149277
24.845027073805305
0.5954223788587855
====================
950
4
0.0016641681894986604
0.021323844621466748
0.1485776334775022
0.022988012810965408
21.46567003689383
21.887809113385437
26.381533976572754
0.6213499506732483
====================
1000
4
0.23061198823518056
0.22682439970495427
0.18757953222984722
0.003787588530226304
23.993660694995203
24.03050987909619
27.927059277862334
1.7091782653398964
