====================
0
1
0.0
6.361457542973192e-05
0.0
6.361457542973192e-05
0.0
0.05198762841485361
0.0
0.05198762841485361
====================
50
1
0.033804415117946185
0.022433246938462936
0.015900803323606327
0.011371168179483249
0.6027060919020462
0.5859211944657191
0.08622332905816993
0.03311098992039965
====================
100
1
0.004668983446018515
0.03202493533619588
0.02393222126732031
0.036693918782214396
1.5286194914101943
1.2027142392398036
0.5982256441373291
0.36295338125950843
====================
150
1
0.020009673716743226
0.0004322272284325024
0.026139913058869757
0.02044190094517573
2.3501075450251316
2.251972722865858
0.4413265755525876
0.8752969481840618
====================
200
1
0.15313574431166355
0.17281125797489574
0.026033164770279362
0.01967551366323218
3.336646932323815
2.3166311684397374
0.6636806390837113
2.027063538278319
====================
250
1
0.15971587931317632
0.1744778158884075
0.02931434470512473
0.014761936575231172
2.542404015289363
3.7309408405276523
0.2877993200905199
1.5524896525100742
====================
300
1
0.2694629724213429
0.26993015943739085
0.06532572157743255
0.0004671870160479763
4.871234081961774
4.795323086610234
1.0414842991099051
0.117898292175866
====================
350
1
0.23136204601083565
0.2369588556045179
0.04112215699158073
0.00559680959368225
7.197279550456995
7.27037373839523
1.8976939705025497
0.08718082485756996
====================
400
1
0.3103680355139446
0.2032418492047141
0.015514226837272214
0.10712618630923047
9.132654808538367
9.042560047825573
1.4529265440962307
1.406369307646624
====================
450
1
0.06722337046294746
0.049737906733256176
0.019776767400039308
0.017485463729691286
11.605221153224933
10.75229370991655
1.039058358165475
2.523133270742137
====================
500
1
0.023789154418553782
0.020235729708038885
0.05369057610710026
0.0035534247105148964
11.022625562339119
10.468251632773555
0.5739450759230639
0.5756656986437418
====================
550
1
0.030974395730417825
0.028158289913844392
0.06766041743403117
0.002816105816573433
10.610601383690375
11.125985025973115
0.8284142028234632
0.5889132705092773
====================
600
1
0.1007419386668813
0.11271761188235514
0.0011067079624149934
0.01197567321547384
12.351892733601789
12.914320296955168
0.8745642943275264
1.7499469991556116
====================
650
1
0.22960429467240084
0.21545176138324562
0.059296618992829675
0.014152533289155222
13.871498528606857
14.518399143912808
0.9415394346845192
0.8835070785975891
====================
700
1
0.15872590668634734
0.14194285588326228
0.06366548996083576
0.016783050803085064
15.58143376715741
15.092701411536632
1.64838673984824
0.5857227092975427
====================
750
1
0.1867531250115131
0.19109707842888013
0.06072136545629703
0.004343953417367041
16.91137973719354
17.186378551816386
1.8747698152888663
0.29010408793896375
====================
800
1
0.27191122708084975
0.27194359677040203
0.0911695933008777
3.236968955230637e-05
19.032217369515585
18.761087663577925
2.7579417153526276
0.6628823539347389
====================
850
1
0.08569641782682957
0.07981679905726158
0.07140689421177382
0.005879618769567996
22.07194512617259
20.451246784875536
4.060254486634222
2.2969640507146583
====================
900
1
0.07894590455973471
0.09289569032839129
0.07234816408160194
0.013949785768656575
22.59405762601362
21.55693500512912
4.276511256157471
1.4118725550711382
====================
950
1
0.07961840619979754
0.0819075214458036
0.09407726216489731
0.002289115246006057
23.22161745779627
22.353332742425263
4.97374275544752
0.898319665210288
====================
1000
1
0.238755879593873
0.23428561715720952
0.09709246403432498
0.004470262436663487
24.232589697698597
24.358175645370007
5.803133550666134
0.935279521021378
