====================
0
2
0.0
0.00012832607810069288
0.0
0.00012832607810069288
0.0
0.009915795524372812
0.0
0.009915795524372812
====================
50
2
0.027799237739231097
0.01295923648025954
0.008472308239421578
0.014840001258971558
0.6001150526296061
0.17469728430413692
0.09437400205228984
0.42628741315425855
====================
100
2
0.0487483189315534
0.031775816807459556
0.02386693423110442
0.016972502124093847
1.1924017841374392
1.1906513230939026
0.4859872377859833
0.21368818500005846
====================
150
2
0.09582891020057982
0.10663331891487737
0.057726129769378076
0.010804408714297553
2.620647342250735
2.4364454322872886
0.08663059210033157
0.5127965879151296
====================
200
2
0.1395267450401739
0.2697257795934592
0.07609396341465467
0.1301990345532853
2.630521181816663
1.5766911254539655
0.9596393573922586
1.3765207240903792
====================
250
2
0.1940472829677451
0.09423543762358744
0.11426502006811701
0.09981184534415766
3.1820569952780673
4.076047297528829
2.375195079046043
1.2191564068242164
====================
300
2
0.06455058859117946
0.08792604720270791
0.08926807620356358
0.023375458611528455
4.030815371353286
4.828124405832054
2.0412288620722845
1.0580904971107958
====================
350
2
0.13947084831407275
0.14712285292845118
0.10457584747802007
0.007652004614378427
5.437622476960234
6.906917594895278
2.1616813618797606
1.762050668944709
====================
400
2
0.24876996455153566
0.21456067794007797
0.060087620843532114
0.0342092866114577
8.432383698360917
9.004256130495538
3.0627214955761652
1.348182973694255
====================
450
2
0.14012354944522243
0.1303693665678467
0.08458455636721851
0.009754182877375728
10.468222192465143
10.312464361642155
3.9232023441460795
0.40529351679500997
====================
500
2
0.053818653760313584
0.04208025512754343
0.1372080806307734
0.011738398632770153
11.150323040964174
10.539210993652073
4.4958875158216784
1.123234677151423
====================
550
2
0.04343602609035213
0.06778854264196155
0.19055668818862537
0.024352516551609416
12.14608265177647
11.90376623874646
6.3266278306409856
0.2429279428298212
====================
600
2
0.21543292271996833
0.21767306388501298
0.22203860848377854
0.0022401411650446296
13.639695710227544
13.168770144304156
8.428850505294932
1.050180603726116
====================
650
2
0.2611034615297332
0.2294939778975542
0.2760816271416955
0.03160948363217897
16.579139555494532
14.915515692361346
11.05493649313227
1.8828639406378018
====================
700
2
0.012556848466005466
0.025096385028111623
0.26004396081752157
0.012539536562106157
17.53062719633262
15.199626068436693
13.203291926553357
2.5008134779107225
====================
750
2
0.1199231855213645
0.12122245204371329
0.23906954620117404
0.0012992665223487965
17.308485758709967
16.864211483283352
15.447355897610773
0.44459975568077115
====================
800
2
0.22795879690961166
0.2389921272919513
0.22757965846151681
0.011033330382339637
18.771014997890983
18.607454180921124
17.524631622702216
0.4761753481208189
====================
850
2
0.17865098116242573
0.1753103306001531
0.22592569354091463
0.003340650562272618
20.91531962473313
20.36662253488598
19.573099623644453
0.6261716730491623
====================
900
2
0.07472242879192992
0.07675503834863173
0.20734894457218056
0.0020326095567018143
21.796688990355516
21.29225931162895
21.623868801743345
0.9617263634171461
====================
950
2
0.004583656138279046
0.009991876836903169
0.17436124451729929
0.005408220698624122
22.724245862985835
22.141744200453484
23.429723711698596
0.5825500835743296
====================
1000
2
0.27493506635483206
0.3087598373606342
0.2052835365012733
0.033824771005802196
23.811926595492828
24.08356972743898
25.006333693234517
0.6990516304971369
