====================
0
0
0.0
4.788937776605713e-08
0.0
4.788937776605713e-08
0.0
2.827092378898467e-07
0.0
2.827092378898467e-07
====================
50
0
0.02733045669371914
0.02206590104716888
0.0
0.005264555646550262
0.17371363019296587
0.16178516463199555
0.0
0.04135389970315261
====================
100
0
0.0018240517325525119
0.015679100622961517
0.0
0.01750315235551403
0.2877997814088506
0.11076825210582822
0.0
0.25274688928705763
====================
150
0
0.027207507476533666
0.04215990844884754
0.0
0.014952400972313873
0.11019540625388491
0.3293929370868731
0.0
0.4297866690367263
====================
200
0
0.0016902029543692152
0.008814982798586902
0.0
0.0071247798442176866
0.18820317310092993
0.48156128828271216
0.0
0.3816578086243999
====================
250
0
0.027332410958077036
0.030984859954167998
0.0
0.0036524489960909623
0.21375003337275458
0.34573649366117626
0.0
0.32349146648404287
====================
300
0
0.0018151232034302467
0.014486131711376693
0.0
0.01630125491480694
0.39268405941885465
0.6622486577901654
0.0
0.7454918647662861
====================
350
0
0.02721018195999636
0.059234030551573724
0.0
0.032023848591577364
0.2520771877500876
1.012252186374505
0.0
1.0374101708127788
====================
400
0
0.00168842448610653
0.0056056321769181105
0.0
0.0039172076908115805
0.37765314382728504
0.9424928349025945
0.0
0.6697001736256535
====================
450
0
0.02733179834201027
0.026003650390216126
0.0
0.0013281479517941452
0.36467513543398977
0.5843458960613132
0.0
0.4167515805439794
====================
500
0
0.0018124219215343018
0.02003118581221619
0.0
0.021843607733750492
0.545264473853298
0.8996974937423927
0.0
0.8022407779719357
====================
0
0
0.0
3.607882589968845e-08
0.0
3.607882589968845e-08
0.0
2.3323465298688115e-07
0.0
2.3323465298688115e-07
====================
50
0
0.027330676631468487
0.030402943223281076
0.0
0.003072266591812589
0.17371553260012884
0.20414517140332322
0.0
0.06229087633528926
====================
100
0
0.0018239490384441837
0.0006196647698564206
0.0
0.0024436138083006043
0.2878020971772447
0.24238734795587538
0.0
0.189684999216412
====================
150
0
0.027207403999633506
0.019602440678085475
0.0
0.0076049633215480306
0.1101988524957704
0.3377416259699969
0.0
0.2932775248453362
====================
200
0
0.0016904153295087495
0.01565502707072969
0.0
0.01734544240023844
0.1882026331841989
0.7768531739584713
0.0
0.650005507995014
====================
250
0
0.027332525313641165
0.03094928960599952
0.0
0.0036167642923583543
0.21375385345567705
0.6823636110285173
0.0
0.4869459372708384
====================
300
0
0.001814873457565369
0.019445483182098933
0.0
0.021260356639664302
0.3926885897908571
1.1690866208886879
0.0
1.2334580022572865
====================
350
0
0.027209915402829132
0.029109970275253083
0.0
0.0019000548724239508
0.25208075694894777
1.015765270531582
0.0
0.872957383296041
====================
400
0
0.001688182301823344
0.04671255226107818
0.0
0.04840073456290152
0.3776526455096616
2.977037019498139
0.0
2.8430529430204876
====================
450
0
0.02733163954987705
0.0814696427726529
0.0
0.05413800322277584
0.3646785497175685
3.596548773527355
0.0
3.3557399844104028
====================
500
0
0.0018125393625427755
0.05792774006921375
0.0
0.056115200706670976
0.5452698886278183
3.8869873529539536
0.0
3.4524442370880086
====================
0
0
0.0
5.663630091724762e-08
0.0
5.663630091724762e-08
0.0
8.262921525169456e-08
0.0
8.262921525169456e-08
====================
50
0
0.02733045669371914
0.028056902045325183
0.0
0.0007264453516060421
0.17371363019296587
0.17843970546430743
0.0
0.009113446757435186
====================
100
0
0.0018240517325525119
0.0014179506956306653
0.0
0.003242002428183177
0.2877997814088506
0.2320477821934765
0.0
0.07040518701693217
====================
150
0
0.027207507476533666
0.024635765138058652
0.0
0.0025717423384750138
0.11019540625388491
0.16301141688779863
0.0
0.09748514070557077
====================
200
0
0.0016902029543692152
0.0011612060755170751
0.0
0.00285140902988629
0.18820317310092993
0.33984391503716765
0.0
0.17830427492592799
====================
250
0
0.02563171905558015
0.019569106877344034
0.0
0.006062612178236115
0.20998287099969462
0.3514317530834383
0.0
0.21346105268511717
====================
300
0
0.00011395903290756237
0.01490408327833359
0.0
0.015018042311241153
0.37117405693251976
0.5941209467315046
0.0
0.6505963717965912
====================
350
0
0.028910911627676894
0.02823801373400925
0.0
0.0006728978936676455
0.22465375602169668
0.47398728236074206
0.0
0.3307958089212327
====================
400
0
0.0033892302104956435
0.01315782012298557
0.0
0.016547050333481212
0.38310921647454266
1.0064137308275383
0.0
0.8921959748101536
====================
450
0
0.025630782586137046
0.03611310646447885
0.0
0.010482323878341804
0.3467606403451979
0.7539369129406966
0.0
0.48893505119570607
====================
500
0
0.00011131258774588204
0.007463333528594518
0.0
0.0075746461163404
0.5031961867496819
0.9847066073683565
0.0
0.8626972029381146
