====================
0
3
0.0
3.9865150666868756e-08
0.0
3.9865150666868756e-08
0.0
6.774194920567038e-07
0.0
6.774194920567038e-07
====================
50
3
0.027330624100534884
0.02008059348467195
0.0
0.007250030615862935
0.17371509553616948
0.13978592605699777
0.0
0.054339756636070394
====================
100
3
0.0018239109210105298
0.005144202875100312
0.0
0.006968113796110842
0.2878005996190046
0.19828560450133587
0.0
0.15854168477550232
====================
150
3
0.027207598139605826
0.02897321011857823
0.0
0.0017656119789724034
0.11019643161189525
0.18991734523959677
0.0
0.20189470597464643
====================
200
3
0.0016902100988546989
0.015859558486710505
0.0
0.0175497685855652
0.18820206035871856
0.5234741733008157
0.0
0.38984544658897013
====================
250
3
0.027332852947675512
0.0484925125703779
0.0
0.021159659622702387
0.21375090789532233
0.803844715142491
0.0
0.6021891191109908
====================
300
3
0.0018150098101603618
0.020952344104042453
0.0
0.01913733429388209
0.39268483456933756
0.9492102043415798
0.0
0.5592287140038771
====================
350
3
0.02720995717463337
0.013979349037049227
0.0
0.013230608137584143
0.25207716389739343
0.8470421248845905
0.0
0.5989583611165866
====================
400
3
0.0016881504570385275
0.03695885472937513
0.0
0.038647005186413654
0.3776520426072406
1.3474436972477175
0.0
1.1539894651805707
====================
450
3
0.02733151583441873
0.059621177414916016
0.0
0.032289661580497286
0.36467528299701263
1.5376808406381757
0.0
1.257383090493968
====================
500
3
0.0018123410085166825
0.0031975955690102253
0.0
0.001385254560493543
0.5452650673279971
0.9570969367286535
0.0
0.41914576361813066
====================
0
3
0.0
3.145118479515047e-08
0.0
3.145118479515047e-08
0.0
2.462806650482425e-07
0.0
2.462806650482425e-07
====================
50
3
0.02733055232243453
0.016545531778645595
0.0
0.010785020543788937
0.17371528968051825
0.13891911432368978
0.0
0.09146238261982725
====================
100
3
0.001823823504515154
0.01157508816274433
0.0
0.013398911667259483
0.28780076531161214
0.18884903169825504
0.0
0.23255874844132504
====================
150
3
0.027207543759220965
0.027888977538883752
0.0
0.0006814337796627878
0.11019654198817273
0.36641531051761106
0.0
0.3211223439400505
====================
200
3
0.0016903025213628755
0.024703842406297874
0.0
0.026394144927660748
0.1882019265524127
1.072475501098581
0.0
0.9681991022914751
====================
250
3
0.02733254831739429
0.036440060043588574
0.0
0.009107511726194284
0.21375089469289713
1.039193878115041
0.0
0.8261454377968038
====================
300
3
0.0018147939602846108
0.005195650079734548
0.0
0.007010444040019159
0.39268494469040033
0.809773689347006
0.0
0.60023760693861
====================
350
3
0.027209792587329806
0.022094457345439134
0.0
0.005115335241890673
0.25207737675714736
1.1252348015477878
0.0
0.8733223431642306
====================
400
3
0.0016884753596109981
0.060445174963055355
0.0
0.06213365032266635
0.37765194349985387
4.019289395742793
0.0
3.900531202377226
====================
450
3
0.027331394316261415
0.07957477840190497
0.0
0.05224338408564355
0.36467532595250773
4.4813498144752995
0.0
4.235221485590155
====================
500
3
0.001812067022698205
0.049490972049369475
0.0
0.04767890502667127
0.5452653961707532
4.872610314789934
0.0
4.453557998065571
====================
0
3
0.0
6.019313544820616e-08
0.0
6.019313544820616e-08
0.0
1.5447193312517276e-07
0.0
1.5447193312517276e-07
====================
50
3
0.02733077108568671
0.02464636928896402
0.0
0.0026844017967226907
0.17371506597875108
0.15337405760250575
0.0
0.03179481858580963
====================
100
3
0.001824063504854756
0.0012711396401869912
0.0
0.003095203145041747
0.2878020131322598
0.2442452224195657
0.0
0.07006816633986163
====================
150
3
0.027207297455617896
0.028360723765360474
0.0
0.0011534263097425779
0.11019884500024801
0.16824513170217542
0.0
0.10694182866964662
====================
200
3
0.0016904282942425343
0.0058046875385396315
0.0
0.007495115832782166
0.18820316100234233
0.45768441072351174
0.0
0.3278098583170747
====================
250
3
0.02733267861203692
0.0264432841557527
0.0
0.0008893944562842204
0.21375404896846814
0.4831060069068113
0.0
0.27187253490337165
====================
300
3
0.0018151394597651915
0.004252911517506952
0.0
0.006068050977272144
0.39268881882565776
0.4886908722378208
0.0
0.26658733775774224
====================
350
3
0.027209934255896684
0.019241088295648634
0.0
0.00796884596024805
0.2520810784949311
0.6871503432414655
0.0
0.4421095001035432
====================
400
3
0.001688238005372177
0.028026967873158795
0.0
0.02971520587853097
0.3776531422452434
1.7124160521550345
0.0
1.5821216655969117
====================
450
3
0.027331516674684142
0.04386243801649137
0.0
0.016530921341807225
0.3646788571573541
1.4963468135863158
0.0
1.2311859768092954
====================
500
3
0.0018120613282741616
0.00032235786142598144
0.0
0.0014897034668481801
0.5452700963395501
0.8639671731154797
0.0
0.35418912501665034
