====================
0
1
0.0
5.5841765093456585e-08
0.0
5.5841765093456585e-08
0.0
1.0281354189789965e-06
0.0
1.0281354189789965e-06
====================
50
1
0.027330662636758207
0.027750714182700253
0.0
0.0004200515459420462
0.1737135442340876
0.18147155101619836
0.0
0.0649618760613505
====================
100
1
0.0018240172807963972
0.0013855699539089272
0.0
0.00043844732688747
0.2877995152477526
0.2916217141798295
0.0
0.18947257067120704
====================
150
1
0.02720743925351976
0.03525794662490078
0.0
0.008050507371381022
0.11019495037621613
0.2928518948451979
0.0
0.35260272011021
====================
200
1
0.0016901725391128635
0.01420223530690239
0.0
0.01589240784601525
0.1882029495558057
0.47487582362434555
0.0
0.29684374922825285
====================
250
1
0.027332530196889193
0.06040605320483028
0.0
0.033073523007941086
0.21374954526492007
0.7635393046387947
0.0
0.5694721077177695
====================
300
1
0.0018147374254251503
0.012201091295192867
0.0
0.010386353869767717
0.39268341995558836
0.7144783177700313
0.0
0.3611661346794841
====================
350
1
0.027210043988104227
0.03162142353448316
0.0
0.004411379546378935
0.2520764586285783
0.5958429162445281
0.0
0.4058527380195921
====================
400
1
0.0016884406881879344
0.021742806721226703
0.0
0.023431247409414636
0.37765290306680194
0.9097798272378015
0.0
0.6503507336863119
====================
450
1
0.02733164958847989
0.0822026010169088
0.0
0.054870951428428905
0.36467447964446326
1.2496450418181522
0.0
1.0017325009780085
====================
500
1
0.0018121769613026473
0.0409313787815595
0.0
0.039119201820256855
0.5452636642707696
0.8729214491148533
0.0
0.3688485059223465
====================
0
1
0.0
3.72620908840582e-08
0.0
3.72620908840582e-08
0.0
3.807935190517861e-07
0.0
3.807935190517861e-07
====================
50
1
0.02733052219393972
0.024247508451921584
0.0
0.003083013742018137
0.17371372951040107
0.16808397897902033
0.0
0.06364874471922814
====================
100
1
0.0018242644647936679
0.006084748089039582
0.0
0.004260483624245914
0.2877997796980223
0.3116026851130229
0.0
0.20363372481525013
====================
150
1
0.027207674788574332
0.01517106772287602
0.0
0.012036607065698313
0.11019538107464784
0.44015180294888123
0.0
0.39758839333167556
====================
200
1
0.0016903889413712896
0.025308385554530365
0.0
0.026998774495901653
0.18820324065503552
1.0232131221723442
0.0
0.9138574997616474
====================
250
1
0.02733251176833451
0.05028875285049139
0.0
0.02295624108215688
0.21375012300170484
1.1004221182699812
0.0
0.8902559323690489
====================
300
1
0.0018149522649921757
0.0034852416646651285
0.0
0.0016702893996729529
0.3926840422718783
0.876440992516304
0.0
0.762115897999245
====================
350
1
0.027210106733889017
0.011055073959253425
0.0
0.01615503277463559
0.25207718190744455
1.0551588306672075
0.0
0.8116307392311872
====================
400
1
0.0016881980172964517
0.06991267390010816
0.0
0.07160087191740462
0.37765310444829614
3.848048901804318
0.0
3.7398983062270506
====================
450
1
0.027331563775361722
0.09975353998342262
0.0
0.0724219762080609
0.3646749657789743
4.591066627283683
0.0
4.370662341263875
====================
500
1
0.0018121685357916917
0.0807832272999609
0.0
0.07897105876416921
0.5452644229468268
4.507868341905949
0.0
4.0904557331455305
====================
0
1
0.0
5.368051578093659e-08
0.0
5.368051578093659e-08
0.0
3.086189068746592e-07
0.0
3.086189068746592e-07
====================
50
1
0.02732982169549647
0.02554528731206651
0.0
0.0017845343834299587
0.18752427328315216
0.18030528091794332
0.0
0.0155000200012094
====================
100
1
0.003524030498283537
0.005650538711829967
0.0
0.0021265082135464297
0.3185700667953763
0.29560406183992544
0.0
0.06540265528482642
====================
150
1
0.025507606895086132
0.02208220360858526
0.0
0.003425403286500872
0.15973806206869287
0.21968342775609215
0.0
0.12062233838820025
====================
200
1
9.530412732350533e-06
0.007768100969535225
0.0
0.007758570556802875
0.19905931241831992
0.441067324438666
0.0
0.26882359987958204
====================
250
1
0.02733226046614079
0.032508092775397124
0.0
0.005175832309256334
0.2843112913225516
0.553489069541523
0.0
0.26919072330300053
====================
300
1
0.0035149323337604343
0.0012275160205850177
0.0
0.004742448354345452
0.46616139621807196
0.4532139478509047
0.0
0.36658975738973776
====================
350
1
0.027211041117044976
0.022380764092642336
0.0
0.0048302770244026405
0.3065496087410282
0.5170918820151565
0.0
0.253230189363877
====================
400
1
0.001689282090567221
0.027675701208362255
0.0
0.029364983298929476
0.39084946936112724
1.5489140687428793
0.0
1.3397827509148297
====================
450
1
0.02733061343719534
0.05008526081878362
0.0
0.022754647381588278
0.41960904989524717
1.44723379184112
0.0
1.1097413940774954
====================
500
1
0.0018111996300360644
3.845265363500161e-05
0.0
0.001849652283671066
0.6015582533625633
0.7674670414628136
0.0
0.4557035607088955
