====================
0
4
0.0
4.983164598493674e-08
0.0
4.983164598493674e-08
0.0
4.3569088328099067e-07
0.0
4.3569088328099067e-07
====================
50
4
0.02733059717520825
0.01772771624978109
0.0
0.00960288092542716
0.17371509108516744
0.12248266239954567
0.0
0.07167006834997476
====================
100
4
0.0018239064547507233
0.0035888091407954015
0.0
0.005412715595546125
0.2878011934418368
0.25289917538574425
0.0
0.11035081503590752
====================
150
4
0.027207384057961637
0.012293773784563422
0.0
0.014913610273398215
0.110197329575202
0.4510986296450831
0.0
0.3606724805047118
====================
200
4
0.0016902016038826992
0.012418675515558779
0.0
0.014108877119441478
0.18820224755107942
0.5460811271438486
0.0
0.4112400885945372
====================
250
4
0.027332484461390916
0.03089328564788074
0.0
0.003560801186489826
0.213752022030606
0.5292348065089699
0.0
0.32727132549299603
====================
300
4
0.0018149609276236767
0.023284528284177597
0.0
0.02146956735655392
0.3926863899359415
0.9019760367982486
0.0
0.509488889818958
====================
350
4
0.027210050026489796
0.00044239008161306437
0.0
0.02676765994487673
0.2520787061343755
1.1557635028649975
0.0
0.9272421627379859
====================
400
4
0.0016881271009065945
0.02154356163688494
0.0
0.023231688737791533
0.3776522933553897
1.2481210854138398
0.0
1.0212300717592822
====================
450
4
0.027331462318728406
0.03694988555259693
0.0
0.009618423233868523
0.3646766005688467
1.1749217287481888
0.0
0.8239411297863404
====================
500
4
0.0018119571529724432
0.007560503348369885
0.0
0.0057485461953974415
0.5452670288997522
0.8225491575820023
0.0
0.28273364410967045
====================
0
4
0.0
3.4423485885607995e-08
0.0
3.4423485885607995e-08
0.0
1.4975077948595857e-07
0.0
1.4975077948595857e-07
====================
50
4
0.02733115535703834
0.02185589560359169
0.0
0.0054752597534466485
0.16051766698819372
0.1260030677770567
0.0
0.05670069433465411
====================
100
4
0.0018246084463999779
0.0005155022317371305
0.0
0.0023401106781371084
0.2708179667282981
0.23258132425132996
0.0
0.143152962890405
====================
150
4
0.02890683712648845
0.009211021258237473
0.0
0.019695815868250977
0.07458970519636954
0.6190282113363418
0.0
0.5592602823413098
====================
200
4
0.0016894263617518576
0.01697382260511512
0.0
0.018663248966866976
0.19132860713915334
1.04954325283834
0.0
0.969188711257024
====================
250
4
0.02733316656981466
0.028892808958222327
0.0
0.0015596423884076671
0.17457188391368797
0.9094464732501505
0.0
0.7372256616642945
====================
300
4
0.0018154577202627031
0.0062418500642076324
0.0
0.008057307784470336
0.3562147937580719
0.9340708814743793
0.0
0.7260408201320138
====================
350
4
0.02720855443341086
0.0008628220879884907
0.0
0.026345732345422368
0.23080304757125372
1.4298484091752341
0.0
1.205826308622007
====================
400
4
0.001686893962508903
0.0627671816419017
0.0
0.06445407560441062
0.3753881802077185
3.571551792339681
0.0
3.471292113030995
====================
450
4
0.027332203361219776
0.05482488081630765
0.0
0.027492677455087877
0.33986343885333836
3.8751618966757815
0.0
3.650958862942316
====================
500
4
0.00011219735056533509
0.034770906911571586
0.0
0.03465870956100625
0.5153565126241586
4.259546354168927
0.0
3.8654621467216073
====================
0
4
0.0
6.510027586569167e-08
0.0
6.510027586569167e-08
0.0
8.675669206727989e-07
0.0
8.675669206727989e-07
====================
50
4
0.027330624708099993
0.02390397692702928
0.0
0.003426647781070713
0.1737155299442176
0.1553476049759332
0.0
0.022364053500384475
====================
100
4
0.0018241500741700278
0.001305817177363
0.0
0.003129967251533028
0.287802175831497
0.2412446864132229
0.0
0.05659841765094596
====================
150
4
0.02720740959498391
0.019973207980956476
0.0
0.007234201614027436
0.1101989289184387
0.2745698958347016
0.0
0.17398375298372512
====================
200
4
0.001690442762901537
0.007136485006388013
0.0
0.00882692776928955
0.18820261831680865
0.4151479825599095
0.0
0.30111248183868916
====================
250
4
0.02733273854567786
0.023653881803867627
0.0
0.0036788567418102325
0.21375388322164043
0.3805358104371275
0.0
0.18472127301025695
====================
300
4
0.0018150897338649052
0.005409091722836656
0.0
0.007224181456701562
0.3926887385802015
0.45474189838511286
0.0
0.21692989834603796
====================
350
4
0.027209803225612283
0.016662944245240396
0.0
0.010546858980371887
0.2520807466882065
0.8309718829885894
0.0
0.6120138360367947
====================
400
4
0.0016881234374804162
0.019485397533676015
0.0
0.02117352097115643
0.3776526441275017
1.5223599433693258
0.0
1.397118030074362
====================
450
4
0.027331453825216734
0.03156522201774292
0.0
0.004233768192526188
0.36467865750972106
1.1561422209206447
0.0
0.8528237096357733
====================
500
4
0.0018122045118924568
0.0035498091278487465
0.0
0.005362013639741203
0.5452699216042717
0.8491521481302118
0.0
0.3656907029129842
