====================
0
2
0.0
4.937517834035146e-08
0.0
4.937517834035146e-08
0.0
3.2814740235012825e-07
0.0
3.2814740235012825e-07
====================
50
2
0.027330573318532947
0.017370078651410603
0.0
0.009960494667122344
0.17371362749423921
0.10379626773082436
0.0
0.08847313616268791
====================
100
2
0.00182398404273032
0.005949818520630146
0.0
0.007773802563360466
0.28779935782245986
0.18896500108219852
0.0
0.1999002718385965
====================
150
2
0.02720781524899052
0.03172845361001908
0.0
0.004520638361028562
0.1101945308445709
0.2756779715917262
0.0
0.2595003071165329
====================
200
2
0.00169063065186951
0.014757540851263318
0.0
0.013066910199393808
0.18820285676929793
0.6025434738255184
0.0
0.4624241700989278
====================
250
2
0.02733248157254664
0.0024192718761755216
0.0
0.029751753448722162
0.2137490363017466
1.0212246251344408
0.0
1.05641722331901
====================
300
2
0.0018148215739479667
0.031087550766025984
0.0
0.03290237233997395
0.3926830477668922
0.9688355744556719
0.0
1.0024841573596597
====================
350
2
0.027210036038067598
0.036182693012105416
0.0
0.008972656974037818
0.25207612964905945
0.8752490755971393
0.0
0.7550680738197523
====================
400
2
0.0016882829315749749
0.011604852854900571
0.0
0.009916569923325597
0.3776529111423674
1.1466247608419473
0.0
0.8673839178045116
====================
450
2
0.02733155019954636
0.004511768219368717
0.0
0.022819781980177645
0.3646740124284157
1.381700623781531
0.0
1.2761976406048625
====================
500
2
0.0018120821691809397
0.01730170874503978
0.0
0.01911379091422072
0.5452632213983342
0.9740370087245103
0.0
0.7813376029506666
====================
0
2
0.0
3.0494148882533384e-08
0.0
3.0494148882533384e-08
0.0
3.0101283968278844e-07
0.0
3.0101283968278844e-07
====================
50
2
0.02733075148902908
0.02281229720879341
0.0
0.004518454280235673
0.1737150394084223
0.14065737652781637
0.0
0.06264262824478595
====================
100
2
0.0018240326942038365
0.002738100808995725
0.0
0.004562133503199561
0.2878020765854648
0.20485562071927815
0.0
0.2060173666070877
====================
150
2
0.027207425169027966
0.013333338496391178
0.0
0.013874086672636787
0.11019880089345432
0.46035601004133725
0.0
0.3922738913678472
====================
200
2
0.0016901293051794688
0.0021679934758749445
0.0
0.003858122781054413
0.18820307383217585
0.7468025962172398
0.0
0.5898433771953568
====================
250
2
0.027332810750921865
0.011695640243723382
0.0
0.015637170507198483
0.21375399563667383
0.8483305113671201
0.0
0.7572997347605142
====================
300
2
0.001815079244788187
0.016943894162636308
0.0
0.018758973407424495
0.39268878049352157
1.2320320844420258
0.0
1.236881409062278
====================
350
2
0.027210161852923687
0.008530878682265541
0.0
0.018679283170658145
0.2520812003270104
1.2751007135118049
0.0
1.058190987544442
====================
400
2
0.0016881078503635277
0.05405670976622455
0.0
0.055744817616588074
0.37765308358264976
2.6733324748426424
0.0
2.4894928321364964
====================
450
2
0.02733163795771354
0.06951314809544851
0.0
0.04218151013773497
0.3646790151640145
3.559460576771024
0.0
3.2859546356251235
====================
500
2
0.0018120370854473045
0.03736398207953018
0.0
0.035551944994082874
0.5452702024899851
3.9984967376804006
0.0
3.538191663612988
====================
0
2
0.0
6.184812409370806e-08
0.0
6.184812409370806e-08
0.0
6.210521548961269e-07
0.0
6.210521548961269e-07
====================
50
2
0.027330727780252806
0.024049576790388993
0.0
0.0032811509898638125
0.17371397436377123
0.14369807976938156
0.0
0.040197850879720096
====================
100
2
0.0018236685383223872
0.0033015382906218527
0.0
0.00512520682894424
0.28779936710639065
0.2138582990464586
0.0
0.09305180507403728
====================
150
2
0.027207740740913477
0.0188454522433823
0.0
0.008362288497531178
0.11019449759597127
0.23732798174630104
0.0
0.1463832449481864
====================
200
2
0.0016904867855108466
0.006863310861729576
0.0
0.008553797647240423
0.18820247206300236
0.347837442019556
0.0
0.2084206212560952
====================
250
2
0.027332602311642917
0.0177882004077623
0.0
0.009544401903880617
0.21374889393210839
0.4010572466763924
0.0
0.3645278365852754
====================
300
2
0.0018149480188727196
0.009793041070282449
0.0
0.011607989089155168
0.39268279069086875
0.5584144247790801
0.0
0.5815026871696065
====================
350
2
0.027210051933176382
0.02433823531251078
0.0
0.0028718166206656015
0.25207596847255237
0.5717485703087124
0.0
0.3268064552031322
====================
400
2
0.001688543550880917
0.008383624095492247
0.0
0.010072167646373165
0.3776526213802062
1.0352245530476814
0.0
0.8263691549886794
====================
450
2
0.02733156937401371
0.018607650578926105
0.0
0.008723918795087604
0.3646739172750068
0.789447418818822
0.0
0.4383083083247601
====================
500
2
0.001812081818321598
0.016273803251342756
0.0
0.018085885069664354
0.5452629590625541
1.0997443798217452
0.0
1.0203666858173974
