====================
0
1
0.0
0.0
2.6049341617095934e-07
1.685884742272914e-07
0.0
0.0
-3.4929037440178945e-10
-7.345318106693646e-11
0.0
0.0
-2.0022625955804296e-08
-0.028792489768800986
====================
50
1
-0.6154811181591988
-0.053501272317926514
-0.7905641107990231
-0.06872052533981675
0.4530371161467244
0.04069982083038209
0.4445191602509464
0.03993458710792703
-0.043740259891366984
-0.03518021340002761
-0.010753740574120485
-0.008649214457931534
====================
100
1
0.13778182152671192
0.006654113276225103
-0.3744121590568099
-0.01808207273466055
-0.8151261067128885
-0.044055915914438054
-1.1145027799638
-0.0602366190410673
-0.04198775205621117
-2.4711169980107313
-0.029593574579891268
-1.7416789800598467
====================
150
1
0.08010891310185997
0.0026494564112910153
0.11202421161084075
0.0037049967872460404
-0.970971760623307
-0.038096846423113784
-3.395948168133046
-0.1332427173156592
-0.06124320014080453
-0.04857399272622997
-0.21287306106305182
-0.16883661363080354
====================
200
1
1.1824195473652992
0.030249303132009624
0.9783580396037479
0.02502889010720102
-2.21626867492542
-0.06749721468512332
-5.835526273497749
-0.1777229332071888
-0.12517469129783304
-1.2495184569270374
-0.33325082689910557
-3.3265754816671813
====================
250
1
1.8267578388564232
0.0381234910065385
1.8328586555220951
0.038250811894036035
-2.85116672429546
-0.07075053883456477
-7.03600508017437
-0.1745955949973712
-0.3128570302990774
-0.20685628269233539
-0.45687051811766977
-0.3020757978786617
====================
300
1
4.641854512307738
0.0843096122989638
4.150540069194108
0.07538590947588719
-7.4438128870669615
-0.14597357080213907
-11.32098336750964
-0.22200509231206061
-0.30752928681891256
-1.0884723248418797
-0.38689580740408047
-1.3693830051531766
====================
350
1
4.899090415930019
0.0762242772739389
5.2891392787138045
0.08229299414647122
-8.005520707047978
-0.13711613410284715
-13.817511025239007
-0.23666214404220468
-0.09595781135889925
-0.07406795552638921
-0.1823478521544457
-0.14075073631257332
====================
400
1
4.815342765688854
0.06479962462871773
7.22822281471305
0.0972695294847063
-9.06003478553518
-0.1382320517563588
-16.748047421043367
-0.25553069195935363
0.0966668654904094
-0.7945447454460001
0.007572373923962622
-0.062240457278856666
====================
450
1
4.047692878434049
0.04787281417691353
8.349759263631853
0.09875415098302968
-8.44071963857121
-0.11763756718899475
-23.941035573287337
-0.3336641070219741
0.00038417610563223903
0.0003203615363374515
-0.5140265438927584
-0.4286428304766894
====================
500
1
3.7347666721783668
0.039388222371382335
9.910482851970343
0.1045195956387544
-8.08813058950092
-0.10436021211395549
-27.523836041330476
-0.3551368682389466
0.2213670352274425
-0.8985387115024219
-0.20147636864372692
0.8178016048926097
