====================
0
3
0.0
-0.0
2.0657191601713976e-07
-5.106800060483734e-08
0.0
0.0
-3.510809420959049e-10
-1.194588007917353e-10
0.0
0.0
-1.9827107638594312e-08
-0.02798808522717437
====================
50
3
0.9162903928475385
0.21204551964380539
0.6668617804605281
0.15432340431825778
-0.8080652520153286
-0.07581426582499518
-0.5946669982096626
-0.0557928233730858
-0.23102187658880946
-0.1604914228860146
-0.17292531346666906
-0.12013160840465684
====================
100
3
1.8769551998330396
0.14153387271264914
0.23913897827660513
0.018032537865072494
-3.028539586023033
-0.15881422356761452
-1.4306300157873046
-0.0750211079354394
-0.08631126930571406
-1.2298739271196373
0.05942817313036659
0.8468090118163857
====================
150
3
1.3760633026454379
0.05938074935122094
0.522753952357391
0.022558207429569547
-4.710827835804807
-0.17028307773664308
-4.200347917157824
-0.15183067516542734
-0.10597270956764926
-0.08062339285910222
-0.021244452212906273
-0.01616265002400618
====================
200
3
2.9105960365271955
0.0922826285168393
1.3814985131806168
0.04380144564497056
-5.136717401319281
-0.14984014872741533
-4.741637540410721
-0.13831550750371457
-0.07393740545775446
-1.279081160027913
-0.08375739371198597
-1.4489621815476583
====================
250
3
3.639421146931248
0.09048258903842327
2.8945481040106245
0.07196369861398956
-5.3284300411823935
-0.12875043162738578
-7.027020714557125
-0.16979334307878952
-0.14623078759408492
-0.1079453331955157
-0.3219618913116762
-0.23766734902892037
====================
300
3
5.255961697659622
0.10835517322204272
4.065822367065948
0.08381965322724026
-6.746648053200097
-0.13770163485374787
-10.901093685247048
-0.22249543926341003
-0.06689253408324049
-1.3178140656583406
-0.3370295636443206
-6.63963931999484
====================
350
3
5.112419330658582
0.0880518355478474
5.3702316805856825
0.09249216979465903
-7.788082552339731
-0.13675582952030577
-14.553718093308795
-0.25555787025616344
-0.0756127928433834
-0.058885877682323624
-0.3290469085887503
-0.2562557906178361
====================
400
3
7.175361721135431
0.10888335879098719
7.383534908094504
0.11204230696492555
-8.99886611785773
-0.13984178149752785
-17.772677595585307
-0.27618622884229715
-0.13134463808717137
-1.1400224526935365
-0.40417966617554957
-3.508128699220264
====================
450
3
6.461100631432728
0.08498660675051496
8.590944974692576
0.11300168559944096
-10.212453119826897
-0.14090685438444756
-23.064472830806345
-0.31823326643379135
-0.15904514013518334
-0.11630452615906424
-0.4675526897195864
-0.341906039920569
====================
500
3
8.020234887316846
0.09506388798906014
10.696964191496406
0.1267911750728789
-11.462496078695281
-0.1434292788672975
-26.966164599859134
-0.3374254190205042
-0.0620792453662614
-1.351107492624024
-0.3123633007177191
-6.798349328032397
