====================
0
2
0.0
0.0
-2.03042265445319e-07
-1.314067095478488e-07
0.0
-0.0
-5.30683053057146e-10
1.1159867538086359e-10
0.0
0.0
-2.356251311734407e-08
-0.033424077625292564
====================
50
2
-1.296353773941906
-0.10639001940430352
-0.6625626790843153
-0.0543756324093569
0.16703325874172337
0.08760671959716773
-0.5040632664791902
-0.26437446996083935
-0.11877549951526012
-0.09009370315808161
-0.25548871887917635
-0.1937935423793504
====================
100
2
-0.2625212653527704
-0.012437895477592137
-0.10471865289186866
-0.004961425343859553
-0.6344491691058511
-0.0720077632070519
-1.3574322288990164
-0.1540638135690792
-0.08404979369702775
-1.4232829883687066
-0.1569142425157197
-2.65715550487167
====================
150
2
0.07782600079072566
0.0025737589365352562
0.4917624225430721
0.01626291877795276
-0.6686329384384013
-0.04265863664719038
-2.570607318699702
-0.16400419014224402
0.02185500754022418
0.01855697532059964
0.013375663678524052
0.01135720773933285
====================
200
2
0.32533512833105505
0.008144325388346583
1.144942217069456
0.028662081511160602
-0.7831380920798168
-0.03577398259892954
-4.832044816467672
-0.22072925443134273
0.06229464501442192
-0.7136436122443374
-0.0209329268851534
0.23980631968781602
====================
250
2
0.7906686281584783
0.016151604934671226
2.053133238337054
0.04194095448190154
-0.22787567951975163
-0.008090734025003736
-6.610241971790455
-0.2346968739594572
-0.05776034127667895
-0.04593852152042563
-0.18316758784121268
-0.14567864368359226
====================
300
2
0.46468816870789453
0.007844903093557459
2.9949679929740967
0.05056129089431863
-1.4903344064522557
-0.041945551739831735
-10.840009895876335
-0.3050927321943535
-0.009305676829209245
0.5930714387735275
-0.28809725235348904
18.36107733976647
====================
350
2
0.20462903030907853
0.002967078280575296
5.060720213023885
0.07337938808316473
-0.37628952888975675
-0.009123237496731416
-14.691309459296498
-0.35619461888987825
-0.021529457740969482
-0.01763106769869307
-0.49515113995107773
-0.40549294713306516
====================
400
2
0.13825505453061737
0.0017503218213241831
6.422039557809228
0.08130361680882559
-2.5873773686646757
-0.05220802369958048
-18.863757135247297
-0.38063233121977447
-0.10130994543263115
-1.327547406515231
-0.524978616417825
-6.879225901517076
====================
450
2
0.4250658118164097
0.0048207834340407525
8.39569472874122
0.09521778731774364
-2.9773035134810186
-0.05243768919442667
-23.28490951616513
-0.4101049297125344
-0.10179665996521359
-0.07822230774734501
-0.45069584222558234
-0.34632245186694405
====================
500
2
1.1160782881908204
0.011454233064539535
10.405809195675303
0.10679408874229
-4.327151476867122
-0.0673690923381302
-27.667331283944208
-0.4307505771365241
-0.09026569053499729
-1.382971833628696
-0.4300581377741006
-6.588974036971379
