====================
0
0
0.0
0.0
-2.0485939078440651e-07
-4.0971436527016346e-08
0.0
-0.0
-5.266678864947284e-10
0.0005651456381174564
0.0
0.0
-2.441978475137287e-08
-0.03479097643188212
====================
50
0
0.7457316533661764
0.054910267513353136
0.12695732690720796
0.00934821628100037
0.6154905501657435
0.09869300404241003
0.43203985574975867
0.06927695513523478
-0.04194956393755733
-0.033721799656395324
0.023386442251903894
0.018799549894450773
====================
100
0
1.6684822552971603
0.07383122396912152
0.09512440011278755
0.004209305113889094
-0.6541746117317828
-0.04798361959152614
-0.1982791052913484
-0.014543745646229851
-0.0324953382342278
-3.2628292408274335
0.05024614294369184
5.045172426080107
====================
150
0
1.1905147531489604
0.03659543654631815
0.14961351835366798
0.0045989955209719225
-0.8323411240100675
-0.040280262673296756
-2.339705331558477
-0.11322754891556747
-0.11076536222797628
-0.08437303251594933
-0.05904401944087612
-0.044975458680882985
====================
200
0
2.7171914923722227
0.06636110956168648
1.7643284592186532
0.043089636675842945
-2.3183744937775757
-0.0819880242493741
-5.51395454572727
-0.1949979350697628
-0.09587133488601432
-1.3073022429468075
-0.16663303313264444
-2.2722092919884247
====================
250
0
3.109058530332497
0.06217011907075039
2.1559716529382413
0.043111769388914804
-2.564713882384929
-0.07249947871349562
-6.450622941236709
-0.1823465782397893
-0.018395538251285037
-0.015072930094555613
-0.15786113383980815
-0.12934820403249134
====================
300
0
2.284027468422032
0.03758209333817492
2.2877649218046727
0.03764359055036499
-3.4788511924344974
-0.08201556046412391
-10.797302607411133
-0.2545515102150332
0.0012833959872859263
-0.0538800956549342
-0.2587991613876819
10.865020390529287
====================
350
0
2.4450076310598092
0.03489448920153628
4.70963949896931
0.06721470418015772
-3.648331991757807
-0.07379500996886937
-14.606214924588492
-0.29544070506810666
-0.11048391417897951
-0.08417669213862047
-0.4020283852406512
-0.3063017803710979
====================
400
0
2.7764700561308615
0.03484632282181496
6.133847842257836
0.07698337735688353
-6.736983000850046
-0.11485856860058337
-19.101602237939822
-0.32566249473252934
-0.176252627750976
-1.1466080758471882
-0.40994634419778997
-2.6668980480979765
====================
450
0
4.090682226870186
0.04658106441304986
8.06850202497013
0.09187695149557354
-7.690407816578208
-0.11571429208017328
-22.807361306097413
-0.34317265490948484
-0.16865075543717611
-0.1230407116951025
-0.39260496994330796
-0.2864285712307615
====================
500
0
5.6498368759881
0.05873020728577424
9.994755194335994
0.10389575083639248
-10.185760923018762
-0.13566024328339008
-26.690393454201214
-0.35547911409776456
-0.20625478134954256
-1.122666266274724
-0.3317831181521269
-1.805930083325363
