====================
0
4
0.0
-0.0
-9.806612855101093e-08
2.4243571816728187e-08
0.0
-0.0
-3.352345068208251e-10
1.1406682040603411e-10
0.0
0.0
-2.3377863545423274e-08
-0.03376379673026904
====================
50
4
0.2396262548521415
0.047368584266183233
0.46646348705842655
0.09220907369878414
0.987952711682206
0.3404319472832934
0.39096561927103
0.13472020018309208
0.002240107382854628
0.0018709040434013362
-0.06750462734251106
-0.05637885094707544
====================
100
4
-0.16212495929365112
-0.010516675045274702
0.41569652623622666
0.026965282229971268
0.7117670017344491
0.07669095371059749
-1.1785575785971023
-0.12698636560168267
0.1133941412757654
-0.8193780974211283
0.009675577386868084
-0.06991504236028133
====================
150
4
-1.5747559298735503
-0.059875135604542336
0.6060470968349598
0.023043032521646835
2.36832704851329
0.16385924247841702
-2.708067774100135
-0.18736514212545885
0.021701619973111486
0.018424335547548323
-0.14783309364822217
-0.12550798169821897
====================
200
4
-1.9275693288784836
-0.052652940070579454
1.0677886749185674
0.029167414248722514
1.4946185473237037
0.06974464766001583
-5.429673798318365
-0.25336945446758036
0.0003615840398351264
-0.014259204734995425
-0.16077985923387556
6.340415166346788
====================
250
4
-2.1119560712292156
-0.045648724688474134
1.5895030250599405
0.034356200382627676
0.9731654383204784
0.03381356453479058
-6.686798018512189
-0.23233919683819673
-0.04781958539425113
-0.038335429601630805
-0.2459184259124323
-0.19714492349913323
====================
300
4
-2.501090125092162
-0.044181062180443646
2.3755244329863956
0.04196297911538381
-1.2312367775390811
-0.03319819250723208
-11.266767219481952
-0.303789095574398
0.00019350223408740388
-0.007681752014816949
-0.25475642699124973
10.113452723463878
====================
350
4
-1.255347299794316
-0.01936179546908706
5.220949608374255
0.08052509332542096
-0.683154590659548
-0.015752362849465816
-14.943413147067233
-0.3445692517045388
-0.13519236430632176
-0.10128498599844593
-0.4931604979613926
-0.3694717108270187
====================
400
4
0.8054771209695133
0.011074748664676181
7.273418779799741
0.10000443565952837
-2.099541927788785
-0.04125849128593202
-17.91623054524519
-0.3520751989012489
-0.22597958623693604
-1.1243703491287227
-0.4716324678779741
-2.3466259559055858
====================
450
4
2.6320518616342667
0.032746562766283197
9.402019624754573
0.11697483254782219
-4.595415007737586
-0.07632008920485837
-23.356627831865197
-0.3879040122929462
-0.3528125495365866
-0.22727024182746966
-0.548198613202836
-0.35313151858044145
====================
500
4
6.427840055987872
0.07427926987172653
12.094608536944747
0.1397636972425472
-6.803806924435001
-0.09929155958368885
-25.952761016916412
-0.378742393117862
-0.2509819140866515
-1.1106104068924274
-0.30181830961062617
-1.3355645838628574
