====================
0
3
0.0
1.2809096272707733e-08
0.0
1.2809096272707733e-08
0.0
1.7191327865159734e-07
0.0
1.7191327865159734e-07
====================
50
3
0.06345778914386169
0.05724694029669619
0.017661158028614787
0.0062108488471654955
0.6073429112716636
0.8542095773494838
0.40518254253365266
0.40845053667630304
====================
100
3
0.05242374044959508
0.04174461131642104
0.011140116446286985
0.010679129133174037
1.0193052185614622
0.12167156078501218
0.3533964114184158
0.9019513937205106
====================
150
3
0.01213486477522907
0.018855613088679446
0.00736440112912673
0.006720748313450375
1.0159892075736294
0.6923161709582473
0.4398022063867909
0.7718678107705476
====================
200
3
0.009822468169297908
0.028017099809725343
0.015211799581735673
0.018194631640427436
1.0727302855352747
1.2105526333628112
0.5254051604333785
1.7419044835885906
====================
250
3
0.016648706514624134
0.03194741022015579
0.029149178229255446
0.048596116734779926
1.65864732617799
2.172805593469302
0.7494140759997672
2.7093513296184795
====================
300
3
0.006595271494995725
0.06154052124289322
0.0015806041658406045
0.054945249747897495
1.5416572439517804
2.7901797011601874
0.5149893746096081
3.7340880011235322
====================
350
3
0.0646224856625961
0.1442375514877441
0.027697534845889438
0.07961506582514799
1.3416809279880393
3.5210890146292044
0.5712033470815305
4.739476051424191
====================
400
3
0.1138117871862434
0.18160303867982555
0.08512926344812681
0.06779125149358216
1.2202479427557276
3.938837023400383
0.6348061565361484
4.268620529930217
====================
450
3
0.07845233560968845
0.1208541236428633
0.09352720271790171
0.04240178803317485
1.5135584755440572
5.052254712120869
1.0410707652156221
4.485047459065815
====================
500
3
0.06483791780437054
0.11023175638953653
0.06869997598321165
0.04539383858516599
1.3462759605365286
6.10297633526509
1.0582238004026605
5.168680445280069
