====================
0
2
0.0
1.2266143615052091e-08
0.0
1.2266143615052091e-08
0.0
1.9851039800220582e-07
0.0
1.9851039800220582e-07
====================
50
2
0.005271701827660458
0.0018540390977936916
0.03886420283698899
0.003417662729866766
0.2226117133057787
0.35846152919741253
0.4769462233907962
0.20072086479653173
====================
100
2
0.07640881327616977
0.06770664766361989
0.07752346711374392
0.008702165612549884
0.7544779801374302
0.6160239174836115
1.145946366354613
0.5104789784146665
====================
150
2
0.1717850669418104
0.12438662726180949
0.1445054323625521
0.0473984396800009
2.29257403506945
1.1857704527340873
2.484785787352807
2.2023961025885357
====================
200
2
0.20947876862247738
0.13283360313148326
0.19649914476346617
0.07664516549099412
3.9262373274426077
1.732197669008019
3.944752954405202
3.427094119550156
====================
250
2
0.2550647760670397
0.13706755421507788
0.2748842648788592
0.11799722185196182
6.503423351400187
2.5772456625001388
6.64958278103048
5.351665158645976
====================
300
2
0.3148945036485715
0.17444137445950014
0.3259175815998545
0.14045312918907138
8.778459050238881
2.8477145556937935
9.112642510592405
7.448183487964483
====================
350
2
0.32987606273953785
0.17110063067121417
0.31065612700676914
0.15877543206832367
12.068519403998001
3.479260493223595
12.258010285729684
9.300682183653018
====================
400
2
0.3197544337485355
0.11820717649911791
0.31083896080118056
0.20154725724941763
15.15256898197092
3.855091571227687
15.057407804588067
12.507532652269218
====================
450
2
0.2758762744090262
0.07512438196275206
0.29434062721458365
0.20075189244627412
18.13683044546657
5.398902171090793
18.055571752110048
14.271046057077703
====================
500
2
0.30499266508647205
0.12051172264314491
0.3081547429480409
0.18448094244332713
21.15937198352816
6.845719613280612
21.27125985110909
15.539747669602649
