====================
0
1
0.0
9.237100121983925e-09
0.0
9.237100121983925e-09
0.0
1.342846264808139e-07
0.0
1.342846264808139e-07
====================
50
1
0.027046125399232013
0.021363026426104215
0.0035061765208399542
0.005683098973127798
0.26506882761703443
0.6396965249464369
0.13109091597582564
0.45825179569619356
====================
100
1
0.01376933300614791
0.006788593585240754
0.0072432744587835884
0.006980739420907156
0.6178605134258588
0.06819807086543167
0.29813681153346105
0.5509752838890938
====================
150
1
0.06638489904580935
0.07644565678121418
0.020119751121093987
0.010060757735404824
0.3284569400460637
0.49253227973296154
0.37972911502583145
0.820394889491947
====================
200
1
0.09011795023362068
0.092446111342379
0.05932882778252603
0.0023281611087583266
1.01482155289547
1.0482832126409878
0.8920526699418986
0.046313859589137654
====================
250
1
0.04255340438523514
0.040240405836345916
0.05919224426248082
0.0023129985488892224
1.5723393013829268
2.336655723058132
1.4778644107301675
1.1923088853128743
====================
300
1
0.07767164270504567
0.09119081580602018
0.052817851231158564
0.013519173100974502
1.3761836220618804
2.532282786575975
0.8817203826963544
1.3430569495196387
====================
350
1
0.05636635825841729
0.09552925542357604
0.0029347573415583472
0.03916289716515875
1.5880416943674227
3.7456133087547796
0.7062570228262413
2.444084800798303
====================
400
1
0.010072245482662962
0.022808424311138876
0.03363940491973894
0.012736178828475914
1.776204679661328
3.521576408738325
0.6323327364981767
1.810250822499412
====================
450
1
0.025511091169050815
0.05196943902855966
0.020239589839793792
0.026458347859508846
2.3894306611470375
5.143119404448939
1.1353585360789211
3.373685143401169
====================
500
1
0.07357980104618633
0.11327987731573685
0.055069767641819034
0.03970007626955052
2.71953180493153
6.211359469207992
1.5559475982429005
4.0787352053631984
