====================
0
4
0.0
1.0070722698973926e-08
0.0
1.0070722698973926e-08
0.0
4.254516587175175e-08
0.0
4.254516587175175e-08
====================
50
4
0.08414393126953068
0.07852182836565924
0.056204674817119216
0.00562210290387144
0.7116867087073174
0.8453879489718568
0.5439391256368347
0.3557734319735469
====================
100
4
0.037900369961495706
0.034632092841072826
0.04227866919423384
0.00326827712042288
0.9030784462946432
0.6480431476842442
0.7087790976421182
0.2667271930363661
====================
150
4
0.12046296875874374
0.1071557641160028
0.06816240284100838
0.013307204642740933
0.3832209646024377
0.6927340606447244
0.3287653134047803
0.497619336486849
====================
200
4
0.05062572751302206
0.039149945793091626
0.02266806091821608
0.011475781719930434
1.362498508552307
1.6191250461344866
0.8019216819953414
0.9349611399132473
====================
250
4
0.027887206665980102
0.05044305273867189
0.04937838217095836
0.022555846072691788
1.488377579607247
2.854087844294685
0.9333491034800754
2.218297092435743
====================
300
4
0.12298481136066153
0.1548185472779755
0.10167109819556686
0.03183373591731398
1.92860002814842
2.9958231360851197
1.419513464759505
2.1276827318556233
====================
350
4
0.1914118261049298
0.2012972257681629
0.11827404661283292
0.009885399663233096
3.572719964541239
3.658324025045839
2.6098148051007195
2.5468568335768618
====================
400
4
0.17315042656647858
0.14017015478168138
0.1309413572313926
0.03298027178479721
4.766857719978541
3.902865201787549
3.2852419238730177
2.5801713943031133
====================
450
4
0.20752113554993312
0.21041885353888623
0.20238435529006815
0.002897717988953108
6.494019645919365
6.234905595707765
4.795147923768323
3.140260412817085
====================
500
4
0.21513541866529318
0.19395069564497236
0.18449368204881011
0.021184723020320817
8.23818132933377
7.214077427290685
6.562378274168232
4.036548250247594
