====================
0
0
0.0
1.1546975129001695e-08
0.0
1.1546975129001695e-08
0.0
2.8180542735136208e-08
0.0
2.8180542735136208e-08
====================
50
0
0.0249471808615378
0.025471018857722072
0.041568874979237336
0.0005238379961842732
0.10249062943854603
0.5465525134033906
0.03421291151164166
0.45005088264624815
====================
100
0
0.09813176894182707
0.08900423782741429
0.10426874555694088
0.009127531114412779
0.9534463784279257
0.7246501615787823
1.0533410207713745
0.7154770299043607
====================
150
0
0.11915314832712753
0.068298806215225
0.07389640859564506
0.05085434211190254
2.6665015610817453
1.1408421215905349
2.525329025306714
2.4852887102760786
====================
200
0
0.06993335741412648
0.017938153871620795
0.04062626519301109
0.05199520354250568
3.65850473763771
1.72911427753667
3.0934993004027507
2.858671718562173
====================
250
0
0.0009748044224502372
0.04458435667140437
0.018370848860613354
0.045559161093854605
4.297617142579104
2.322670811344154
3.9155957102195
4.733656253306989
====================
300
0
0.05984842996757367
0.03978786504303233
0.06818787518799097
0.020060564924541335
4.787865441890727
2.80452090594864
4.521168175894264
4.187898914649815
====================
350
0
0.15372889876049634
0.1421465849582937
0.10538978292211176
0.011582313802202648
5.831491293170244
3.729800602398845
5.334815983783439
4.390692547896924
====================
400
0
0.1093176195300924
0.08661829224580195
0.10196128312786995
0.022699327284290444
6.849447588533894
4.179053769351007
6.17158206876195
4.52730332279347
====================
450
0
0.04411669220798031
0.028667143536844852
0.07288097694674511
0.01544954867113546
7.427612112170407
5.098149070762773
6.807513904899427
5.147347463433891
====================
500
0
0.04855793519442653
0.0758435956449226
0.07640878949296104
0.027285660450496074
8.018257237400068
6.6696526008191706
7.591206434787589
4.206987625431735
