====================
0
2
0.0
1.1222355502891915e-08
0.0
1.1222355502891915e-08
0.0
5.0419881196673805e-09
0.0
5.0419881196673805e-09
====================
50
2
0.05958621920188856
0.04139274275192539
0.06659668459207446
0.018193476449963164
1.1523330719125355
1.0681688017227908
0.8954084547522888
0.15361963002989368
====================
100
2
0.0008986178712970805
0.04504073034383138
0.052917171111845906
0.04593934821512846
1.5817742768007605
0.8984209834691439
1.464532340985613
0.7440577570433601
====================
150
2
0.04335299186071051
0.04077585684726115
0.02468790532284104
0.002577135013449361
0.6142059721686459
0.7639476299396503
1.632452220309261
0.2826584836889464
====================
200
2
0.04023923753658874
0.05824720523592418
0.02331991734836155
0.018007967699335437
0.9471246857662805
1.1504486121285584
1.6364446820106615
0.23904230935564466
====================
250
2
0.0516346948350499
0.08803131900781191
0.04916615507586086
0.036396624172762015
0.8513812283750158
1.7424562407517181
1.4440920184529422
1.3395420935774769
====================
300
2
0.016448811731971436
0.0016002538908375108
0.05205443749574501
0.018049065622808946
1.5004350587283515
2.2576574491620334
1.983378595073831
1.1915017107523205
====================
350
2
0.058608088266316694
0.10856511749395725
0.11311341983738932
0.04995702922764056
1.6673871911289173
3.3846181170102243
2.925987283017374
2.3806676597916216
====================
400
2
0.032105481621506
0.08017050733422029
0.03629029142586144
0.04806502571271429
1.3578433073103058
3.616118488714965
3.0874924991360277
2.873942483852585
====================
450
2
0.0638613491890998
0.07733322046347002
0.04710519326204965
0.013471871274370217
1.699711279795333
3.6716373589823292
3.6995349537028006
2.027069568360217
====================
500
2
0.05560095270927734
0.0650974226642953
0.08099064826196178
0.009496469955017961
2.505581705987726
4.475668864438763
4.476504206031753
1.9789604370800642
