====================
0
4
0.0
1.1918632982946455e-08
0.0
1.1918632982946455e-08
0.0
6.957741417231875e-08
0.0
6.957741417231875e-08
====================
50
4
0.02354152351259753
0.01913226634594878
0.06529746618841736
0.00440925716664875
0.46475055866319137
0.4984651440825425
0.34173198645685393
0.06129403278658826
====================
100
4
0.0284887131421816
0.009295824923269969
0.09102048457881473
0.01919288821891163
0.9150440436102978
0.6468808268355771
1.1293929889117975
0.374824245833066
====================
150
4
0.005272171767336298
0.014924141586882156
0.05692708399094881
0.009651969819545858
0.7177321618082111
0.5795782135273834
2.082211590558269
0.4526298530984927
====================
200
4
0.05961418059145755
0.036944590070333135
0.055542649114001516
0.022669590521124418
0.9976455577744918
0.9156234257343583
2.7115203213941537
0.7123914123339833
====================
250
4
0.21207959277333965
0.13517579271386504
0.16934980321792348
0.07690380005947461
3.005920949746656
1.848144716272067
3.986183720663843
2.1308787157357774
====================
300
4
0.23770936032146794
0.10358408195237745
0.23762413144037486
0.1341252783690905
5.682346508685398
3.1463427515023588
6.137120211932619
3.682312277493874
====================
350
4
0.23371183133786555
0.06226904644726561
0.24357386286862093
0.17144278489059994
8.007356465976985
2.9420949985527445
8.92199187360599
6.289013982073951
====================
400
4
0.20084709239211812
0.04603634071536883
0.1702384563818739
0.1548107516767493
9.785141114954808
3.177953378385306
10.809305428382027
7.499542701609669
====================
450
4
0.29051618561276327
0.09999751563468251
0.23786969149269166
0.19051866997808076
12.820151557314237
3.681114871002966
13.142920180961807
10.129696758693942
====================
500
4
0.27116042425685327
0.046961618177983944
0.2610785191099727
0.22419880607886933
16.00737263045635
4.308596183379943
15.68912470749805
12.500454564411172
