====================
0
1
0.0
1.03223819675559e-08
0.0
1.03223819675559e-08
0.0
1.0634789034444949e-07
0.0
1.0634789034444949e-07
====================
50
1
0.003006091010130385
0.0008489426025357627
0.03184822547461619
0.0038550336126661477
0.6795788929991113
0.6294997371863408
0.4557621057161026
0.053581619780432105
====================
100
1
0.0525912307417693
0.05236034715210147
0.11949608088825459
0.00023088358966782963
1.5809853266773515
1.4138475350388298
1.412397492034577
0.18996580233354657
====================
150
1
0.005964448114338383
0.04751061175019555
0.08122338710899069
0.04154616363585717
2.1198196899131925
1.4592215453932147
2.7170087126591467
0.9394312546255261
====================
200
1
0.026299764497385338
0.02358593722146399
0.06386705737335473
0.002713827275921347
3.132394033538426
2.4524508887994316
3.38377090721022
0.7273424932092476
====================
250
1
0.10033550517114564
0.13607065637304117
0.09574652601319977
0.03573515120189552
3.1607647202703815
3.110907472809836
3.8212358491349896
1.1261564998580236
====================
300
1
0.06496722712670966
0.034158690421204785
0.11390406055092317
0.030808536705504874
4.170792611461666
3.0785611985559362
4.9896712401989785
1.1865138950638834
====================
350
1
0.031779244462731615
0.005196669930879638
0.08650624615393343
0.03697591439361125
4.533478677248271
3.320171893630932
6.455115324455271
1.712802894388288
====================
400
1
0.022241627940395588
0.03597933735903237
0.038697204715876204
0.013737709418636786
4.832202556693104
3.8824750908821
6.977181768531403
0.9886024851409265
====================
450
1
0.09055110811758027
0.11102951253194182
0.08639870262027194
0.02047840441436155
5.696769564740495
4.2050809430415175
7.767806018647739
1.571371684229065
====================
500
1
0.08142397847586258
0.058535115020085016
0.13507081790280573
0.022888863455777564
7.13571108417745
4.99677324617357
8.923252652371348
2.14026614647439
