====================
0
3
0.0
9.929664453259542e-09
0.0
9.929664453259542e-09
0.0
1.387723942150804e-07
0.0
1.387723942150804e-07
====================
50
3
0.033585760318818325
0.026145058331293658
0.031004907699270223
0.007440701987524667
0.8473898274871471
0.8805951399558489
0.5648265155672894
0.09201160497241946
====================
100
3
0.004938840856830495
0.02810318434757164
0.04884876391469817
0.023164343490741146
1.003159497409746
0.7848156676276311
0.9638207982842514
0.3394543376853079
====================
150
3
0.0774926334565531
0.08248170832332025
0.01066894979265176
0.00498907486676714
0.13315533605378538
0.23327912195474598
1.3511569840907585
0.28381589967550513
====================
200
3
0.02617674634256281
0.011573679179005784
0.0044361410708680694
0.014603067163557025
0.8214934260295667
0.8632214409918233
1.3225046122944677
0.8689536518681946
====================
250
3
0.009413059638083254
0.022645935976703946
0.007027068859275065
0.0320589956147872
1.3273833647218187
2.211188665879901
2.0539242603929946
1.57459113002938
====================
300
3
0.006088479246736167
0.01693798147518466
0.04197053815485674
0.023026460721920827
1.509719838994806
2.2395774227044054
2.4422135086940333
1.169196130739484
====================
350
3
0.0016483396037130227
0.0385557963087364
0.07372092644802186
0.03690745670502338
1.4551186008175068
3.195508956545439
3.1822966298704407
2.0121792471903057
====================
400
3
0.025351996013880516
0.100482308999389
0.03898679306613563
0.07513031298550849
1.9787835784537005
3.8862931672210963
3.804394084145464
2.570033584265853
====================
450
3
0.04848809284078137
0.08547983484353683
0.019962937118352064
0.03699174200275546
2.1585142689494607
4.363007113000231
4.112862396581995
2.435070451982448
====================
500
3
0.02810950820434277
0.04475902340587545
0.03129479444343053
0.016649515201532683
2.9962352995387245
4.996715754791835
4.730612875370833
2.0942927036966634
