====================
0
0
0.0
1.2809083863153707e-08
0.0
1.2809083863153707e-08
0.0
1.719118451222404e-07
0.0
1.719118451222404e-07
====================
50
0
0.0011916373917411072
0.008487920192849385
0.014707772912996075
0.007296282801108278
0.08053904110634506
0.16598442870152633
0.16951743883582385
0.1536267999204757
====================
100
0
0.06764875225072098
0.0537232098946534
0.0011704381364752159
0.013925542356067577
0.20518342982430415
0.07171637047441087
0.3083795729304178
0.27111108550185364
====================
150
0
0.11449786310331911
0.05069675906563487
0.04197890142547189
0.06380110403768424
1.575721965311173
0.46290075810121917
0.42442085534882035
1.546290172764922
====================
200
0
0.037567712960993024
0.05238537510034354
0.01981374242612463
0.08995308806133656
2.565391520522425
1.198003526682422
0.9055538097500907
3.3992079269098903
====================
250
0
0.02505951043765786
0.06639043590957727
0.019735109055682987
0.09144994634723513
2.1266417246228393
2.1058710529516387
0.6410357400773204
3.951433234776301
====================
300
0
0.04676137203440467
0.022912281434569248
0.01966149562238728
0.06967365346897392
2.2975196757336493
2.4667405396946664
0.4337605450264473
4.196991568695152
====================
350
0
0.09940707933053483
0.0008456292844836177
0.005602746693973204
0.09856145004605121
3.1635730381672684
2.8367804834443766
0.4169261822263156
5.270580904444138
====================
400
0
0.037001451067354224
0.08006976116473903
0.021160819989352528
0.11707121223209326
4.244640473652188
3.1226573866764493
0.3839911585954915
6.469043619112271
====================
450
0
0.0678543167617307
0.1879848851818362
0.10123370615599714
0.1201305684201055
3.7088192531154753
3.8344411844848842
0.4362244359738909
7.220161417361929
====================
500
0
0.006192845077052311
0.07548481165465937
0.0704984634078949
0.08167765673171168
2.7757156903786315
4.557383417445582
1.5759779081215468
6.975831579533074
