====================
0
1
0.0
0.0
-1.1236618524534947e-07
-7.272215893810453e-08
0.0
0.0
-1.759508094778539e-10
-3.700115323764687e-11
0.0
0.0
-1.1459986453532701e-08
-0.016566509935213886
====================
50
1
-0.03742846370139574
-0.00342563471862888
-0.10582018334120313
-0.009685176951887043
0.1433062173249411
0.012525767722257618
0.09383244031806193
0.008201481932717867
-0.017328098320051444
-0.01423945112238922
-0.0005511705737006878
-0.0004529271648481083
====================
100
1
0.6230449243234375
0.03081177558469443
0.28562613531228465
0.014125222819080465
0.4139530104711575
0.023965320422662827
0.0907636608835638
0.0052546549023347955
0.10488025482088252
-0.8075376645446152
0.09461189460227568
-0.7284752362181578
====================
150
1
0.7103905101294572
0.023995059234096075
0.46364903080196385
0.01566080317696946
0.3605785640571
0.014927462654672643
-1.298951469327534
-0.05377482601974192
-0.1498252413929677
-0.11103060541186999
-0.20506973295412867
-0.15197049836100657
====================
200
1
0.7084518209996986
0.017906875321103417
1.0682913473573379
0.02700220310923524
-1.1461490610106324
-0.036082312515375664
-2.2694689337528757
-0.07144593150859634
-0.06844035099617951
-1.575369638296808
0.001397045956989272
0.032157400596456095
====================
250
1
1.8675933476647657
0.03900895073302914
1.8180219753502342
0.03797353945208614
-1.3162359779540935
-0.03395516657027468
-3.5220488227176645
-0.09085890102313336
-0.15294456762874464
-0.11308083529396208
-0.15476155239819578
-0.1144242380615889
====================
300
1
2.766236077802141
0.04858769016450831
2.672517210894185
0.04694156049957005
-3.0339801976068586
-0.06512864932252863
-6.177668260105271
-0.13261233216376028
-0.19423656290386776
-1.1476975018487034
-0.20082807771497763
-1.1866451900131283
====================
350
1
4.000431877301168
0.06138389554836706
1.456498998409785
0.022348982591600494
-4.558214130101817
-0.08297066721329986
-5.456949986686837
-0.09932986218330668
-0.2875042662840568
-0.19333425925557982
-0.20441446244561767
-0.13745993820837638
====================
400
1
5.771018042054209
0.07867181203700876
0.6682903516239804
0.00911028393014586
-8.427408340025949
-0.12983302916599246
-5.817570955027442
-0.0896257578847761
-0.2451684515271117
-1.113530989106504
-0.012497654403806652
-0.05676311688187634
====================
450
1
8.31754296156653
0.10360521756076742
-0.7052152811839107
-0.008784322842917535
-10.884117721197
-0.14669550869881462
-5.193238381061633
-0.06999416632736141
-0.36536766971876067
-0.2334696295967781
-0.018225192341191798
-0.01164588237515204
====================
500
1
10.41903486413102
0.11821662255324034
-2.615751682016949
-0.02967888420745692
-13.245117373387501
-0.16023798139363873
-4.477902365751078
-0.05417317308243984
-0.22543152402101363
-1.1247104289303347
0.22380301661771182
1.116585570315117
