====================
0
0
0.0
0.0
8.538498441623688e-08
1.707681353210809e-08
0.0
-0.0
-1.807650468353249e-10
0.00019394307037343906
0.0
0.0
-1.0378767730033972e-08
-0.014924496664266798
====================
50
0
-1.3279649992308613
-0.08473790392386707
-1.205248631060229
-0.07690733020998776
0.6449809781615086
0.10429905179989221
0.33266282120684476
0.053794480761047675
0.025711107706791747
0.02190288494403337
0.02730951129828818
0.023264539617100143
====================
100
0
-0.6413839965948398
-0.025716731178139482
-0.87365810836571
-0.03502992097359041
-0.983531815015203
-0.07068036175074421
-0.2736992947485941
-0.01966907919847531
-0.15396369160372314
-1.1938191873051187
-0.13784818841473187
-1.0688611746743708
====================
150
0
0.9326045414525623
0.028399820924383947
-0.253554246614101
-0.007721274000276603
-2.3995868940304987
-0.10828329841150726
-1.2532524534953389
-0.056554030089257766
-0.2773218814840184
-0.18777276266493564
-0.2799477873167273
-0.18955074567178373
====================
200
0
4.624908971222027
0.11827936585977389
1.5624688923498624
0.039959236152043394
-4.368239636321803
-0.14449223874816436
-2.3692465633179793
-0.07836972523981506
-0.3973821295790505
-1.0671248667483768
-0.2552061463978678
-0.6853273076388202
====================
250
0
7.596438370675244
0.1665809413912539
2.7828808750907683
0.061025298084677236
-6.705260259404781
-0.17019427946474566
-3.691794451197474
-0.09370587751194548
-0.37881784738863566
-0.24000155035613108
-0.18713734018175066
-0.11856160443007215
====================
300
0
11.046817616053353
0.21200180609773772
2.2891077529436856
0.04393074954647205
-12.091225711296858
-0.23761220267354227
-6.244277050367316
-0.12271017508633454
-0.43196545582194007
-1.0614207454519742
-0.23695330189631647
-0.5822390354282596
====================
350
0
14.303306776651063
0.24524407372370988
1.4988194845455425
0.0256987144236085
-14.962652254936252
-0.24696217886164043
-5.177563216322646
-0.08545692777663043
-0.5412342247546558
-0.3109087257343585
-0.07623702649969011
-0.04379389860931236
====================
400
0
18.37412256706753
0.2861682750412064
0.10402396796810365
0.0016201241375045912
-20.554301522698758
-0.28436579876348794
-6.001298420411899
-0.08302709858828705
-0.4670393834067066
-1.0565473132375731
0.0933609446657912
0.21120329195464368
====================
450
0
21.55904869767315
0.30582586276499696
-0.21840299918295614
-0.003098155516611428
-23.84361439133641
-0.2893659360308203
-6.173783879516549
-0.07492499760428162
-0.35990679809650605
-0.23078545994078034
0.16678591601624992
0.10694925614918047
====================
500
0
24.446505103895674
0.3151844005796045
-2.4418606300919095
-0.03148247063224626
-26.43584626080552
-0.2902024801548535
-4.198709377792369
-0.04609180515213283
-0.332406934319361
-1.0813125736486284
0.2847386886047615
0.9262488005040901
