====================
0
2
0.0
0.0
6.779385919308822e-08
4.387543956404303e-08
0.0
-0.0
-1.5704060274401854e-10
3.30244637478609e-11
0.0
0.0
-9.897511977770021e-09
-0.013971509196892681
====================
50
2
-0.5324826254026611
-0.0466229227452469
-0.5431435976511345
-0.04755637232992384
-0.12615102853425197
-0.057346316698850194
-0.33412557626557327
-0.1518883463443892
-0.027953356342726332
-0.022771978819792763
-0.041539335628881346
-0.0338396884986331
====================
100
2
-1.097749436541534
-0.050030067077303515
-0.653814654288805
-0.02979768417212511
-1.1020020522962497
-0.11877073633630139
-2.050231655882709
-0.22096830302791676
0.05973497258024453
-0.704993066364885
-0.05539535858183364
0.6537768751216422
====================
150
2
-1.9574684202580883
-0.06065239060839159
-0.6750483357151644
-0.020916452553519368
0.08108885300422664
0.005433339119598029
-1.414404299440962
-0.09477182037190313
-0.03371219642124368
-0.027335132112289585
-0.18646268698933088
-0.15119104430864097
====================
200
2
-1.8740687443998212
-0.04446649408312873
0.739652283239657
0.017549913243327664
-0.1206910802250114
-0.0056852445203964385
-4.176038896019659
-0.19671546734269785
0.10362881720548651
-0.8056653685293976
-0.2737101358518156
2.1279677161036763
====================
250
2
-2.544880491645067
-0.048669990494888564
2.1080750305557814
0.0403162317588198
1.055858019913547
0.039278553123166284
-5.1914619902968475
-0.19312550714865012
0.09074269105700661
0.08183591621075711
-0.2913859144591814
-0.26278516763070114
====================
300
2
-3.5114481976122107
-0.055551623770835896
1.490657985262935
0.02358242722322621
1.987187573482288
0.061997524982807986
-6.778104691928995
-0.21146756379799866
0.18512687629231211
-0.8810396998037057
-0.10486440362736676
0.4990615330540559
====================
350
2
-5.6464057425609155
-0.07546900786678946
1.1960259984284392
0.015985903174457677
4.91949314337041
0.1368449565419637
-5.3465941097019645
-0.14872557340092527
0.26238115609067847
0.2799632617030477
-0.026594971892277663
-0.028377095317354793
====================
400
2
-7.115531801896594
-0.08250642990304752
0.9440364970588462
0.010946347123308962
7.129876525324221
0.17895492442035246
-7.270667775519151
-0.18248868653365005
0.2109312532884952
-0.894050881214484
-0.20579558687244043
0.8722829022482875
====================
450
2
-8.545611300233247
-0.08796824628297036
0.13568705085948807
0.0013967581122127073
8.974808730047798
0.20021516084428986
-5.892579681174972
-0.1314550342119612
0.18842333291249092
0.1863444096849043
0.0026547243473842297
0.0026254340889894268
====================
500
2
-9.478115485373294
-0.08773412489453626
-0.8212613364164838
-0.00760200113317988
11.811330088699727
0.24559847220780992
-2.5078444559431006
-0.05214677451980828
0.4564972067544261
-0.9480858682271878
0.4208751953861495
-0.8741035413336533
