====================
0
4
0.0
-0.0
-1.8296865356148828e-08
4.523288474500489e-09
0.0
-0.0
-1.5891865601247446e-10
5.4073627347410875e-11
0.0
0.0
-1.0662942109107263e-08
-0.015215686943810718
====================
50
4
2.0068145493500578
0.6096829173728685
1.1552314603949925
0.3509666038860673
-0.35562319560103406
-0.08376212647075093
-0.005861051357805458
-0.0013804896057309929
-0.23287648459369348
-0.16257145935726888
-0.1275278672623592
-0.08902741522285613
====================
100
4
4.714721261398099
0.44735333674860844
0.35052595436605927
0.0332594328717849
-2.1562256344037447
-0.1774821750262435
0.7104433547980129
0.0584776610715697
-0.16527985100485298
-1.178184515266034
0.09685802889570014
0.6904448977313832
====================
150
4
5.833325568010451
0.3087627117170454
0.49518570990676025
0.026210586193372493
-3.32409189002966
-0.1650013815815012
-0.18395498561379142
-0.009131163571657441
-0.23730943754416645
-0.16515501388978487
-0.15484671296936225
-0.10776525070345315
====================
200
4
8.13018159265036
0.30620759476360276
2.579387489477579
0.09714765040798812
-5.7289441103228285
-0.19993920651338626
-2.7879601715525055
-0.09729935111196629
-0.34484928573354884
-1.078149502584933
-0.3600726703054818
-1.125744452561342
====================
250
4
10.352251928705414
0.3062689287893818
3.263212592656032
0.0965413739974318
-8.326064395396834
-0.21864919279777248
-3.506552540158431
-0.0920849090276676
-0.3744529931835321
-0.23789404516218662
-0.23299599550726824
-0.14802488132508368
====================
300
4
12.672174308992574
0.30581977103465663
2.483937488272325
0.0599452923709217
-12.283690804402731
-0.2551664220993728
-5.06751099915639
-0.10526629749916
-0.23905225440535105
-1.1167748575753182
-0.06708887185809156
-0.3134175224600261
====================
350
4
14.246706956008438
0.28877922392894156
1.7301977363999796
0.035070922782648804
-13.528003299207946
-0.2406551175520384
-4.342581508086759
-0.07725193734755482
-0.27447650806342105
-0.1862049191184711
-0.03617374971356302
-0.024540279192379732
====================
400
4
17.635567288295256
0.31547929141655645
1.8399946534074019
0.03291531256000394
-16.018820181248692
-0.24717811583596588
-5.032773288499051
-0.07765811743969539
-0.2776125190872164
-1.0989499123366557
-0.06674622910250083
-0.2642199381431761
====================
450
4
18.872814618926967
0.2942639412359214
0.8132287697095109
0.012679820563763163
-17.628280036356657
-0.24067470021412332
-5.4902150342291804
-0.0749565955810215
-0.32384100895146517
-0.2125749093793264
-0.09524630636331533
-0.06252134345014895
====================
500
4
21.217542978598587
0.2957296397899092
-2.298589801268065
-0.032037693272940024
-21.670783483447465
-0.259871146580016
-4.475184585187819
-0.05366540393882253
-0.21455268942407518
-1.1318676431272623
0.24212177921806396
1.2773077248715112
