====================
0
3
0.0
-0.0
-1.5989909485369935e-07
3.9529706985689597e-08
0.0
0.0
-2.5356516886176905e-10
-8.62780839486071e-11
0.0
0.0
-1.1971825164753755e-08
-0.016982228672985496
====================
50
3
-0.20683908682149976
-0.037571418214287014
-0.25760625820882943
-0.04679305353022618
0.21179014142603592
0.02216286998567971
-0.05802078589075066
-0.006071609969686657
-0.019836360731193103
-0.016267098506247593
-0.03399820585289026
-0.02788072727347426
====================
100
3
0.7664445637537582
0.052904143015068794
-0.41699272393783104
-0.028783089797656536
-1.4462250152179905
-0.08351557572836742
-0.4158238376497039
-0.024012699847858504
-0.06916980130059892
-1.56586737450065
0.004883703924240569
0.11055738917704373
====================
150
3
1.1901364556337626
0.050567128416371766
-0.36572178800376776
-0.015538974989891891
-2.3222559058906924
-0.09280905662956485
-1.0389646057252584
-0.041522264916745016
-0.19125899926695245
-0.1375134321196674
-0.08235460393410121
-0.05921219017792351
====================
200
3
2.885099666420846
0.09073699191394324
1.4352355416325189
0.045138459946956117
-4.651975083547352
-0.13905453173308627
-2.9724444238961105
-0.08885083433256737
-0.2590562729356491
-1.106794554505803
-0.21580156759263183
-0.9219927282929449
====================
250
3
4.253038240070566
0.10659138080906089
2.5590574131498514
0.06413614170390818
-6.220664487062578
-0.1486347558959575
-4.379021052381525
-0.10463106096424957
-0.2219286027987435
-0.1561219211096557
-0.1762820585751801
-0.12401057499956374
====================
300
3
5.959489920275047
0.1237707430697486
1.7360933678536412
0.03605636875845079
-9.473622501363266
-0.185003824932854
-5.390248652130531
-0.10526243977314995
-0.1655680560959671
-1.1778190241847535
0.0010972187673429779
0.007805401406174888
====================
350
3
5.550960248001921
0.09565673755906864
1.346072175322952
0.02319614392064508
-9.6796981350805
-0.16619563560341605
-5.072960897455282
-0.08710023277361685
-0.06454249281311597
-0.05105716408489928
0.09616909146179764
0.07607578927696576
====================
400
3
6.791847614200208
0.10175877354824754
1.219670863606268
0.018273703749420903
-10.381564836693151
-0.15960000674402677
-4.951704159429632
-0.07612455633337131
-0.056776717675463766
-1.786533064073088
0.07595544812550867
2.390009937671183
====================
450
3
7.267674286265958
0.09595453898427575
1.0398511009695852
0.013729073301260046
-10.333363423183258
-0.14386220526356752
-5.48980620995151
-0.07642967691055584
-0.09357096781784002
-0.07235890769957688
-0.023262222413198863
-0.01798879549648908
====================
500
3
6.881552373317334
0.07994144708080804
-1.943372919346885
-0.022575726371367167
-11.345413097993244
-0.14371654309224918
-3.8418669128674594
-0.048666348855597334
0.035779289083444334
-0.5887112470654785
0.26702015600642726
-4.3935408740946835
