====================
0
2
0.0
1.0746398121205674e-08
0.0
1.0746398121205674e-08
0.0
5.437194032143501e-08
0.0
5.437194032143501e-08
====================
50
2
0.02733090860529952
0.03106632255688435
0.0
0.0037354139515848317
0.17371470465646385
0.1900450519828013
0.0
0.05827704551907333
====================
100
2
0.0018241488048422738
0.004589556911839043
0.0
0.006413705716681317
0.28780061151153025
0.19380746740436416
0.0
0.22020284475889343
====================
150
2
0.028908126650226462
0.0004862815358039896
0.0
0.028421845114422473
0.1057700140887386
0.7158700618706306
0.0
0.6402661336224945
====================
200
2
0.0016905857526566923
0.010647762792381351
0.0
0.012338348545038043
0.18820261491545054
0.7689799207736682
0.0
0.6151038775760099
====================
250
2
0.027332627160252088
0.00794664164848613
0.0
0.019385985511765957
0.21375125615605456
0.8807539099723366
0.0
0.7876931084128656
====================
300
2
0.0018151128807164518
0.02227655913901927
0.0
0.02409167201973572
0.3926852883198606
1.1766797888157876
0.0
1.1602824869579236
====================
350
2
0.02720983475613581
0.0008716964776169789
0.0
0.02633813827851883
0.25207784784971493
1.3528603117989884
0.0
1.1020866341765914
====================
400
2
0.0016885689592194045
0.0597582973219408
0.0
0.0614468662811602
0.37765255260652025
3.6196891447295623
0.0
3.4787517592706663
====================
450
2
0.027331514504262966
0.057663722048165944
0.0
0.030332207543902978
0.36467581555847295
3.9757706292924437
0.0
3.713453105119856
====================
500
2
0.0018124487946558077
0.02975505139519896
0.0
0.027942602600543154
0.5452657961823864
4.156776570103818
0.0
3.718032399363899
====================
550
2
0.02891186973890747
0.03541140900888573
0.0
0.0643232787477932
0.415787468793194
5.415387440940694
0.0
5.1462899704020515
====================
600
2
0.0016889515541356355
0.07754110501978764
0.0
0.07923005657392328
0.567094075076666
6.714813811331327
0.0
6.529231801566995
====================
650
2
0.029030736432100746
0.07163855778821326
0.0
0.04260782135611252
0.5241839313100239
6.402500586627053
0.0
6.088111188190367
====================
700
2
0.0018105349413488625
0.05431817420581808
0.0
0.05250763926446922
0.7156617686996755
6.656105045093914
0.0
6.149691990576748
====================
750
2
0.02721266948679002
0.047252706808590395
0.0
0.07446537629538041
0.6177670693643349
7.5424229280971575
0.0
7.1867728149996255
====================
800
2
0.003391057546637661
0.10884354771790633
0.0
0.112234605264544
0.7511963980263237
9.914984427926528
0.0
9.707308059951265
====================
850
2
0.025627714624241182
0.1267323561778153
0.0
0.10110464155357413
0.7315807705404922
10.985933444101242
0.0
10.662991770543988
====================
900
2
0.00010797579907162458
0.11147085812442636
0.0
0.11136288232535474
0.8847703053671871
11.854310119603884
0.0
11.363930260481283
====================
950
2
0.028915022076374752
0.10983832296498264
0.0
0.1387533450413574
0.7882138719479039
13.373003267520168
0.0
13.038592546211364
====================
1000
2
0.0033922278336699116
0.15125674230683928
0.0
0.15464897014050918
0.9476281345954749
15.397490893492694
0.0
15.200761359021387
====================
0
2
0.0
1.2038208953313935e-08
0.0
1.2038208953313935e-08
0.0
8.751776973919787e-08
0.0
8.751776973919787e-08
====================
50
2
0.02733031649025186
0.020920965762670107
0.0
0.006409350727581753
0.1737138407709002
0.12485395415368541
0.0
0.07730812221624382
====================
100
2
0.0018242357565991796
0.004654259018542106
0.0
0.006478494775141286
0.28779941175593166
0.19337820760374783
0.0
0.2353173822292692
====================
150
2
0.027207451153942852
0.003131235786388853
0.0
0.024076215367554
0.11019460292775961
0.5712802421306544
0.0
0.49152186030744294
====================
200
2
0.0016904596948127304
0.01074902271990126
0.0
0.01243948241471399
0.1882026942502062
0.8302999144147193
0.0
0.6913129859251612
====================
250
2
0.027332465516811677
0.012344402251548203
0.0
0.014988063265263474
0.2137490644523865
0.834252412159649
0.0
0.7069875922656709
====================
300
2
0.0018149170916781365
0.01699586563067612
0.0
0.018810782722354258
0.3926825756845237
1.0967108870829
0.0
1.0458285372954104
====================
350
2
0.027210100183031383
0.004410504312597929
0.0
0.022799595870433453
0.25207567173052087
1.6027948747034833
0.0
1.3528660694394337
====================
400
2
0.0016885474126480467
0.058911481281432594
0.0
0.06060002869408064
0.3776526334396296
3.7109824812420933
0.0
3.569895510891831
====================
450
2
0.027331394644662277
0.06332451275869877
0.0
0.03599311811403649
0.3646736141931145
4.536658783508479
0.0
4.298178251549309
====================
500
2
0.0018121250720302129
0.0340510316458027
0.0
0.032238906573772486
0.5452624728217003
4.624586374005272
0.0
4.203757533732618
====================
550
2
0.02721162147796674
0.034917595819313973
0.0
0.062129217297280714
0.43209776831221847
5.61490573004862
0.0
5.344102419436558
====================
600
2
0.0016891540012357914
0.06471133951034354
0.0
0.06640049351157934
0.5670941731836644
6.631983481224812
0.0
6.44806286923552
====================
650
2
0.02733020166073641
0.06466693711471039
0.0
0.03733673545397398
0.5404174591852688
6.617144563964636
0.0
6.310353971787779
====================
700
2
0.0018102833984374733
0.042544366260022226
0.0
0.04073408286158475
0.7156583041337443
6.623393897345472
0.0
6.129216991679573
====================
750
2
0.02721294321800327
0.04398537936245561
0.0
0.07119832258045888
0.6177651717488423
8.079792005695662
0.0
7.742808784723983
====================
800
2
0.0016902466238557308
0.11311105972014887
0.0
0.11480130634400461
0.7565357178047897
10.329562511974144
0.0
10.099153170531345
====================
850
2
0.027328479747225742
0.11128621246869241
0.0
0.08395773272146667
0.7231058347844359
10.66208455197097
0.0
10.320365072497221
====================
900
2
0.0018086302999331672
0.08022516224553611
0.0
0.07841653194560294
0.893739255241849
11.223795852096163
0.0
10.69502767630985
====================
950
2
0.02721415872773081
0.07259208210637347
0.0
0.09980624083410428
0.8051817250624569
12.61860053421299
0.0
12.236737838574244
====================
1000
2
0.0016916756879442286
0.0925283162153963
0.0
0.09421999190334053
0.9459780001307133
14.01211956675774
0.0
13.742748090753295
====================
0
2
0.0
3.23467826965753e-08
0.0
3.23467826965753e-08
0.0
1.4947030658206783e-07
0.0
1.4947030658206783e-07
====================
50
2
0.02733051144357379
0.027330479096806748
2500.1818355512482
3.2346767042668034e-08
0.17371438465980252
0.17371390421994864
247.3155143202336
4.81229021281739e-07
====================
100
2
0.0018242699946950935
0.0018242376479915556
5000.357835534854
3.2346703537911026e-08
0.287800152277322
0.2877994202003143
588.8581386576651
7.576821306389313e-07
====================
150
2
0.027207894290089074
0.02720792663691074
2500.181835551248
3.2346821665640846e-08
0.11019593896641776
0.11019484945450633
1067.6844575893283
1.096559086501052e-06
====================
200
2
0.0016902956956413922
0.0016903280424238794
0.005835543244598895
3.234678248722327e-08
0.18820259661638136
0.18820256251012782
1336.64713507202
1.3731983760434082e-06
====================
250
2
0.027332479045125924
0.027332446698327795
2500.181835551248
3.2346798128912724e-08
0.21375030276779447
0.2137491054409118
1715.361313627401
1.6871227265662955e-06
====================
300
2
0.0018149787420664865
0.001814946395325645
5000.357835534853
3.234674084140465e-08
0.3926843667861102
0.3926829389093135
2094.021564216154
1.9885207706319093e-06
====================
350
2
0.02721012618230856
0.02721015852913844
2500.181835551247
3.234682988129123e-08
0.25207705405581704
0.2520758455692082
2517.067424093857
2.309557578038365e-06
====================
400
2
0.003388800988957562
0.0033888333357400494
0.005835543243689401
3.234678248718473e-08
0.37258892886630407
0.37258898912044364
2853.6399399556585
2.6043455182920565e-06
====================
450
2
0.02733148811160202
0.027331455764818324
2500.181835551247
3.2346783696013404e-08
0.3532507430966289
0.3532496455677707
3234.1846673276564
2.9145856775223797e-06
====================
500
2
0.0018119054656531297
0.0018118731187724002
5000.357835534852
3.2346880729505756e-08
0.53311546027694
0.533113839924807
3613.763311115485
3.2199321925819885e-06
====================
0
2
0.0
2.126589633093627e-08
0.0
2.126589633093627e-08
0.0
5.606785095732686e-08
0.0
5.606785095732686e-08
====================
50
2
0.027330741125620506
0.02733071985969615
2500.1819039883962
2.1265924354807453e-08
0.17371511730728897
0.17371483500250096
247.31518668088344
2.856676443091318e-07
====================
100
2
0.0018242119052924721
0.0018241906394078633
5000.357903972002
2.126588460882317e-08
0.28780164488343396
0.28780120578980795
588.8506239377459
4.575447991825088e-07
====================
150
2
0.02720756799938795
0.027207589265247467
2500.181903988396
2.1265859517782815e-08
0.11019830974977665
0.11019763562561748
1067.675896058399
6.788230354801965e-07
====================
200
2
0.0016900955699874196
0.0016901168358834763
0.005903980392617747
2.1265896056720363e-08
0.1882028791053984
0.1882028695603535
1336.6397268063329
8.623796571067515e-07
====================
250
2
0.027332654400643586
0.027332633134774964
2500.181903988396
2.1265868621611617e-08
0.21375327583422357
0.21375252827923102
1715.354837241695
1.0709641664890265e-06
====================
300
2
0.0018150300235841854
0.001815008757651615
5000.357903972001
2.1265932570457835e-08
0.3926879509048822
0.39268704980908403
2094.0137539383827
1.2670815538578223e-06
====================
350
2
0.02720996336121817
0.027209984627113215
2500.181903988395
2.1265895044919603e-08
0.2520802949003623
0.25207952926309635
2517.0586898348024
1.4770772407940542e-06
====================
400
2
0.00168831411573119
0.0016883353816272467
0.005903980391708252
2.1265896056629307e-08
0.37765286420961
0.3776528431069084
2853.631568817841
1.6719587090249115e-06
====================
450
2
0.027331429337782653
0.027331408071898267
2500.181903988395
2.1265884386778566e-08
0.3646780884705464
0.3646773353737532
3234.17656438032
1.8771024044633393e-06
====================
500
2
0.0018121902283572133
0.0018121689626116044
5000.357903972
2.1265745608900488e-08
0.545269048705122
0.5452679751577413
3613.754358268515
2.0767364282872517e-06
====================
0
2
0.0
2.337790424140371e-08
0.0
2.337790424140371e-08
0.0
9.808110590879082e-08
0.0
9.808110590879082e-08
====================
50
2
0.027330635635350653
0.020271662515651823
0.0
0.00705897311969883
0.1737150981107953
0.15483658374978806
0.0
0.04841127813743337
====================
100
2
0.0018242918379081097
0.006079759292163978
0.0
0.007904051130072087
0.28780072875137924
0.16396433828809792
0.0
0.21316076793570363
====================
150
2
0.027207582157722898
0.018555083742192613
0.0
0.008652498415530285
0.11019674642542535
0.4472717020194151
0.0
0.3761425812568532
====================
200
2
0.0016905164456075734
0.00645687007535735
0.0
0.008147386520964923
0.1882021732318804
0.677021242785728
0.0
0.5261827564825426
====================
0
2
0.0
2.098536405403874e-08
0.0
2.098536405403874e-08
0.0
8.804518353513934e-08
0.0
8.804518353513934e-08
====================
0
2
0.0
1.1029814438022893e-08
0.0
1.1029814438022893e-08
0.0
2.817736502168665e-08
0.0
2.817736502168665e-08
====================
0
2
0.0
9.756169383828774e-09
0.0
9.756169383828774e-09
0.0
1.552617468530925e-07
0.0
1.552617468530925e-07
====================
0
2
0.0
2.3439164658260367e-08
0.0
2.3439164658260367e-08
0.0
9.919502962580737e-08
0.0
9.919502962580737e-08
====================
0
2
0.0
6.892721776242403e-07
0.0
6.892721776242403e-07
0.0
5.000016643287893
0.0
5.000016643287893
====================
0
2
0.0
9.209739839545938e-09
0.0
9.209739839545938e-09
0.0
1.4233579201787782e-07
0.0
1.4233579201787782e-07
====================
0
2
0.0
1.0434059133439375e-08
0.0
1.0434059133439375e-08
0.0
1.4824000860205452e-08
0.0
1.4824000860205452e-08
====================
0
2
0.0
9.486773127560893e-09
0.0
9.486773127560893e-09
0.0
1.0445160440309874e-07
0.0
1.0445160440309874e-07
====================
0
2
0.0
2.0022625955804296e-08
0.0
2.0022625955804296e-08
0.0
2.6049365034906755e-07
0.0
2.6049365034906755e-07
====================
50
2
0.02733062659593588
0.02954350631871905
0.0
0.0022128797227831676
0.17371471340749378
0.19821473530232286
0.0
0.05272614667236769
====================
100
2
0.0018240475196931172
0.006210748108303132
0.0
0.00803479562799625
0.2878004957595862
0.2223984573597659
0.0
0.13663532964755995
====================
150
2
0.027207505840948
0.014064022191019765
0.0
0.013143483649928234
0.11019632219902
0.5351038110362142
0.0
0.45059674757070156
====================
200
2
0.0016901386564043405
0.007178901383042522
0.0
0.008869040039446862
0.188202410567245
0.7924821174288784
0.0
0.6522798779037388
====================
250
2
0.02733269963859075
0.005321485943540427
0.0
0.03265418558213118
0.2137507424514919
0.9234255870238328
0.0
0.8671589494301261
====================
300
2
0.0018150237710989892
0.035948749754780795
0.0
0.037763773525879785
0.3926849029816333
1.5952947456904256
0.0
1.713768223043071
====================
350
2
0.02721000515149008
0.014048630249250182
0.0
0.013161374902239897
0.252077525420206
1.1376863380707793
0.0
0.9429908699907291
====================
400
2
0.001688515663164936
0.04020370122166905
0.0
0.04189221688483399
0.37765241389472765
2.7678042210881206
0.0
2.5849038189554365
====================
450
2
0.027331529632410145
0.0659230697569213
0.0
0.03859154012451116
0.36467534132602336
3.053835908737115
0.0
2.7654344228503196
====================
500
2
0.0018122246783995877
0.06193310356316806
0.0
0.06012087888476847
0.545265126915141
4.195253838860795
0.0
3.728474327053678
====================
0
2
0.0
2.9787995632167036e-08
0.0
2.9787995632167036e-08
0.0
4.4730200797853954e-07
0.0
4.4730200797853954e-07
====================
50
2
0.02733062659593588
0.027109013627645062
0.0
0.00022161296829081856
0.17371471340749378
0.17157006768206232
0.0
0.042381770074565485
====================
100
2
0.0018240475196931172
0.0043153774843065484
0.0
0.0024913299646134313
0.2878004957595862
0.3395255047842432
0.0
0.1972007776862287
====================
150
2
0.027207505840948
0.027930943055100466
0.0
0.000723437214152467
0.11019632219902
0.4524281550786067
0.0
0.45469479388251227
====================
200
2
0.0016901386564043405
0.0006321520745891608
0.0
0.0010579865818151797
0.188202410567245
0.8477610613727542
0.0
0.65957365529014
