====================
0
0
0.0
1.006070124856571e-08
0.0
1.006070124856571e-08
0.0
1.267710486048929e-07
0.0
1.267710486048929e-07
====================
50
0
0.02733075151117137
0.029038860976457803
0.0
0.0017081094652864337
0.17371503926454557
0.18030461533867867
0.0
0.036220361436021614
====================
100
0
0.0018240376650355827
0.006707137871653668
0.0
0.00853117553668925
0.2878020220756704
0.18339119239819623
0.0
0.2580318802814548
====================
150
0
0.02720733798001973
0.019789311438082047
0.0
0.007418026541937683
0.11019890441784111
0.3571001119134324
0.0
0.31116993881239835
====================
200
0
0.0016903749498569424
0.019773396060218836
0.0
0.021463771010075777
0.18820323274852874
0.7324700177792155
0.0
0.6009776013386133
====================
250
0
0.02733254000044938
0.03219195408387554
0.0
0.004859414083426161
0.2137539958069652
0.5703249294537512
0.0
0.4316976710448413
====================
300
0
0.0018150897702837732
0.009578669491790315
0.0
0.011393759262074088
0.39268891149106877
1.029129316889869
0.0
1.0789054147190367
====================
350
0
0.02721016538345733
0.008053100733694585
0.0
0.019157064649762745
0.2520812334723506
1.0293663913061506
0.0
0.7989831683425571
====================
400
0
0.001688563280136955
0.06818438606346577
0.0
0.06987294934360273
0.37765325662681837
3.2641841641816116
0.0
3.1412892418168425
====================
450
0
0.02733143825535711
0.08619700344224057
0.0
0.05886556518688346
0.36467894483479746
3.955236065220989
0.0
3.717154771943186
====================
500
0
0.00181222011979143
0.048657989362239196
0.0
0.046845769242447766
0.5452702892286659
3.869590135261857
0.0
3.4311062306461917
====================
550
0
0.02721127182890748
0.06224117579471722
0.0
0.0894524476236247
0.43210305251410164
5.144563305002867
0.0
4.862212109669943
====================
600
0
0.0016892688092611345
0.09053986670995369
0.0
0.09222913551921483
0.5670948825159707
6.1490492780641395
0.0
5.98519597494235
====================
650
0
0.02732975906644297
0.11053010155569987
0.0
0.0832003424892569
0.5404227595269024
6.804045467942201
0.0
6.5361749237171205
====================
700
0
0.0018106024708659518
0.05784294883490526
0.0
0.05603234636403931
0.7156666061743913
6.247901502551243
0.0
5.780316035541067
====================
750
0
0.027212472114111153
0.049103559947431874
0.0
0.07631603206154303
0.6177703987122592
7.226113159279666
0.0
6.894309578887865
====================
800
0
0.001689784533401926
0.10322650572799971
0.0
0.10491629026140165
0.7565364291545368
9.794228282349417
0.0
9.59127280934065
====================
850
0
0.027328576863655085
0.13626752140047738
0.0
0.10893894453682229
0.7231112195994528
11.669255486186351
0.0
11.352048339032983
====================
900
0
0.0018089178373399406
0.0928264536779202
0.0
0.09101753584058025
0.8937479334176928
12.113450451519547
0.0
11.622771278586074
====================
950
0
0.027214021943144928
0.08312095880931492
0.0
0.11033498075245984
0.8051871037386134
13.487622734091232
0.0
13.125659605073471
====================
1000
0
0.0016914696338846428
0.11879826507035922
0.0
0.12048973470424387
0.9459786693736266
15.30506248539347
0.0
15.064841709752882
====================
0
0
0.0
1.2644176446962075e-08
0.0
1.2644176446962075e-08
0.0
1.5057698129067947e-07
0.0
1.5057698129067947e-07
====================
50
0
0.02733062131509234
0.027075994190737696
0.0
0.00025462712435464496
0.17371290384901403
0.18598819519894072
0.0
0.058435304609419265
====================
100
0
0.0018238247987163447
0.007498419724561778
0.0
0.009322244523278123
0.28779868086952903
0.19405417940850217
0.0
0.22684845632443482
====================
150
0
0.027207847471271362
0.012073681720006446
0.0
0.015134165751264916
0.11019342036244231
0.3389888098059567
0.0
0.3061223267171009
====================
200
0
0.001690488593007264
0.02108905671205635
0.0
0.02277954530506361
0.1882030912304247
0.7056511307854366
0.0
0.5906985852233901
====================
250
0
0.027332357040373623
0.03845102302751702
0.0
0.011118665987143395
0.2137478943799853
0.6269868946501548
0.0
0.41411856823933063
====================
300
0
0.0018148043955963367
0.0017398680574416403
0.0
0.003554672453037977
0.39268133627246293
0.8481271722548246
0.0
0.877261104194189
====================
350
0
0.027210108269833944
0.004623322577690603
0.0
0.02258678569214334
0.25207471707977797
1.1099071613309128
0.0
0.857838529192651
====================
400
0
0.0016883190011621526
0.07671374007829679
0.0
0.07840205907945895
0.3776529176953825
3.7024391956114227
0.0
3.6021041880081315
====================
450
0
0.02733152908373193
0.07912008349833077
0.0
0.05178855441459884
0.36467279244087886
4.712991237644383
0.0
4.4934129519685815
====================
500
0
0.001812189171610079
0.0392002854048501
0.0
0.03738809623324002
0.5452611589334203
4.473666734562758
0.0
4.0557834940794875
====================
550
0
0.027211597360044637
0.033293062203978874
0.0
0.06050465956402351
0.4320969680328594
5.029037389062208
0.0
4.760483020985356
====================
600
0
0.0016891357983373017
0.09379234021042056
0.0
0.09548147600875787
0.5670944720561526
6.50678720289817
0.0
6.3505532764165284
====================
650
0
0.027329978339797778
0.1286671031481923
0.0
0.10133712480839452
0.5404165285762942
7.093883514151023
0.0
6.830661680576747
====================
700
0
0.0018102694835993027
0.06896257323711374
0.0
0.06715230375351444
0.7156569773262954
6.545842527128064
0.0
6.077506239914001
====================
750
0
0.027212892289495194
0.06498300445254213
0.0
0.09219589674203732
0.6177644588342601
7.664958870275031
0.0
7.3435426841125695
====================
800
0
0.0016900533335308743
0.11908155933184084
0.0
0.12077161266537172
0.756535953759806
9.589717214979265
0.0
9.397957897222115
====================
850
0
0.02732838054358777
0.14393599012176717
0.0
0.1166076095781794
0.7231051168837086
10.069906511081046
0.0
9.773255208217119
====================
900
0
0.0018088492096097752
0.11402262382534945
0.0
0.11221377461573967
0.8937379130408174
10.511838877343703
0.0
10.018589061650353
====================
950
0
0.027214072535783007
0.09662434354671778
0.0
0.12383841608250079
0.8051811327372654
11.677494696178986
0.0
11.318086586545032
====================
1000
0
0.0016914628446547749
0.13640958044664056
0.0
0.13810104329129533
0.9459782706149882
13.65360014760985
0.0
13.42646600466465
====================
0
0
0.0
3.447911735347617e-08
0.0
3.447911735347617e-08
0.0
6.06772873871916e-08
0.0
6.06772873871916e-08
====================
50
0
0.027330623489324468
0.02733058901017027
2500.181915330965
3.447915419840797e-08
0.1737151535216332
0.17371481660191282
247.31513236992768
3.740307760719994e-07
====================
100
0
0.0018240170588685878
0.0018239825797237152
5000.357915314569
3.447914487253456e-08
0.28780116205506057
0.28780060171584804
588.8493784603261
5.980089565817842e-07
====================
150
0
0.027207500740469515
0.02720753521960617
2500.181915330964
3.447913665688418e-08
0.11019745906078708
0.11019651749011303
1067.6744770948687
9.494578558201917e-07
====================
200
0
0.0016903637286025046
0.0016903982077197451
0.005915322960507119
3.447911724045296e-08
0.18820236449757946
0.18820239492165045
1336.638498973787
1.2540245637351484e-06
====================
250
0
0.027332453644784538
0.027332419165700728
2500.181915330964
3.447908381026821e-08
0.21375198022327985
0.21375091034955127
1715.353763854305
1.600814341680908e-06
====================
300
0
0.0018150574153832366
0.0018150229363702586
5000.357915314568
3.4479012978039236e-08
0.3926864054270523
0.39268507947669257
2094.0124594831855
1.9104658263563405e-06
====================
350
0
0.027209991134154343
0.027210025613268574
2500.181915330963
3.447911423037908e-08
0.2520787436046401
0.2520776056986381
2517.057242248819
2.2466783419439358e-06
====================
400
0
0.0016883123254865452
0.0016883468046037856
0.005915322959597624
3.4479117240375035e-08
0.3776523435768199
0.37765235711230544
2853.6301814136814
2.566754466298186e-06
====================
450
0
0.027331243484615575
0.027331209005531765
2500.181915330963
3.447908381026821e-08
0.36467664575381703
0.3646755338191685
3234.1752214262438
2.9038035661503654e-06
====================
500
0
0.001812167295651701
0.0018121328164641959
5000.357915314567
3.447918750509871e-08
0.5452671151124531
0.5452654890011751
3613.7528744613564
3.22318313503922e-06
====================
0
0
0.0
2.3590448055328244e-08
0.0
2.3590448055328244e-08
0.0
1.0564054967184481e-07
0.0
1.0564054967184481e-07
====================
50
0
0.027330791045886427
0.02733076745544949
2500.1819285298743
2.35904369372264e-08
0.17371509883516686
0.1737149193239033
247.31506916713957
2.3393137263006665e-07
====================
100
0
0.0018241124610618442
0.0018240888705776115
5000.357928513479
2.359048423272725e-08
0.28780220533640904
0.28780188608100754
588.8479291424258
3.4990971756716587e-07
====================
150
0
0.02720756962432347
0.027207593214750192
2500.1819285298734
2.3590426723174573e-08
0.11019920341658483
0.11019862326076749
1067.6728259012643
5.857407587501574e-07
====================
200
0
0.001690610754028374
0.001690634344476093
0.005928521870194103
2.359044771885383e-08
0.1882032479353559
0.18820328829976368
1336.6370701891317
7.976970713604302e-07
====================
250
0
0.027332773092042295
0.027332749501587816
2500.1819285298734
2.359045447875019e-08
0.21375440814889296
0.2137537363336826
1715.3525147907085
1.0390257181002157e-06
====================
300
0
0.0018151067570721935
0.001815083166609277
5000.357928513478
2.3590462916445176e-08
0.3926894572635927
0.39268860724222354
2094.0109531742332
1.2467337327122747e-06
====================
350
0
0.02720993414838757
0.0272099577387781
2500.1819285298725
2.359039052990397e-08
0.2520816719207978
0.2520809372217081
2517.055557750131
1.4746863844737432e-06
====================
400
0
0.0016882039554967057
0.001688227545944425
0.005928521869284609
2.359044771898046e-08
0.37765316689789113
0.37765319646886547
2853.6285669458694
1.695578042541761e-06
====================
450
0
0.027331452207699947
0.027331428617287212
2500.1819285298725
2.3590412734364463e-08
0.3646795038098667
0.36467878925199654
3234.173658682914
1.92819552359539e-06
====================
500
0
0.0018121365843390969
0.0018121129938601932
5000.357928513477
2.359047890365673e-08
0.5452710984523993
0.5452700343782251
3613.7511478148776
2.1447074499259504e-06
====================
0
0
0.0
2.012758513755194e-08
0.0
2.012758513755194e-08
0.0
2.563941598503148e-07
0.0
2.563941598503148e-07
====================
50
0
0.02733075151117137
0.029920322870203853
0.0
0.002589571359032483
0.17371503926454557
0.18999155580462426
0.0
0.047704633447699304
====================
100
0
0.0018240376650355827
0.003375721298494838
0.0
0.005199758963530421
0.2878020220756704
0.1847983221238998
0.0
0.2036903798791271
====================
150
0
0.02720733798001973
0.024422984092610234
0.0
0.0027843538874094964
0.11019890441784111
0.2875667244384825
0.0
0.262002965946874
====================
200
0
0.0016903749498569424
0.01297280919164446
0.0
0.014663184141501404
0.18820323274852874
0.6861557728969291
0.0
0.5551313451610366
====================
0
0
0.0
2.1925742859034396e-08
0.0
2.1925742859034396e-08
0.0
5.720611910931662e-08
0.0
5.720611910931662e-08
====================
0
0
0.0
1.1046697643392217e-08
0.0
1.1046697643392217e-08
0.0
2.6792304708787972e-08
0.0
2.6792304708787972e-08
====================
0
0
0.0
1.275480175676089e-08
0.0
1.275480175676089e-08
0.0
1.587878431820577e-07
0.0
1.587878431820577e-07
====================
0
0
0.0
2.3590448055328244e-08
0.0
2.3590448055328244e-08
0.0
1.0564054967184481e-07
0.0
1.0564054967184481e-07
====================
0
0
0.0
7.018999538338571e-07
0.0
7.018999538338571e-07
0.0
5.0000538948476185
0.0
5.0000538948476185
====================
0
0
0.0
1.0328900816905515e-08
0.0
1.0328900816905515e-08
0.0
9.288422222501565e-08
0.0
9.288422222501565e-08
====================
0
0
0.0
1.2680181496460727e-08
0.0
1.2680181496460727e-08
0.0
1.607453628862184e-07
0.0
1.607453628862184e-07
====================
0
0
0.0
1.2858406511343744e-08
0.0
1.2858406511343744e-08
0.0
1.7639732884318118e-07
0.0
1.7639732884318118e-07
====================
0
0
0.0
2.273274051827678e-08
0.0
2.273274051827678e-08
0.0
2.4737027187350857e-08
0.0
2.4737027187350857e-08
====================
50
0
0.0273307073446607
0.02530938988405551
0.0
0.0020213174606051876
0.1737149111702864
0.1994113954448988
0.0
0.06206317442299798
====================
100
0
0.0018238463761206525
0.005584491465929098
0.0
0.00740833784204975
0.2878011492068682
0.206733183955176
0.0
0.18225616501426914
====================
150
0
0.027207579282740202
0.014728367339713833
0.0
0.01247921194302637
0.1101972309963515
0.3098079787318754
0.0
0.2662404891365084
====================
200
0
0.0016903715509292172
0.021277778860204176
0.0
0.02296815041113339
0.18820255118672674
0.6761236742701631
0.0
0.5580868309556761
====================
250
0
0.027332586778447077
0.027897683960591335
0.0
0.0005650971821442585
0.21375189955947901
0.6127558740066685
0.0
0.4449761630016885
====================
300
0
0.0018150450397502738
0.024756804281389932
0.0
0.026571849321140206
0.39268637037608867
1.4657368824508508
0.0
1.6038747550716193
====================
350
0
0.02720976177883605
0.025818028112404745
0.0
0.0013917336664313051
0.2520787553872247
1.0357102104059788
0.0
0.9464344167663782
====================
400
0
0.0016884860990429925
0.04694026951284022
0.0
0.04862875561188321
0.3776525757186824
2.7319218707629176
0.0
2.589824985133423
====================
450
0
0.02733187961540584
0.09666975999760385
0.0
0.06933788038219801
0.3646767412558257
3.5966343122786157
0.0
3.365480329496115
====================
500
0
0.001812236095739106
0.06404914889199187
0.0
0.062236912796252764
0.5452670040267228
3.9619130015910264
0.0
3.5403321933291307
====================
0
0
0.0
3.7261944556709084e-08
0.0
3.7261944556709084e-08
0.0
3.8076794178055127e-07
0.0
3.8076794178055127e-07
====================
50
0
0.02733045669371914
0.028841289135373982
0.0
0.0015108324416548413
0.17371363019296587
0.1842631608973554
0.0
0.05200280982797996
====================
100
0
0.0018240517325525119
0.0009067532705548942
0.0
0.0009172984619976177
0.2877997814088506
0.3181485250269633
0.0
0.18803734069721487
====================
150
0
0.027207507476533666
0.030102703292091526
0.0
0.0028951958155578605
0.11019540625388491
0.42220975696387475
0.0
0.4349812778557651
====================
200
0
0.0016902029543692152
0.006646111287195619
0.0
0.004955908332826404
0.18820317310092993
0.8564034645297299
0.0
0.6687798141837982
