====================
0
1
0.0
1.1775624214492802e-08
0.0
1.1775624214492802e-08
0.0
5.429114849797392e-08
0.0
5.429114849797392e-08
====================
50
1
0.027330616093439897
0.022679728413047995
0.0
0.004650887680391902
0.17371400018347638
0.20370404320059987
0.0
0.059412102777745855
====================
100
1
0.0018241137935333107
0.0017391091046410345
0.0
8.500468889227619e-05
0.28780027225988636
0.23429714846778607
0.0
0.20675532367908778
====================
150
1
0.027207462229384083
0.00728103264579083
0.0
0.019926429583593253
0.11019629158145586
0.5109398282557212
0.0
0.43823273783152766
====================
200
1
0.001690176321870001
0.024911250852920796
0.0
0.026601427174790797
0.1882031733256988
0.8869710378396652
0.0
0.783952865519885
====================
250
1
0.02733283323250335
0.03681695769355464
0.0
0.009484124461051291
0.2137511563450033
0.9345245474121389
0.0
0.7215975566722554
====================
300
1
0.0018149130762759036
0.012944393329007209
0.0
0.014759306405283112
0.39268531544766794
0.888452501979076
0.0
0.8188881320520284
====================
350
1
0.027210055463167793
0.018473498934252763
0.0
0.00873655652891503
0.2520781070325001
1.1179064503338407
0.0
0.8676734752077506
====================
400
1
0.0016883893820270933
0.06781849190178346
0.0
0.06950688128381056
0.37765307347320454
3.946622424048478
0.0
3.8426441054607925
====================
450
1
0.027331525760113662
0.10210289154617636
0.0
0.0747713657860627
0.36467606724797585
4.861756252403505
0.0
4.648247424984434
====================
500
1
0.0018121457139685937
0.06318847877558831
0.0
0.061376333061619714
0.5452659867994496
4.064957594835423
0.0
3.6472249800353858
====================
550
1
0.027211456148979796
0.07396005700057762
0.0
0.10117151314955741
0.432100289202668
5.331429699251081
0.0
5.053261423089664
====================
600
1
0.0016891104872226795
0.11705361107912728
0.0
0.11874272156634996
0.567094683892283
6.986213779179961
0.0
6.826044882860868
====================
650
1
0.027330367315577142
0.1397265706651185
0.0
0.11239620334954137
0.5404200000219976
8.074752352796922
0.0
7.82938056436216
====================
700
1
0.001810296096660391
0.06238832531690219
0.0
0.0605780292202418
0.7156621217922258
6.85718139330082
0.0
6.394149718916719
====================
750
1
0.027212656273052804
0.04939168374562031
0.0
0.07660434001867311
0.617767634365609
8.155920806970093
0.0
7.841407991474677
====================
800
1
0.001690241661414156
0.10698104850241541
0.0
0.10867129016382958
0.7565361250412201
10.362305143219709
0.0
10.172237201493042
====================
850
1
0.027328533697854818
0.10314925948286668
0.0
0.07582072578501187
0.7231083312333483
11.949684705185138
0.0
11.642862027415216
====================
900
1
0.0018089130436584888
0.05846350861543703
0.0
0.05665459557177854
0.8937433919473339
11.837563205353906
0.0
11.353631796711053
====================
950
1
0.02721395211114297
0.05922417689398807
0.0
0.08643812900513104
0.8051843875520678
13.472328250295286
0.0
13.130811898209785
====================
1000
1
0.0016915431101372064
0.10820896921287451
0.0
0.10990051232301172
0.9459783928510046
15.373902220835179
0.0
15.146178138879405
====================
0
1
0.0
1.2352187355754123e-08
0.0
1.2352187355754123e-08
0.0
1.1178735998365764e-07
0.0
1.1178735998365764e-07
====================
50
1
0.027330635247499346
0.02114627526458923
0.0
0.006184359982910115
0.1737146063546534
0.1570597838072793
0.0
0.07153976315575378
====================
100
1
0.0018240257175508034
0.00173010400913709
0.0
9.392170841371339e-05
0.2878004113315106
0.26673956664842713
0.0
0.21451757760126086
====================
150
1
0.02720749080740359
0.01907452752935912
0.0
0.00813296327804447
0.11019647222255417
0.3805188251429994
0.0
0.3482844615782887
====================
200
1
0.001690378952444639
0.019723605802743616
0.0
0.021413984755188253
0.188202460365925
0.9211709718213335
0.0
0.8053822845283891
====================
250
1
0.027332422099071607
0.04397245208726108
0.0
0.016640029988189475
0.21375098416535784
0.975274171650642
0.0
0.7640486374885606
====================
300
1
0.00181500003891788
0.0065455065741018
0.0
0.00473050653518392
0.3926852158534753
0.8494978579947488
0.0
0.7032208868581457
====================
350
1
0.02721009368299887
0.007978478493025687
0.0
0.03518857217602456
0.2520777178016955
1.4307301995378339
0.0
1.1846835217436127
====================
400
1
0.0016884192715160974
0.07970807250167479
0.0
0.08139649177319089
0.3776524488919928
4.270591710674201
0.0
4.171380937084985
====================
450
1
0.02733154844099772
0.11205039324530475
0.0
0.08471884480430703
0.36467565355333165
5.211280101482416
0.0
5.002842244644051
====================
500
1
0.0018121806045083844
0.0881363948871523
0.0
0.08632421428264392
0.545265729523644
5.4296607795745615
0.0
5.04345626186656
====================
550
1
0.027211395434358687
0.05284817806900155
0.0
0.08005957350336024
0.43209973683765124
5.429375825336438
0.0
5.175206657361172
====================
600
1
0.0016891547376115964
0.09317932023167874
0.0
0.09486847496929035
0.5670940779880252
6.9806602783004
0.0
6.836785951800107
====================
650
1
0.02733018696931544
0.11499612983488205
0.0
0.08766594286556662
0.5404195706441335
7.546234750668518
0.0
7.292247019140352
====================
700
1
0.0018105148630822576
0.06501785764346435
0.0
0.06320734278038209
0.7156617529903772
7.0741916006293595
0.0
6.625706432629663
====================
750
1
0.027212655721803092
0.0603165223511668
0.0
0.0875291780729699
0.6177671150168377
8.255906654054264
0.0
7.954626580601366
====================
800
1
0.0016902321592246927
0.12262829392677421
0.0
0.12431852608599891
0.756535640672057
10.991993855323141
0.0
10.820889266341029
====================
850
1
0.0273285250271611
0.13098639052113548
0.0
0.10365786549397438
0.7231080185910488
11.137255517063958
0.0
10.84846010099863
====================
900
1
0.00180895912948964
0.09726964339384958
0.0
0.09546068426435994
0.8937429042299097
11.566545684774725
0.0
11.092219804474215
====================
950
1
0.02721405785652342
0.06614579527951125
0.0
0.09335985313603468
0.8051838894336487
12.475349016602552
0.0
12.143151209269831
====================
1000
1
0.0016915904215842829
0.11398925511232932
0.0
0.11568084553391361
0.9459779250344752
14.377259327868039
0.0
14.154028786650699
====================
0
1
0.0
2.9847789483570943e-08
0.0
2.9847789483570943e-08
0.0
4.4920172198406834e-07
0.0
4.4920172198406834e-07
====================
50
1
0.02733061316989871
0.027330583322085156
2500.181905641156
2.9847813554084723e-08
0.17371519231114932
0.17371450139786876
247.315178767224
7.099367056827943e-07
====================
100
1
0.001824001097432859
0.0018239712496010974
5000.357905624761
2.984783176174233e-08
0.2878016069694761
0.28780062017381647
588.8504424557351
1.0028523534847112e-06
====================
150
1
0.027207381024893396
0.027207410872659432
2500.1819056411555
2.984776603653927e-08
0.11019816404389876
0.1101968477345791
1067.6756892970195
1.322560646482157e-06
====================
200
1
0.001690298091874
0.0016903279396634746
0.005905633152200718
2.984778947463549e-08
0.1882027188029405
0.18820259234258432
1336.639547895108
1.5682641067774728e-06
====================
250
1
0.027332550604877603
0.027332520757133105
2500.1819056411555
2.984774449821259e-08
0.21375298372406562
0.21375158668881328
1715.3546808351214
1.8443230174148325e-06
====================
300
1
0.0018150993839052276
0.0018150695362009195
5000.35790562476
2.98477043081391e-08
0.3926874969078064
0.3926859017014654
2094.0135653193142
2.13421354582874e-06
====================
350
1
0.02721004623932366
0.027210076087159862
2500.1819056411546
2.9847836202634426e-08
0.25207983331545714
0.2520785051952443
2517.058478902589
2.436838357322283e-06
====================
400
1
0.001688497713603459
0.0016885275613929339
0.005905633151291223
2.984778947473332e-08
0.37765287160281863
0.37765272443964343
2853.6313666549213
2.7018722972226923e-06
====================
450
1
0.027331410930768296
0.027331381082952966
2500.1819056411546
2.984781533044156e-08
0.364677786920766
0.3646764626739955
3234.176368694693
2.9802755582613767e-06
====================
500
1
0.0018121180219212718
0.0018120881741219286
5000.357905624759
2.984779934323001e-08
0.5452686147950953
0.545266827648958
3613.754142059347
3.2691017539566425e-06
====================
0
1
0.0
1.9827244222563354e-08
0.0
1.9827244222563354e-08
0.0
2.0655979208309883e-07
0.0
2.0655979208309883e-07
====================
50
1
0.02733052623756893
0.0273305064102618
2500.1819465787476
1.9827307129460792e-08
0.17371579984528931
0.17371541378520125
247.31498273476308
3.896251659509843e-07
====================
100
1
0.0018240704342771252
0.0018240506070319462
5000.3579465623525
1.9827245179016018e-08
0.2878016895110765
0.2878011258370229
588.8459472635568
5.761832130192766e-07
====================
150
1
0.0272075163543799
0.02720753618164462
2500.181946578747
1.982726471894125e-08
0.11019809795156894
0.11019731531026397
1067.6705679725192
7.86868390348891e-07
====================
200
1
0.0016902952292597345
0.0016903150565039271
0.005946570743728508
1.9827244192440745e-08
0.18820204054380296
0.1882019847874624
1336.6351163892784
9.526214240618825e-07
====================
250
1
0.02733284365073252
0.027332823823475128
2500.181946578747
1.982725739146929e-08
0.2137526298376789
0.21375178810472967
1715.3508067497055
1.1397239158923843e-06
====================
300
1
0.001815250667190682
0.001815230840034321
5000.357946562352
1.9827156361174048e-08
0.3926869914357106
0.39268601379140633
2094.008893367776
1.3291716316495148e-06
====================
350
1
0.02720999522218559
0.027210015049458525
2500.181946578746
1.9827272934591633e-08
0.25207920233847697
0.25207838310097014
2517.053254282714
1.528469833377471e-06
====================
400
1
0.0016884006292623792
0.0016884204565065716
0.005946570742819013
1.9827244192400934e-08
0.37765203222685545
0.3776519638269288
2853.6263592424334
1.7064856136890601e-06
====================
450
1
0.027331578937674017
0.027331559110469916
2500.181946578746
1.9827204100764106e-08
0.36467715097308007
0.36467633770301583
3234.171521711549
1.8936539153170497e-06
====================
500
1
0.001812022374583222
0.0018120025474099855
5000.357946562351
1.9827173236564022e-08
0.5452677151051023
0.545266597589815
3613.74878671661
2.083553694620672e-06
====================
0
1
0.0
2.2101208210184245e-08
0.0
2.2101208210184245e-08
0.0
1.2460895487481954e-07
0.0
1.2460895487481954e-07
====================
50
1
0.027331142793098007
0.028013549751924716
0.0
0.000682406958826709
0.16051757079519266
0.18669086038951704
0.0
0.07097886546973914
====================
100
1
0.0018244933791198292
0.008630742137405445
0.0
0.006806248758285616
0.2708179692175019
0.30057931044467867
0.0
0.19469986160018862
====================
150
1
0.02720601883027718
0.017117393514162194
0.0
0.010088625316114985
0.09324605260864949
0.3780873366669292
0.0
0.3485150312234524
====================
200
1
0.0016890272620224633
0.02193964862256007
0.0
0.02362867588458253
0.18375252068517473
0.9099290208893611
0.0
0.8100996916203562
====================
0
1
0.0
2.2357730198720673e-08
0.0
2.2357730198720673e-08
0.0
1.4663642544910526e-08
0.0
1.4663642544910526e-08
====================
0
1
0.0
1.0814095504631056e-08
0.0
1.0814095504631056e-08
0.0
4.483447492894795e-08
0.0
4.483447492894795e-08
====================
0
1
0.0
1.1294885921568223e-08
0.0
1.1294885921568223e-08
0.0
8.981293923800553e-08
0.0
8.981293923800553e-08
====================
0
1
0.0
2.080286540505623e-08
0.0
2.080286540505623e-08
0.0
1.820461021380306e-07
0.0
1.820461021380306e-07
====================
0
1
0.0
1.2466136839775745e-08
0.0
1.2466136839775745e-08
0.0
1.33614985952379e-07
0.0
1.33614985952379e-07
====================
0
1
0.0
9.486773127560893e-09
0.0
9.486773127560893e-09
0.0
1.0445160440309874e-07
0.0
1.0445160440309874e-07
====================
0
1
0.0
1.2809132363160712e-08
0.0
1.2809132363160712e-08
0.0
1.719197736525215e-07
0.0
1.719197736525215e-07
====================
0
1
0.0
9.391207939015052e-09
0.0
9.391207939015052e-09
0.0
1.2277182582504568e-07
0.0
1.2277182582504568e-07
====================
0
1
0.0
2.5324602165807317e-08
0.0
2.5324602165807317e-08
0.0
3.1002019103727863e-07
0.0
3.1002019103727863e-07
====================
50
1
0.02733052219393972
0.022841934181602186
0.0
0.0044885880123375355
0.17371372951040107
0.1715169562702363
0.0
0.0905398653717439
====================
100
1
0.0018242644647936679
0.0015278269443657067
0.0
0.00029643752042796123
0.2877997796980223
0.27153051150200863
0.0
0.19730022930741284
====================
150
1
0.027207674788574332
0.01939422077806241
0.0
0.007813454010511922
0.11019538107464784
0.3743446627208218
0.0
0.33754771455988475
====================
200
1
0.0016903889413712896
0.022153304300806323
0.0
0.02384369324217761
0.18820324065503552
0.9171160356235517
0.0
0.8040218465747783
====================
250
1
0.02733251176833451
0.0341704784413821
0.0
0.006837966673047591
0.21375012300170484
0.8705083956772649
0.0
0.6568643610696832
====================
300
1
0.0018149522649921757
0.020613249357178898
0.0
0.022428201622171073
0.3926840422718783
1.0958686836726546
0.0
1.1365864556466536
====================
350
1
0.027210106733889017
0.02885192596827313
0.0
0.001641819234384112
0.25207718190744455
0.9535255351078006
0.0
0.7556495851438487
====================
400
1
0.0016881980172964517
0.05365387921922021
0.0
0.055342077236516664
0.37765310444829614
3.276002370451586
0.0
3.141156734032543
====================
450
1
0.027331563775361722
0.10033660994324389
0.0
0.07300504616788217
0.3646749657789743
3.9047514537102526
0.0
3.6719893254480835
====================
500
1
0.0018121685357916917
0.06858747448889746
0.0
0.06677530595310577
0.5452644229468268
4.089321067610231
0.0
3.649893910523585
====================
0
1
0.0
3.546710292069359e-08
0.0
3.546710292069359e-08
0.0
1.827608318202619e-07
0.0
1.827608318202619e-07
====================
50
1
0.027331235107442176
0.02946182273949094
0.0
0.0021305876320487638
0.1605176013581057
0.16955373105973984
0.0
0.05026778723101706
====================
100
1
0.0018246910366173097
0.0017643385536709744
0.0
0.003589029590288284
0.27081800076244555
0.30053907408175834
0.0
0.17417888407726212
====================
150
1
0.027206198869339504
0.03171621132552738
0.0
0.004510012456187873
0.09324625180190362
0.43125859677173445
0.0
0.4492019932698038
====================
200
1
0.0016890091980984005
0.0058703555848060585
0.0
0.004181346386707658
0.1837525678144016
0.8726904802365392
0.0
0.6891094957090199
