====================
0
4
0.0
1.2092348402175841e-08
0.0
1.2092348402175841e-08
0.0
9.790846474444842e-08
0.0
9.790846474444842e-08
====================
50
4
0.02733043558762982
0.022768044341577642
0.0
0.004562391246052178
0.17371513168691885
0.16316930272754349
0.0
0.08274229161052972
====================
100
4
0.0018242213995844914
0.014170142969756938
0.0
0.01599436436934143
0.28780074300199526
0.2068326135662065
0.0
0.23946979720773737
====================
150
4
0.02890805395257101
0.006409311757017422
0.0
0.02249874219555359
0.10577020113994653
0.7505410611679101
0.0
0.6703929109100684
====================
200
4
0.0016905302658732904
0.02976477818024283
0.0
0.03145530844611612
0.1882021908642722
1.1726188465431522
0.0
1.076959376316031
====================
250
4
0.02733262000429293
0.02682727030597043
0.0
0.0005053496983224992
0.21375124398702897
0.911763492406481
0.0
0.7017190495391006
====================
300
4
0.001815033739670291
0.0056626855347290395
0.0
0.00747771927439933
0.3926853124640388
0.8691011595547632
0.0
0.6492732805615213
====================
350
4
0.02891050400563855
0.009982189495133298
0.0
0.01892831451050525
0.23695795042385484
1.591578031748186
0.0
1.3634608543348996
====================
400
4
0.0016885777106324979
0.0881386163755979
0.0
0.08982719408623041
0.37765214184839146
4.554801955013111
0.0
4.452583577267971
====================
450
4
0.02733147576718009
0.08076824243901548
0.0
0.05343676667183539
0.364675600168136
4.428213771004077
0.0
4.172152884283564
====================
500
4
0.001812234616910935
0.051056934964872625
0.0
0.04924470034796169
0.5452657364671941
4.60900087688844
0.0
4.157965492381757
====================
550
4
0.028912196945470647
0.04805231102483942
0.0
0.07696450797031007
0.4157873763335021
5.923375672834204
0.0
5.648489969534539
====================
600
4
0.0016891390628623404
0.08996467904545617
0.0
0.09165381810831852
0.5670938061527633
7.241659678298711
0.0
7.0528520606381155
====================
650
4
0.02733005717795245
0.10654818882662997
0.0
0.07921813164867753
0.5404192673232567
7.390509314944999
0.0
7.090739136887987
====================
700
4
0.0018101750125802951
0.08596537634034318
0.0
0.08415520132776289
0.7156617761722806
7.206592339492475
0.0
6.709911200613215
====================
750
4
0.02721282520917523
0.06766779320548633
0.0
0.09488061841466155
0.6177670944204505
8.415038572345946
0.0
8.080369344848387
====================
800
4
0.0016902327062728074
0.13969735778160375
0.0
0.14138759048787655
0.756535270426278
10.050373515552959
0.0
9.806940535204578
====================
850
4
0.027328719735190576
0.16728988130486444
0.0
0.13996116156967386
0.7231079443212624
11.505434211101358
0.0
11.175100469680244
====================
900
4
0.0018085711579307606
0.13057660424001538
0.0
0.12876803308208462
0.8937429518194823
12.415221384737505
0.0
11.8902958830049
====================
950
4
0.028914955397107978
0.1245053613284115
0.0
0.15342031672551948
0.7884265844967355
14.19753359210168
0.0
13.818810349020474
====================
1000
4
0.0033925271122072567
0.16070001184242955
0.0
0.1640925389546368
0.9405850129510522
15.850503138421395
0.0
15.610475307977305
====================
0
4
0.0
1.246608968756926e-08
0.0
1.246608968756926e-08
0.0
1.3360803064709507e-07
0.0
1.3360803064709507e-07
====================
50
4
0.027330460453995453
0.0234450709678109
0.0
0.003885389486184554
0.17371375881287915
0.1704964861240244
0.0
0.05551567643785643
====================
100
4
0.0018238370785574887
0.0006846263582862555
0.0
0.002508463436843744
0.2877991949474005
0.27747630427836223
0.0
0.1261196025712442
====================
150
4
0.028908511918613433
0.000973403666830075
0.0
0.027935108251783358
0.091049595336178
0.6853509447422349
0.0
0.6084027326534839
====================
200
4
0.0033913582769633786
0.02628351115960095
0.0
0.029674869436564326
0.19052895530686734
1.1440719681184215
0.0
1.0787879494899069
====================
250
4
0.025632097547139354
0.027824404076071563
0.0
0.0021923065289322086
0.18728767972914762
0.9529618301749416
0.0
0.7663492740580483
====================
300
4
0.00011395012916315395
0.0006990795822288121
0.0
0.000813029711391966
0.35001570949825794
0.8645611553952638
0.0
0.5634923464449353
====================
350
4
0.03061174585763493
0.011355353743059737
0.0
0.04196709960069467
0.20499635648301365
1.9595021256842526
0.0
1.8336494231530165
====================
400
4
0.005089982719097852
0.07941588901177231
0.0
0.08450587173087017
0.3983169167141002
4.377338384902528
0.0
4.40094418885179
====================
450
4
0.02393002284390544
0.11200390041123676
0.0
0.08807387756733132
0.34686452531424605
5.091514966014732
0.0
5.027610339184384
====================
500
4
0.001589419191072583
0.09611591429144539
0.0
0.09770533348251798
0.47678693921545445
5.057466301408907
0.0
4.821794546726099
====================
550
4
0.03061319893669534
0.06622347346149682
0.0
0.09683667239819216
0.41157735579272886
6.112545447131321
0.0
6.061621047192583
====================
600
4
0.005090728001766396
0.10541563261499769
0.0
0.11050636061676408
0.6216090443098907
7.441463795541353
0.0
7.52232034652509
====================
650
4
0.02392839091655663
0.11198918205454977
0.0
0.08806079113799314
0.5492695482820403
7.6938674309761215
0.0
7.693962243073856
====================
700
4
0.0015912927336607652
0.07235088799541067
0.0
0.07394218072907144
0.6600979213038951
7.658128274381895
0.0
7.500690391748493
====================
750
4
0.030614842346460946
0.056249920471844295
0.0
0.08686476281830524
0.6332364759929899
9.235769964968267
0.0
9.262313542331738
====================
800
4
0.005092089826227046
0.1102210165001316
0.0
0.11531310632635865
0.8475771250819067
11.50688636016476
0.0
11.677600887479088
====================
850
4
0.025627649973179567
0.13899867335542604
0.0
0.11337102338224647
0.7504255063754842
11.420229393774155
0.0
11.494861108734092
====================
900
4
0.00010802506585516625
0.08401508180583539
0.0
0.08390705673998022
0.8593251646553017
12.129112609888681
0.0
12.040081653105197
====================
950
4
0.028914998803965863
0.06585325878703574
0.0
0.0947682575910016
0.8501215180781326
13.465597474950117
0.0
13.536797790963636
====================
1000
4
0.0033923227031001047
0.10317430926436885
0.0
0.10656663196746896
1.0461146012753186
15.112675205857798
0.0
15.30586705855432
====================
0
4
0.0
3.8058074900266387e-08
0.0
3.8058074900266387e-08
0.0
4.6836536775116743e-07
0.0
4.6836536775116743e-07
====================
50
4
0.02733082426512712
0.027330786207069524
2500.181906929661
3.805805759427017e-08
0.17371401761937497
0.17371396518925575
247.3151725976518
4.255580468489971e-07
====================
100
4
0.0018238955371607801
0.001823857479153368
5000.357906913266
3.8058007412189454e-08
0.2878003071512915
0.2878000900373333
588.8503009708112
3.1786316476839335e-07
====================
150
4
0.02720770569348141
0.027207743751552327
2500.1819069296603
3.805807091694646e-08
0.11019614489045736
0.11019550656066615
1067.6755281041626
6.488829860530455e-07
====================
200
4
0.001690321247425909
0.0016903593055007243
0.005906921656912534
3.805807481525001e-08
0.18820306680613408
0.18820322254897415
1336.6394084148533
1.0134698309853417e-06
====================
250
4
0.02733240881379273
0.0273323707556985
2500.1819069296603
3.805809423162998e-08
0.21375092523312977
0.2137501209890303
1715.354558899805
1.4244717501742295e-06
====================
300
4
0.001814734288394515
0.001814696230338253
5000.357906913265
3.805805626200254e-08
0.39268505305004414
0.39268394732939554
2094.0134182708007
1.7345034594404584e-06
====================
350
4
0.02721009761378923
0.027210135671874358
2500.1819069296594
3.805808512780118e-08
0.252077950967369
0.25207696935123547
2517.0583144583256
2.0901676410237107e-06
====================
400
4
0.0016884056418450433
0.0016884436999198586
0.005906921656003039
3.805807481511448e-08
0.37765300136485486
0.3776531433364216
2853.6312090468573
2.456484252308441e-06
====================
450
4
0.02733161628917591
0.027331578231153175
2500.1819069296594
3.8058022733267194e-08
0.3646757156098698
0.364674777559084
3234.1762161357638
2.841936556764603e-06
====================
500
4
0.0018120563837169534
0.0018120183255732059
5000.357906913264
3.805814374757688e-08
0.5452655965977112
0.5452641052305034
3613.75397349886
3.1804775777710763e-06
====================
0
4
0.0
2.555392504629486e-08
0.0
2.555392504629486e-08
0.0
3.368737506043345e-07
0.0
3.368737506043345e-07
====================
50
4
0.027330540950808446
0.027330515396921662
2500.181917835346
2.5553886784379642e-08
0.1737142328930994
0.17371421547869267
247.31512037799587
2.9766907034974526e-07
====================
100
4
0.0018240622804754913
0.001824036726619127
5000.357917818951
2.5553856364268768e-08
0.2878000043188428
0.2877998809297869
588.849103464731
1.9891673272674857e-07
====================
150
4
0.027207434616137727
0.027207460170028064
2500.1819178353458
2.555389033709332e-08
0.11019573338570264
0.11019532715253873
1067.6741637948817
4.1351980315475857e-07
====================
200
4
0.0016903982422473585
0.0016904237961724584
0.005917827342639015
2.555392509971596e-08
0.18820268449470812
0.1882027959301531
1336.6382278742044
6.605595316149918e-07
====================
250
4
0.02733256249638516
0.02733253694247373
2500.1819178353458
2.555391143133079e-08
0.21375029242229193
0.21374977344615062
1715.353526855264
9.383245183328453e-07
====================
300
4
0.0018147375173347413
0.0018147119633526998
5000.35791781895
2.5553982041515155e-08
0.3926843381994472
0.39268361575403143
2094.012173673927
1.144140514341727e-06
====================
350
4
0.027210039354548243
0.027210064908477882
2500.181917835345
2.5553929638988393e-08
0.2520772093711707
0.2520765656130926
2517.056922629529
1.381841708541389e-06
====================
400
4
0.0016886736655523757
0.0016886992194774754
0.00591782734172952
2.5553925099614738e-08
0.37765273214195333
0.3776528346059448
2853.6298750819697
1.6286404305107017e-06
====================
450
4
0.027331549284202117
0.027331523730223406
2500.181917835345
2.555397871084608e-08
0.36467511715002193
0.3646745034733218
3234.174924909002
1.88827539424349e-06
====================
500
4
0.0018120136184816005
0.0018119880645919295
5000.357917818949
2.5553889670959506e-08
0.5452646102328323
0.5452636258278776
3613.7525468449358
2.114669610745727e-06
====================
0
4
0.0
2.431835445911304e-08
0.0
2.431835445911304e-08
0.0
2.887586481891036e-07
0.0
2.887586481891036e-07
====================
50
4
0.027329794963999676
0.012035648230114493
0.0
0.015294146733885183
0.18752206448863687
0.1273681985141927
0.0
0.10544880447676477
====================
100
4
0.0035237842130100283
0.00923912710208219
0.0
0.012762911315092218
0.3185669936660144
0.17080498781158213
0.0
0.2619653114546548
====================
150
4
0.025507824135907242
0.005842081358215179
0.0
0.019665742777692063
0.1466020803021058
0.5680305046627199
0.0
0.445651221131524
====================
200
4
8.826046116348055e-06
0.027794795722894096
0.0
0.027785969676777746
0.1998355709618687
1.026466217107253
0.0
0.8911504076431165
====================
0
4
0.0
2.042805102534921e-08
0.0
2.042805102534921e-08
0.0
2.1906766754445615e-07
0.0
2.1906766754445615e-07
====================
0
4
0.0
1.246608968756926e-08
0.0
1.246608968756926e-08
0.0
1.3360803064709507e-07
0.0
1.3360803064709507e-07
====================
0
4
0.0
1.2799118740190526e-08
0.0
1.2799118740190526e-08
0.0
1.7808442038628343e-07
0.0
1.7808442038628343e-07
====================
0
4
0.0
1.917261844975062e-08
0.0
1.917261844975062e-08
0.0
2.738800396244292e-07
0.0
2.738800396244292e-07
====================
0
4
0.0
1.037878657376652e-08
0.0
1.037878657376652e-08
0.0
8.538365076814928e-08
0.0
8.538365076814928e-08
====================
0
4
0.0
1.2809096272703286e-08
0.0
1.2809096272703286e-08
0.0
1.719133212758305e-07
0.0
1.719133212758305e-07
====================
0
4
0.0
1.1590556438940591e-08
0.0
1.1590556438940591e-08
0.0
4.3131236729039246e-08
0.0
4.3131236729039246e-08
====================
0
4
0.0
1.059192806910465e-08
0.0
1.059192806910465e-08
0.0
1.0692651089364264e-08
0.0
1.0692651089364264e-08
====================
0
4
0.0
2.3439060254227603e-08
0.0
2.3439060254227603e-08
0.0
9.91812997186216e-08
0.0
9.91812997186216e-08
====================
50
4
0.027330624708099993
0.019072231334238854
0.0
0.00825839337386114
0.1737155299442176
0.13875572091490124
0.0
0.11009348416478705
====================
100
4
0.0018241500741700278
0.009957244819772892
0.0
0.01178139489394292
0.287802175831497
0.24603764952542828
0.0
0.2013838671606202
====================
150
4
0.02720740959498391
0.0047557342636990185
0.0
0.022451675331284893
0.1101989289184387
0.6971297089655364
0.0
0.6068149731939942
====================
200
4
0.001690442762901537
0.03498075083283502
0.0
0.036671193595736555
0.18820261831680865
1.1530224790076378
0.0
1.0503662361980968
====================
250
4
0.02733273854567786
0.02747391949185518
0.0
0.0001411809461773217
0.21375388322164043
0.8772465742178163
0.0
0.6775188323757352
====================
300
4
0.0018150897338649052
0.017894718267263965
0.0
0.01970980800112887
0.3926887385802015
1.0522857509914207
0.0
1.0144406455159736
====================
350
4
0.027209803225612283
0.015055840487844474
0.0
0.01215396273776781
0.2520807466882065
1.2633167482165142
0.0
1.0115954159073544
====================
400
4
0.0016881234374804162
0.05351188141379986
0.0
0.05520000485128027
0.3776526441275017
3.598787245901814
0.0
3.46246567974188
====================
450
4
0.027331453825216734
0.05315832085347427
0.0
0.02582686702825754
0.36467865750972106
4.025416697680021
0.0
3.7636848446091773
====================
500
4
0.0018122045118924568
0.0329736425570375
0.0
0.03116143804514504
0.5452699216042717
4.493336239415055
0.0
4.05777481452756
====================
0
4
0.0
3.489959779401556e-08
0.0
3.489959779401556e-08
0.0
1.8745988381740467e-07
0.0
1.8745988381740467e-07
====================
50
4
0.02733059717520825
0.025290714269669
0.0
0.0020398829055392476
0.17371509108516744
0.1795286901232373
0.0
0.05020501342680153
====================
100
4
0.0018239064547507233
0.0017191590206291352
0.0
0.0035430654753798585
0.2878011934418368
0.27477508781153737
0.0
0.180609613219202
====================
150
4
0.027207384057961637
0.030421418997818472
0.0
0.0032140349398568357
0.110197329575202
0.40873098240358474
0.0
0.43281709678370034
====================
200
4
0.0016902016038826992
0.0023529762779472604
0.0
0.0006627746740645613
0.18820224755107942
0.8055700142796915
0.0
0.6184806763116165
