====================
0
3
0.0
1.2373425309249328e-08
0.0
1.2373425309249328e-08
0.0
1.2530225268131284e-07
0.0
1.2530225268131284e-07
====================
50
3
0.027330618758049097
0.01894548668656193
0.0
0.008385132071487167
0.17371494541808818
0.1428211576154611
0.0
0.09747688100866984
====================
100
3
0.00182409943169759
0.009046690091208731
0.0
0.010870789522906321
0.28780145396977436
0.1866251639842849
0.0
0.25310121859705925
====================
150
3
0.02720733384999985
0.01767009412745124
0.0
0.009537239722548607
0.11019789854648863
0.4560295195527425
0.0
0.3881506835659662
====================
200
3
0.001690217484978337
0.03469453769482177
0.0
0.0363847551798001
0.1882028788160046
1.077950089399348
0.0
0.9874627505040311
====================
250
3
0.02733269862409582
0.04171246280609808
0.0
0.014379764182002264
0.2137528939220187
0.8733840342696201
0.0
0.663769742039131
====================
300
3
0.0018151445829022173
0.0006319302875104071
0.0
0.0011832142953918101
0.3926873271884674
0.7165059287888687
0.0
0.535907006320663
====================
350
3
0.02721006520953506
0.0013384916259011614
0.0
0.028548556835436223
0.2520796832305088
1.5506063175964786
0.0
1.3100164269083536
====================
400
3
0.0016883446647037097
0.07694812968716107
0.0
0.07863647435186479
0.37765285650258273
4.379496147016904
0.0
4.266017902176543
====================
450
3
0.027331452768109443
0.09262420047033171
0.0
0.06529274770222226
0.36467762741892823
5.238125906355532
0.0
5.010568289706604
====================
500
3
0.0018122353554881343
0.05165431164079726
0.0
0.04984207628530912
0.5452683634875839
4.386386712643605
0.0
3.9573462700430437
====================
550
3
0.027211387881985516
0.03524933264597774
0.0
0.062460720527963254
0.43210159321900043
5.5556193634244515
0.0
5.281165751837215
====================
600
3
0.001689206005714496
0.08797646432873373
0.0
0.08966567033444822
0.5670944327321417
7.2021861241800735
0.0
7.027185535055125
====================
650
3
0.027330478604489006
0.11346296476300566
0.0
0.08613248615851665
0.5404214987603003
7.800866824337971
0.0
7.531003116724896
====================
700
3
0.0018104630251478682
0.0628419265210094
0.0
0.061031463495861527
0.7156645651324012
7.627534564451058
0.0
7.1535026095643435
====================
750
3
0.027212721708536947
0.02498924273338954
0.0
0.052201964441926485
0.6177691487253661
8.166357078186726
0.0
7.845843769921115
====================
800
3
0.0016902163206907353
0.08231223326288567
0.0
0.08400244958357642
0.7565360533754736
10.341027682623729
0.0
10.120966937703452
====================
850
3
0.027328553145829604
0.10683711658438
0.0
0.0795085634385504
0.7231098343052217
12.495535367956462
0.0
12.188556765770969
====================
900
3
0.001808944649508426
0.055410906847233043
0.0
0.05360196219772462
0.8937458836622346
12.87058973649509
0.0
12.390642804100562
====================
950
3
0.027213850574220988
0.03715414511522286
0.0
0.06436799568944385
0.805185586988685
13.961296355305036
0.0
13.626541879727446
====================
1000
3
0.0016915478692728072
0.09314023898820582
0.0
0.09483178685747863
0.9459784537252303
16.01854769495009
0.0
15.79260428829492
====================
0
3
0.0
1.0060751993801466e-08
0.0
1.0060751993801466e-08
0.0
1.267695280495505e-07
0.0
1.267695280495505e-07
====================
50
3
0.02733077108568671
0.02009230423303432
0.0
0.007238466852652392
0.17371506597875108
0.149389579890412
0.0
0.0814861316351834
====================
100
3
0.001824063504854756
0.0012282589607286454
0.0
0.0030523224655834014
0.2878020131322598
0.25171442838415514
0.0
0.16989563655701634
====================
150
3
0.027207297455617896
0.015449671336349668
0.0
0.011757626119268227
0.11019884500024801
0.49734898758924756
0.0
0.4271088649272079
====================
200
3
0.0016904282942425343
0.032710804315023795
0.0
0.03440123260926633
0.18820316100234233
1.1745608180343599
0.0
1.0805855421357404
====================
250
3
0.02733267861203692
0.04479439589541401
0.0
0.017461717283377087
0.21375404896846814
1.1698190994864996
0.0
0.9627287515905137
====================
300
3
0.0018151394597651915
0.005070850929457471
0.0
0.0032557114696922795
0.39268881882565776
0.8282173765270942
0.0
0.4998295172139347
====================
350
3
0.027209934255896684
0.006956955696508782
0.0
0.034166889952405466
0.2520810784949311
1.779773478976761
0.0
1.5530364708188942
====================
400
3
0.001688238005372177
0.08894661478566866
0.0
0.09063485279104085
0.3776531422452434
4.793266398448947
0.0
4.699677769740644
====================
450
3
0.027331516674684142
0.1164488017344929
0.0
0.08911728505980876
0.3646788571573541
5.772307197746453
0.0
5.566131378469021
====================
500
3
0.0018120613282741616
0.05607253266948753
0.0
0.05426047134121337
0.5452700963395501
5.356164243629312
0.0
4.965084316355263
====================
550
3
0.02721139419573393
0.029730682591827318
0.0
0.05694207678756125
0.43210308754004784
6.133990708775081
0.0
5.891307173978513
====================
600
3
0.0016889821946249714
0.07534467779004364
0.0
0.07703365998466861
0.5670947730367379
7.65575401387562
0.0
7.507540091864979
====================
650
3
0.02733020733298619
0.09223870227931363
0.0
0.06490849494632744
0.5404226654623855
8.204305423605913
0.0
7.938800192910815
====================
700
3
0.0018104395794602546
0.03352912264881436
0.0
0.0317186830693541
0.7156665228794032
7.805997090523439
0.0
7.360928458138818
====================
750
3
0.027212758667786163
0.03344249587056969
0.0
0.06065525453835585
0.6177705414893002
9.00217423811328
0.0
8.711666257972919
====================
800
3
0.0016899013305139532
0.09508926579520077
0.0
0.09677916712571473
0.7565363374555144
11.702195782749943
0.0
11.526671530241302
====================
850
3
0.027328520332157602
0.10174532944149073
0.0
0.07441680910933313
0.7231111574573216
11.742257021417451
0.0
11.433213096616088
====================
900
3
0.0018087630510632557
0.06149554702120774
0.0
0.059686783970144486
0.8937479333076005
12.130102866440254
0.0
11.645625417169622
====================
950
3
0.027213998846193244
0.03948469886659245
0.0
0.06669869771278569
0.8051870800194393
13.103975522165358
0.0
12.766025569368725
====================
1000
3
0.0016915873126516195
0.08347539312992795
0.0
0.08516698044257957
0.9459787176274792
15.030978083617637
0.0
14.793808488685816
====================
0
3
0.0
3.4739013667901915e-08
0.0
3.4739013667901915e-08
0.0
9.796183616365468e-08
0.0
9.796183616365468e-08
====================
50
3
0.027330830043202914
0.027330795304202793
2500.181943616658
3.473900012096465e-08
0.17371543704546155
0.17371512680148318
247.31499692006105
3.6176801922302796e-07
====================
100
3
0.001823995416605495
0.0018239606775893868
5000.357943600263
3.47390161081762e-08
0.28780195236088174
0.2878014246239428
588.8462725199616
5.682674415589421e-07
====================
150
3
0.027207507025253097
0.02720754176429052
2500.1819436166575
3.4739037424458274e-08
0.1101985714284091
0.11019765955621312
1067.6709385324068
9.199346374934876e-07
====================
200
3
0.001690074382361022
0.0016901091213748112
0.005943608654058075
3.473901378911688e-08
0.18820238917822638
0.18820243117694965
1336.6354370375022
1.2287906483766374e-06
====================
250
3
0.027332700797689347
0.02733266605868323
2500.1819436166575
3.473900611616898e-08
0.21375337822131596
0.21375233488819406
1715.3510870652678
1.5804872963117918e-06
====================
300
3
0.0018151825427565882
0.001815147803839512
5000.357943600262
3.4738917076282405e-08
0.3926880782585434
0.39268677521200396
2094.0092314125523
1.89016041507333e-06
====================
350
3
0.027210015597141313
0.027210050336148317
2500.1819436166566
3.47390070043474e-08
0.2520802482357945
0.252079127021038
2517.0536323151664
2.2277355156753864e-06
====================
400
3
0.0016881279564903789
0.0016881626955041681
0.00594360865314858
3.473901378917236e-08
0.3776523953720472
0.37765242079123407
2853.6267215584903
2.5513084440141596e-06
====================
450
3
0.02733190404313568
0.02733186930412357
2500.1819436166566
3.473901211137331e-08
0.3646782053049008
0.364677111612214
3234.1718724190246
2.8920438479943755e-06
====================
500
3
0.0018120963418066793
0.0018120616026844338
5000.357943600261
3.4739122245497356e-08
0.5452692144398696
0.5452676040036428
3613.7491742066313
3.2126951618338526e-06
====================
0
3
0.0
2.3562381603694346e-08
0.0
2.3562381603694346e-08
0.0
2.0303013484398108e-07
0.0
2.0303013484398108e-07
====================
50
3
0.02733036035780345
0.027330336795478694
2500.1819349025686
2.356232475797526e-08
0.17371421192216419
0.17371411017389704
247.31503865035208
2.3239914731058538e-07
====================
100
3
0.0018236499036965448
0.0018236263412787501
5000.357934886174
2.3562417794664725e-08
0.28779950575630114
0.2877992843942583
588.8472293816518
2.6382712158624573e-07
====================
150
3
0.027207577325829124
0.02720760088824825
2500.181934902568
2.3562419126932355e-08
0.11019446686688122
0.11019398481973533
1067.6720286720401
4.880421929985216e-07
====================
200
3
0.0016904999383046846
0.0016905235006859653
0.00593489456496421
2.3562381280893372e-08
0.1882022915137335
0.18820236162812634
1336.6363803421987
7.063554141139391e-07
====================
250
3
0.027332567702621047
0.027332544140230564
2500.181934902568
2.356239048317832e-08
0.2137486848150509
0.21374810536171454
1715.351911716199
9.541827697601805e-07
====================
300
3
0.001814995236996353
0.001814971674527488
5000.357934886173
2.3562468864923858e-08
0.39268215044980853
0.39268138843704803
2094.0102258975903
1.1541889098820849e-06
====================
350
3
0.02721033367195136
0.027210357234276783
2500.1819349025673
2.3562325424109076e-08
0.2520750627000462
0.25207439565405737
2517.0547444409262
1.3782161453460216e-06
====================
400
3
0.0016883676859945906
0.0016883912483758715
0.005934894564054716
2.3562381280848903e-08
0.3776522266767403
0.37765228722456784
2853.62778744877
1.6019757317788295e-06
====================
450
3
0.027331413216878042
0.027331389654494886
2500.1819349025673
2.3562383155706357e-08
0.364673011700084
0.3646723684029262
3234.172904159752
1.8375523375909613e-06
====================
500
3
0.0018118531417536943
0.0018118295792093342
5000.357934886172
2.3562544360089532e-08
0.5452618695896758
0.5452608806266991
3613.750314156652
2.050457917672408e-06
====================
0
3
0.0
2.4419769960864605e-08
0.0
2.4419769960864605e-08
0.0
2.0486313910115808e-07
0.0
2.0486313910115808e-07
====================
50
3
0.027330616117796636
0.014476198042514099
0.0
0.012854418075282537
0.17371399999758197
0.11944410290614735
0.0
0.12015401079437728
====================
100
3
0.0018241138338774832
0.012925568104358742
0.0
0.014749681938236225
0.2878002716389059
0.16416965973654335
0.0
0.24583389215219004
====================
150
3
0.02720722794502639
0.02363112935196754
0.0
0.003576098593058852
0.11019633776739005
0.326794424205586
0.0
0.29413725957938247
====================
200
3
0.0016902519141990188
0.019806423233356758
0.0
0.021496675147555776
0.18820314181841663
0.9151265708981955
0.0
0.8089448664575446
====================
0
3
0.0
2.5549030918178092e-08
0.0
2.5549030918178092e-08
0.0
3.3193406283074e-07
0.0
3.3193406283074e-07
====================
0
3
0.0
1.256756421898551e-08
0.0
1.256756421898551e-08
0.0
1.4329677643180842e-07
0.0
1.4329677643180842e-07
====================
0
3
0.0
1.2092348402175841e-08
0.0
1.2092348402175841e-08
0.0
9.790846474444842e-08
0.0
9.790846474444842e-08
====================
0
3
0.0
2.465991262116135e-08
0.0
2.465991262116135e-08
0.0
2.412052404866262e-07
0.0
2.412052404866262e-07
====================
0
3
0.0
1.2373425309249328e-08
0.0
1.2373425309249328e-08
0.0
1.2530225268131284e-07
0.0
1.2530225268131284e-07
====================
0
3
0.0
1.1026555022589691e-08
0.0
1.1026555022589691e-08
0.0
5.050325994757843e-08
0.0
5.050325994757843e-08
====================
0
3
0.0
9.929664453263036e-09
0.0
9.929664453263036e-09
0.0
1.387724306508509e-07
0.0
1.387724306508509e-07
====================
0
3
0.0
9.85050490797763e-09
0.0
9.85050490797763e-09
0.0
7.39628719466915e-08
0.0
7.39628719466915e-08
====================
0
3
0.0
2.0881149237101567e-08
0.0
2.0881149237101567e-08
0.0
1.7679909623783745e-07
0.0
1.7679909623783745e-07
====================
50
3
0.02733134279808458
0.017629515636586213
0.0
0.009701827161498366
0.16051721428837004
0.1253205366078557
0.0
0.07697763642240042
====================
100
3
0.0018245952465316684
0.007294236707805712
0.0
0.00911883195433738
0.27081809932233664
0.18611676260865717
0.0
0.19227651159048284
====================
150
3
0.027206051078787485
0.023811721483026016
0.0
0.0033943295957614694
0.09324633070539909
0.37533092760891884
0.0
0.3300986895939666
====================
200
3
0.0016889026111620272
0.020127633152956872
0.0
0.021816535764118898
0.1837530024170529
0.9575141900266829
0.0
0.8662227045402836
====================
250
3
0.02733333272138938
0.02633337523965662
0.0
0.0009999574817327606
0.197921257015592
0.8461670732330532
0.0
0.6486436174459472
====================
300
3
0.001815665593105642
0.0230904472464033
0.0
0.024906112839508943
0.37765292364018344
0.9695143144290473
0.0
0.9742919553995796
====================
350
3
0.027208795068360825
0.022764212693401786
0.0
0.0044445823749590385
0.24081827387034405
1.0040835707528262
0.0
0.7673856203619513
====================
400
3
0.0016872302200192416
0.06064942517044805
0.0
0.06233665539046729
0.3726315679491379
3.687735596174483
0.0
3.586886188122665
====================
450
3
0.02733223404803331
0.0801444685807835
0.0
0.05281223453275019
0.35266147531817266
4.416639774979598
0.0
4.203549383111373
====================
500
3
0.0018129118909082642
0.0553736822803943
0.0
0.053560770389486034
0.5325834835561408
4.568005737034641
0.0
4.171984765046445
====================
0
3
0.0
3.145118479515047e-08
0.0
3.145118479515047e-08
0.0
2.462806650482425e-07
0.0
2.462806650482425e-07
====================
50
3
0.027330504288317625
0.030180104590751045
0.0
0.0028496003024334193
0.17371475699355204
0.2093046025336605
0.0
0.05862691918205973
====================
100
3
0.0018237754703984699
0.007164805829474652
0.0
0.005341030359076182
0.28779990017553253
0.38782227813098225
0.0
0.1940671756115266
====================
150
3
0.02720697389563953
0.029077557457946046
0.0
0.001870583562306516
0.12380385958158363
0.45246175865730426
0.0
0.44236185755474405
====================
200
3
0.0016899369618320627
0.0041638012600762105
0.0
0.0024738642982441482
0.18335273637825317
0.911078751396018
0.0
0.7277380488251354
