====================
0
4
0.0
-1.2680213912853135e-08
0.0
1.2680213912853135e-08
0.0
1.6074692519172482e-07
====================
50
4
-0.04292602941123391
-0.04174982114693471
0.04292602941123391
0.04174982114693471
0.9827246578731453
0.551374341622757
====================
100
4
-0.1868198110488124
-0.18222751591154074
0.1868198110488124
0.18222751591154074
1.5070603702128347
1.197426483913711
====================
150
4
-0.17337403980517507
-0.1883501416080553
0.17337403980517507
0.1883501416080553
3.8750926848722376
3.365360495578382
====================
200
4
0.043044097681971025
0.02346121543108859
0.043044097681971025
0.02346121543108859
9.119877580525932
8.491244256794529
====================
250
4
0.11188092774845249
0.09845225755798981
0.11188092774845249
0.09845225755798981
6.483233054765784
6.107647829397935
====================
300
4
-6.771256691795458e-05
-0.011770850959709644
6.771256691795458e-05
0.011770850959709644
6.468395610024638
6.79620110317909
====================
350
4
0.0810952758543686
0.08155978694261856
0.0810952758543686
0.08155978694261856
5.74005735276845
9.473670962399392
====================
400
4
0.2626894684324551
0.19304220467606475
0.2626894684324551
0.19304220467606475
6.139503754072387
10.5138556818213
====================
450
4
0.1920657448256513
0.23349337700769834
0.1920657448256513
0.23349337700769834
5.049915728934596
15.668656010585106
====================
500
4
0.2849196481729783
0.2379073845311881
0.2849196481729783
0.2379073845311881
6.076808222524227
14.788186471011672
====================
550
4
0.2554509428885895
0.25933807708618584
0.2554509428885895
0.25933807708618584
7.871288681359973
22.787389175517134
====================
600
4
0.6697992317415351
0.6993752946842235
0.6697992317415351
0.6993752946842235
12.962796721410973
18.453536348359254
====================
650
4
0.8576543531837579
0.8591187209962192
0.8576543531837579
0.8591187209962192
23.840504153741087
29.823537776380917
====================
700
4
0.8748796487269883
0.8646351477627723
0.8748796487269883
0.8646351477627723
32.62268095305505
36.848068942051235
====================
750
4
0.7236553544244788
0.7241588076148142
0.7236553544244788
0.7241588076148142
39.0878547507195
47.65603213947893
====================
800
4
0.9994530732975898
1.0201629742763332
0.9994530732975898
1.0201629742763332
39.02601672478501
50.16441131789506
====================
850
4
1.824761250833219
1.8034973240459806
1.824761250833219
1.8034973240459806
47.09363195701625
57.266382724674
====================
900
4
1.7686398253453102
1.8483808100192163
1.7686398253453102
1.8483808100192163
63.93024366040271
51.51010894331584
====================
950
4
1.837464793278036
1.8778904997207924
1.837464793278036
1.8778904997207924
81.21150452465727
97.37346002675764
====================
1000
4
2.045705897362794
2.036067952003531
2.045705897362794
2.036067952003531
91.03061182306334
106.98204512527808
