====================
0
3
0.0
-1.1222290149048642e-08
0.0
1.1222290149048642e-08
0.0
5.035150339008959e-09
====================
50
3
0.05038390148553984
0.054750402151189315
0.05038390148553984
0.054750402151189315
0.7436514088687313
0.727714326410797
====================
100
3
0.059557892467718254
0.06308452842117784
0.059557892467718254
0.06308452842117784
1.7683927874203913
1.626334960365059
====================
150
3
0.11030477867364419
0.11625622656968693
0.11030477867364419
0.11625622656968693
2.9784613492978314
2.0183704156518902
====================
200
3
0.25351837648653375
0.26328272241619377
0.25351837648653375
0.26328272241619377
2.0451706667414826
2.0940673177838334
====================
250
3
0.32204034860219233
0.32961139805790496
0.32204034860219233
0.32961139805790496
6.285925114563966
7.420834255028096
====================
300
3
-0.758220916738146
-0.7717508753297468
0.758220916738146
0.7717508753297468
9.318066657208313
8.023317363229037
====================
350
3
-0.927400739341325
-0.920359252827545
0.927400739341325
0.920359252827545
16.868674313592766
20.63539309287788
====================
400
3
-0.8597593288353302
-0.879615890202609
0.8597593288353302
0.879615890202609
21.153935695972745
47.66370094440305
====================
450
3
-0.7157357629453704
-0.6669396594543495
0.7157357629453704
0.6669396594543495
27.926149240587154
10.072401943566751
====================
500
3
-0.6846688629107653
-0.7333766670962922
0.6846688629107653
0.7333766670962922
32.78917911797216
34.4836067356411
====================
550
3
-1.6307977335978099
-1.6332728775391894
1.6307977335978099
1.6332728775391894
43.56078224376541
61.358560525552946
====================
600
3
-1.892214511162075
-1.8917157936425089
1.892214511162075
1.8917157936425089
56.57809813897103
91.09192130256443
====================
650
3
0.9859746328502195
0.9925312937522954
0.9859746328502195
0.9925312937522954
60.892136170171334
28.179378964093033
====================
700
3
1.1653674743000388
1.1005818556194045
1.1653674743000388
1.1005818556194045
53.251848865452146
49.059749081252576
====================
750
3
1.1971981397883216
1.1755873603721745
1.1971981397883216
1.1755873603721745
45.59337873776153
47.95050916674725
====================
800
3
1.4456763303493545
1.4459093937400889
1.4456763303493545
1.4459093937400889
59.364159216285756
104.77074563199889
====================
850
3
1.581288564877584
1.5720232185672254
1.581288564877584
1.5720232185672254
74.20588581384945
51.002119597339224
====================
900
3
1.4031869694606243
1.506948639490789
1.4031869694606243
1.506948639490789
78.28606896116305
30.597064945230077
====================
950
3
1.2758215078407285
1.2801761715844924
1.2758215078407285
1.2801761715844924
77.90920931996095
88.76369378443252
====================
1000
3
1.1410149735579491
1.1300882104563117
1.1410149735579491
1.1300882104563117
89.86563412240929
165.64247449896902
