====================
0
0
0.0
-1.0328900816905515e-08
0.0
1.0328900816905515e-08
0.0
9.288422222501565e-08
====================
50
0
-0.03288569717824563
-0.037497784246300236
0.03288569717824563
0.037497784246300236
0.4255252942427971
0.4229728755564137
====================
100
0
-0.12480177368020984
-0.1197602489012457
0.12480177368020984
0.1197602489012457
0.958885927926306
1.0141315182154014
====================
150
0
-0.1667007139377683
-0.1846651475083796
0.1667007139377683
0.1846651475083796
4.860700628873002
4.4621464786660825
====================
200
0
-0.4071426531655535
-0.4002663601226005
0.4071426531655535
0.4002663601226005
8.69898914134374
7.5454683719946845
====================
250
0
0.7073054172935259
0.7001560699002808
0.7073054172935259
0.7001560699002808
7.655746900845013
7.2516396326265395
====================
300
0
0.394197134815494
0.3720133688663467
0.394197134815494
0.3720133688663467
12.714058917497553
9.846060190537894
====================
350
0
-0.8762285217741459
-2.0194476922183
0.8762285217741459
2.0194476922183
12.384890304375302
11.449568180849804
====================
400
0
-0.504088671106631
-0.4826960873800237
0.504088671106631
0.4826960873800237
22.97259161306132
25.468331831055256
====================
450
0
0.008976711750067201
-0.021685632643654085
0.008976711750067201
0.021685632643654085
22.889936887566293
38.25776777688326
====================
500
0
0.1494784942423686
0.13547128341133696
0.1494784942423686
0.13547128341133696
23.833718580356525
52.29123699607751
====================
550
0
-0.07819122808230894
-0.12646826013646995
0.07819122808230894
0.12646826013646995
28.592936781771858
20.96921147742199
====================
600
0
-0.027025690046472636
0.002988057276198646
0.027025690046472636
0.002988057276198646
30.7395741755758
17.967534370659333
====================
650
0
0.028113264702579466
0.0648085772084599
0.028113264702579466
0.0648085772084599
30.647051973950607
41.70604004152447
====================
700
0
-0.24611553812889264
-0.28999377090627787
0.24611553812889264
0.28999377090627787
26.79149645553793
69.1360699058584
====================
750
0
-0.27499037105968527
-0.3211275250935819
0.27499037105968527
0.3211275250935819
28.82895906344264
63.22254628682045
====================
800
0
-0.23667877936090725
-0.2363166586908967
0.23667877936090725
0.2363166586908967
31.688674300837402
36.748495911846895
====================
850
0
-0.015612024484890075
-0.04630628113556612
0.015612024484890075
0.04630628113556612
31.20104544060802
21.622061122976735
====================
900
0
-0.11403453090144611
-0.47823938444925407
0.11403453090144611
0.47823938444925407
32.35520221608322
30.748449206860364
====================
950
0
-0.1407410306613106
-0.22718565114535139
0.1407410306613106
0.22718565114535139
34.01630129868785
33.74488359182286
====================
1000
0
-0.09718200563726173
0.28887070496147893
0.09718200563726173
0.28887070496147893
36.302355187519574
33.22896575359894
