====================
0
1
0.0
-1.071884640279977e-08
0.0
1.071884640279977e-08
0.0
6.089073846276688e-08
====================
50
1
-0.06981516562215018
-0.0613873064146786
0.06981516562215018
0.0613873064146786
0.4183021076422382
0.36401254707383235
====================
100
1
-0.15005987275681232
-0.1551908673587632
0.15005987275681232
0.1551908673587632
0.9054730118270877
0.7856083577627776
====================
150
1
-0.29652509138293204
-0.2908093524970301
0.29652509138293204
0.2908093524970301
4.427227646259791
3.4798638898348964
====================
200
1
-0.41265704029726424
-0.35240178630580227
0.41265704029726424
0.35240178630580227
20.465789767914682
18.788730114586055
====================
250
1
2.3727064452868154
2.3344406617664957
2.3727064452868154
2.3344406617664957
23.587783742919324
23.844660500970534
====================
300
1
1.9535607437992186
2.0114678100983494
1.9535607437992186
2.0114678100983494
45.16409487791243
88.63194538971157
====================
350
1
1.775227837976432
1.8872690991526402
1.775227837976432
1.8872690991526402
65.67462065786262
129.436021790536
====================
400
1
2.0603574076623863
2.0046470952419075
2.0603574076623863
2.0046470952419075
64.33639561198206
153.44148215643625
====================
450
1
2.265947687209667
2.2484103458990194
2.265947687209667
2.2484103458990194
72.26741453353458
151.61942000801122
====================
500
1
2.2734995564124016
2.383519082797425
2.2734995564124016
2.383519082797425
94.70942925425966
223.886580830677
====================
550
1
2.178164195878526
2.0785126217533683
2.178164195878526
2.0785126217533683
115.4480160328721
196.16764794612942
====================
600
1
2.3065647667600344
2.4161728590773373
2.3065647667600344
2.4161728590773373
123.07652439286056
184.66933534372646
====================
650
1
2.3278346870212747
2.3463985400228156
2.3278346870212747
2.3463985400228156
134.77034987084102
243.6336247145421
====================
700
1
2.333679417281282
2.2610803143322555
2.333679417281282
2.2610803143322555
156.53799514522495
122.20163560772578
====================
750
1
2.205844012174597
1.8552495066305212
2.205844012174597
1.8552495066305212
177.34167607084436
231.06588102647152
====================
800
1
2.2708410117228794
2.2855346143631583
2.2708410117228794
2.2855346143631583
188.4833750823852
174.12713668813782
====================
850
1
2.2917131463496156
2.210744217988996
2.2917131463496156
2.210744217988996
196.42572014475118
193.3394934032572
====================
900
1
2.400501135832787
2.410798888060081
2.400501135832787
2.410798888060081
214.49898548373082
236.16646087898914
====================
950
1
2.157150097402842
2.1667620255042412
2.157150097402842
2.1667620255042412
232.8236755621032
258.9028931294879
====================
1000
1
2.249248770677416
2.270105187377026
2.249248770677416
2.270105187377026
245.81269881443924
186.3597031107219
