====================
0
2
0.0
-1.2809132363160712e-08
0.0
1.2809132363160712e-08
0.0
1.719197736525215e-07
====================
50
2
0.003983237041820464
0.002568254168712425
0.003983237041820464
0.002568254168712425
0.6920410491238643
0.631266260934892
====================
100
2
-0.09134310227443176
-0.09289251746437621
0.09134310227443176
0.09289251746437621
0.7190777924307274
0.5344175348592791
====================
150
2
-0.1429607210150987
-0.14404539608069422
0.1429607210150987
0.14404539608069422
1.2423412967318201
0.9292270523990346
====================
200
2
-0.11872830146590616
-0.11136416080896491
0.11872830146590616
0.11136416080896491
5.230773935603258
4.8908765660923486
====================
250
2
-0.09638944313080477
-0.11195578382740345
0.09638944313080477
0.11195578382740345
6.127752566100817
5.836302248032147
====================
300
2
0.3010455308384854
0.2805025745776062
0.3010455308384854
0.2805025745776062
3.5519892539546287
3.319502855301604
====================
350
2
0.40188423603009615
0.43993042117494985
0.40188423603009615
0.43993042117494985
7.4191756901528
9.484120799547979
====================
400
2
0.48634374097604766
0.46867991280161286
0.48634374097604766
0.46867991280161286
6.804208265007827
8.869979565936548
====================
450
2
0.7981074977421918
0.8368067433436568
0.7981074977421918
0.8368067433436568
14.14151505519745
17.277582135841826
====================
500
2
0.7974358604365632
0.7994915399530715
0.7974358604365632
0.7994915399530715
17.47503082794151
17.563055297542675
====================
550
2
0.4252656334781376
0.42873865963469104
0.4252656334781376
0.42873865963469104
20.136228216309018
25.084545423025368
====================
600
2
0.44976090883060654
0.5026320128398433
0.44976090883060654
0.5026320128398433
26.69426034005164
27.972035092165832
====================
650
2
2.860142450683399
2.934754231354619
2.860142450683399
2.934754231354619
25.91494026385041
31.22135198810513
====================
700
2
2.8709731845117012
2.871142502411208
2.8709731845117012
2.871142502411208
46.2217708256675
38.232360436246545
====================
750
2
2.6570624716348776
2.570259206854127
2.6570624716348776
2.570259206854127
68.73619755159675
75.51029305259276
====================
800
2
2.817299135706514
2.677082417948719
2.817299135706514
2.677082417948719
79.12570829221467
85.58309779682597
====================
850
2
2.876513666262471
2.8866629485413524
2.876513666262471
2.8866629485413524
94.69249615879946
95.45527751768803
====================
900
2
2.67895236641614
2.809979298654405
2.67895236641614
2.809979298654405
115.60362844278873
113.59293697667874
====================
950
2
2.861653522422672
2.8711208988358043
2.861653522422672
2.8711208988358043
138.1768801875044
141.734897055479
====================
1000
2
2.892282267813731
2.8856844614395842
2.892282267813731
2.8856844614395842
153.1924225458328
155.90756421652318
