====================
0
2
0.0
1.948131009233268e-08
0.0
1.948131009233268e-08
0.0
2.4509069797749616e-07
0.0
2.4509069797749616e-07
====================
50
2
0.005557440207281994
0.0036592516884503823
0.042145501887045134
0.0018981885188316117
0.6775258319803529
0.6820839563586699
0.554038110935102
0.006975074530864087
====================
100
2
0.006201578629165816
0.001793004300526313
0.01930874704602381
0.004408574328639503
0.9394030109715805
0.8913442229461226
1.1090891615523357
0.05610564619763349
====================
150
2
0.05932170064520714
0.04765466556307851
0.030042080435408902
0.01166703508212863
1.1581456931628198
0.8765838243041768
1.3989401594969517
0.2881526672207474
====================
200
2
0.013583612304846934
0.0025332352064711093
0.004754332589280606
0.011050377098375825
1.4622992735714186
1.1419473525203252
1.725064438332524
0.321533184898519
====================
250
2
0.05909027367436215
0.06163662836927952
0.042378247646219336
0.0025463546949173743
1.046513295739174
0.8949724118013828
1.3398070980786663
0.15391509341534604
====================
300
2
0.049261178773188696
0.052068907594570835
0.052008395569637766
0.0028077288213821383
0.3483864387490026
0.3218558638077117
0.7645642356718001
0.13728140887163273
====================
350
2
0.003357948692072066
0.02020596843754685
0.04527024595041729
0.016848019745474785
0.18015332922875724
0.48404363670144857
0.25029939306690063
0.6626673780421605
====================
400
2
0.010447440897495308
0.005867240555352142
0.02474270609594014
0.016314681452847448
0.08795942330397416
0.8071376774356284
0.555431044622964
0.7629375676312459
====================
450
2
0.06941189308947981
0.07647183153396053
0.05669394719402998
0.007059938444480718
0.8292629201059692
1.2429177337785398
1.2642153278936021
0.41373277274414333
====================
500
2
0.018651734796542474
0.013516117207478473
0.0015426595376299979
0.005135617589064001
1.6498225869737873
1.848371205115963
2.024049645410406
0.21016396660648848
====================
550
2
0.04547530798254806
0.023288795037676557
0.027469831778877518
0.022186512944871506
1.143916003533338
2.457531450945414
2.1679080135417985
1.317904662687452
====================
600
2
0.03604691239452902
0.006796780822214708
0.015262364359762972
0.04284369321674373
1.4886356012852606
4.3718374259261905
2.770883299413123
3.15038423772081
====================
650
2
0.004792320677824202
0.036699791350183864
0.005064087350907798
0.041492112028008066
1.878755082403605
5.0745613531068425
3.248814018129626
3.476679601424839
====================
700
2
0.061189989929737454
0.0033391280139172252
0.01378225286919088
0.05785086191582023
1.808774900422795
6.441528732092191
3.17842525528042
5.109840856297897
====================
750
2
0.10650151054118617
0.02672400129983088
0.010790462235024778
0.0797775092413553
0.5562604822151914
8.154517063313083
3.010497436031008
7.76119383147277
====================
800
2
0.011943102846882965
0.07698385015422368
0.023682984246342846
0.08892695300110665
0.8969492188250592
9.486201722406335
3.478670925213351
9.126341456889893
====================
850
2
0.03288844105686417
0.11151274003671374
0.029834934719709327
0.07862429897984957
0.7155053953642135
9.267511735868402
3.3422635374123297
9.101006237318854
====================
900
2
0.06014673592795372
0.14132126931592115
0.08403046392591085
0.08117453338796743
1.5365571079702034
10.393283395366465
3.923726224719092
9.779551686145863
====================
950
2
0.07283688001941258
0.16539217835727404
0.12536625694285863
0.09255529833786147
2.235669112810765
12.948730957749941
5.1701216392596985
11.472456643659815
====================
1000
2
0.18511812270833006
0.2679627530131365
0.17396246169112653
0.08284463030480643
2.5621713459279114
16.30639996034936
6.396900911244125
13.868286635806385
