====================
0
0
0.0
2.396403326625483e-08
0.0
2.396403326625483e-08
0.0
1.684301555353471e-07
0.0
1.684301555353471e-07
====================
50
0
0.05931345423519341
0.05789073043841397
0.017354201900206645
0.0014227237967794348
0.5632581453754604
0.5650953732316963
0.32177655890817
0.014603912286068398
====================
100
0
0.07704969460840339
0.07251050687615379
0.05475407071287641
0.004539187732249594
0.892691449808082
0.815639169133967
0.2767589267951723
0.09157014710522987
====================
150
0
0.007094773085489781
0.014370412323168935
0.03389096995572127
0.0072756392376791545
1.4230671707165554
1.2336762175809433
0.9249186430220429
0.18941795225908492
====================
200
0
0.02203631231049739
0.031839775415074476
0.026306166753411155
0.009803463104577081
1.3566605876267805
1.116791472692413
0.9589342587169751
0.30474956888598664
====================
250
0
0.0187957772863534
0.023571673041571817
0.051876239933987156
0.004775895755218418
1.5367050420561161
1.4401579374364257
1.1112251959492359
0.22449643064634295
====================
300
0
0.02645687524556406
0.029605221948567628
0.03290695849077263
0.0031483467030035683
1.1872642691152675
1.1033145936977928
0.4936069286648722
0.17712553989935267
====================
350
0
0.016996140727731257
0.011401901027762174
0.009893621022520449
0.0055942396999690835
0.916483122381054
1.141684483265618
0.12915624730714367
0.2429592835064974
====================
400
0
0.03376544033684244
0.032511709893050016
0.06877944201857111
0.0012537304437924245
1.225835638847751
1.2485729157965697
0.9137496936467788
0.0920445961513828
====================
450
0
0.025924586563849772
0.04104709046034993
0.03738014150913305
0.015122503896500161
0.5307311165878058
0.7261599786267736
1.6588435284143606
0.825661131637585
====================
500
0
0.022840592327205478
0.00126573124652829
0.0485701415778057
0.021574861080677188
0.31539396887462523
1.0629044572625594
2.019756528191619
1.2492679151866117
====================
550
0
0.019866785067886417
0.012010399776920755
0.0023187534870017235
0.03187718484480717
0.5586472258653714
1.7595207883781903
2.1743022247310795
2.033507424100237
====================
600
0
0.04937543582688957
0.1080352188667909
0.02640415869234646
0.05865978303990134
0.9565800066265351
3.9299902573534324
2.6475936521863845
4.393430247673072
====================
650
0
0.11747718680925034
0.1618803292821145
0.05575245589678479
0.04440314247286414
1.4168307831501876
4.478279244110492
2.228899428398265
3.741741790353651
====================
700
0
0.0376931494624575
0.0868449785820764
0.017283882192475897
0.049151829119618906
1.8198411991053478
5.691253303873382
2.0136009102883548
4.1965148079672465
====================
750
0
0.028635019928780814
0.09539711655208505
0.05416200480321831
0.06676209662330423
2.0783468873919992
7.60979622768234
1.8706235047300492
5.9664574438053535
====================
800
0
0.017924577418859295
0.09364479532020088
0.0040698547267602825
0.07572021790134159
2.442536931443667
9.451962800753332
2.048673237428022
7.472622039386097
====================
850
0
0.08526705529293466
0.14873499749917474
0.01877574835583995
0.06346794220624008
2.904853058701772
9.517789946843632
2.0971219247160473
7.060506570867847
====================
900
0
0.07442462576421649
0.1379044493613364
0.021756162349257924
0.0634798235971199
3.351327401469733
10.355609796555015
1.8236997702628412
7.219009237307029
====================
950
0
0.03272860170639702
0.11894678944088555
0.011702544717906216
0.08621818773448853
3.453272580594681
13.42975223510434
1.2127846820174348
10.027076843743307
====================
1000
0
0.01018431639686111
0.11242917770709995
0.017336737058793746
0.10224486131023885
3.7530610225998653
17.155190551989627
1.3566850982149778
13.457412139187102
