====================
0
4
0.0
2.4419769960864605e-08
0.0
2.4419769960864605e-08
0.0
2.0486313910115808e-07
0.0
2.0486313910115808e-07
====================
50
4
0.04486633853184818
0.043976218973349024
0.02711604880765539
0.0008901195584991584
0.3099032135152812
0.2996768918408763
0.2684138435758364
0.010342093488429195
====================
100
4
0.11351057554214394
0.10896943171803253
0.1195377601978187
0.0045411438241114155
0.7893114221786248
0.7037636244737646
0.7107131536300376
0.08593475963538329
====================
150
4
0.07202672526570564
0.06290778614400172
0.09384600362934337
0.009118939121703917
1.6983185613140634
1.4781691659484009
1.7360436187013908
0.2232096087183398
====================
200
4
0.14745210085014002
0.12366917780160402
0.1359515462434888
0.023782923048535996
2.8458586009695597
2.3295912941236945
3.0424060022359978
0.5207632473854791
====================
250
4
0.20912285535515118
0.16558219796080254
0.17149212830213245
0.04354065739434865
4.584019985179119
3.3187873038783584
4.487364021685411
1.2864779719826638
====================
300
4
0.28822749773742684
0.22043294785954348
0.27477594313183573
0.06779454987788336
6.92006752148281
4.33824447088859
6.533356519644013
2.5833623487374187
====================
350
4
0.2086558952806281
0.058019767197104555
0.23746353724144909
0.15063612808352356
9.506516491380921
2.687533854372052
9.161717105583062
6.823887101208706
====================
400
4
0.2326625254709845
0.08640227674886619
0.2551138077474236
0.14626024872211832
11.226965710744265
3.427599169325365
11.087077613415959
7.813374864153833
====================
450
4
0.3026964602245672
0.14261358238614874
0.2747516199841503
0.16008287783841846
13.704950978552008
3.925802348658186
13.631123193416094
9.818670620623662
====================
500
4
0.26776781549624973
0.09941695780381776
0.2793697319074915
0.16835085769243197
16.449030227663773
4.734195562986376
16.17437008494725
11.726241109629928
====================
550
4
0.1870546013992478
0.020753834566050067
0.24437738830369393
0.16630076683319772
18.551790034750564
5.408365041891097
18.761102707083158
13.147957052208266
====================
600
4
0.21568295347516567
0.05633976248704883
0.2407086923557218
0.15934319098811683
20.124029210645634
6.366582686042744
20.713446026567645
13.777866647107542
====================
650
4
0.2178650448060242
0.05211769957386991
0.19631145080878487
0.1657473452321543
22.01520469504973
6.628029919214232
22.625356010099484
15.430615913444118
====================
700
4
0.16781322983510183
0.016033111622811624
0.16706984676053382
0.1517801182122902
23.772287975817566
7.828783599759802
24.25864942652309
16.058706995444542
====================
750
4
0.2077558949022591
0.06539760631084723
0.21927499129570616
0.14235828859141186
25.63820217538198
8.961608395702603
26.14410596628389
16.826776637357074
====================
800
4
0.24179093264060086
0.09916239204544888
0.21639913380731765
0.14262854059515198
27.85999871944553
10.449416215070395
28.386037427900188
17.554305635436
====================
850
4
0.2961949510261407
0.13941792907251715
0.232982926013239
0.15677702195362353
30.615738635131873
10.84474363666355
30.66800275795724
19.963689802825236
====================
900
4
0.2885121907678756
0.12401087496308216
0.250316005493576
0.16450131580479344
33.42487986959445
11.506790733048247
32.931735819820794
22.03273552760155
====================
950
4
0.3032066747513018
0.1486186825745699
0.3007432311801258
0.15458799217673191
36.21656586071501
13.970938626799077
35.588951712882185
22.339470984236616
====================
1000
4
0.39648160088774487
0.24703554936576474
0.3594468777243036
0.1494460515219801
39.624395757350115
17.518198463308558
38.89911918193905
22.27732897212126
