====================
0
3
0.0
2.0802761319087937e-08
0.0
2.0802761319087937e-08
0.0
1.8205898781385288e-07
0.0
1.8205898781385288e-07
====================
50
3
0.07452101136048106
0.07101382574031345
0.038123490948210215
0.0035071856201676077
0.3734236674164085
0.34432888966762915
0.19909783229902392
0.029399620267371696
====================
100
3
0.06839431950065267
0.0671223703329269
0.042705448130887724
0.0012719491677257722
0.8041602195380577
0.7970129306258447
0.5021746973419845
0.0334358090693622
====================
150
3
0.007151946819486943
0.012764183422319997
0.023352133249611384
0.005612236602833054
1.1155979303054864
0.9749023999306304
0.7457345268854398
0.15224731087347906
====================
200
3
0.0011051148001592534
0.0013052946716017506
0.011029187952091601
0.002410409471761004
0.7850054869171336
0.7350771532719849
0.4909505315762585
0.09901665596462633
====================
250
3
0.0562561642585766
0.05282485745330079
0.0039948822413256035
0.0034313068052758133
0.886723674305196
0.8516766433664238
0.3379969343739057
0.13235508618848718
====================
300
3
0.10710097535275231
0.09381666061423521
0.06103804485068354
0.0132843147385171
2.0476287377611833
1.6247999473419001
0.8309024753966906
0.5071443268670842
====================
350
3
0.14209504307922072
0.12352711524240378
0.09390268813989167
0.018567927836816933
3.5672643708206344
2.745466621944455
1.72667900182358
0.9137921690495787
====================
400
3
0.19433951081563172
0.16367292395187885
0.10237921789921403
0.030666586863752874
4.789600857855577
3.308626213187406
2.3977480353408187
1.5080738872226123
====================
450
3
0.25128594270834514
0.2022664452091032
0.13570408942706513
0.04901949749924195
6.659643429404726
4.094349965283906
3.2946820170127546
2.565611595002956
====================
500
3
0.20764657661812302
0.14582356459483492
0.1250303576859806
0.061823012023288104
8.835444289831745
5.005613571179389
4.472281175311889
3.8472666926422807
====================
550
3
0.13097759053880198
0.05303516588784407
0.10972532039983451
0.07794242465095791
10.922494548375969
5.7536581774264475
6.110035223658372
5.178444351114287
====================
600
3
0.10337256770342368
0.036171473827265585
0.0753979399408898
0.0672010938761581
11.89812143318619
6.847670280827691
6.857493825742713
5.085666174626108
====================
650
3
0.13519160566231614
0.05563924404551335
0.07914672211374585
0.07955236161680279
13.257009268785822
6.57377912755758
7.681035759802374
6.73770257708015
====================
700
3
0.136372632589862
0.0653356663754936
0.07411823926923278
0.07103696621436839
14.685111983109156
8.168696785884183
8.499117875686716
6.562189532353303
====================
750
3
0.07663555145056788
0.017924391220634606
0.049083933100984245
0.05871116022993328
15.406326214526874
9.697364187125007
8.859566910094333
5.725355453402462
====================
800
3
0.1221775500123616
0.08010417449247649
0.039309243619889724
0.04207337551988511
16.038817080736976
11.635965733219244
9.075819528773849
4.420729013598223
====================
850
3
0.19098302244187115
0.136767992485739
0.050122945463089374
0.054215029956132144
17.362158388713723
11.3580161410934
9.191685480925093
6.017164454223009
====================
900
3
0.12704087082147586
0.06654931271986397
0.0007883678337208266
0.060491558101611886
19.12940693863619
12.071876013841342
9.651266878613812
7.080233619758615
====================
950
3
0.061710161120986484
0.024080721200612887
0.013754310878546505
0.0376294399203736
19.842649293968275
14.117250523364433
9.544208211478908
5.755634350323479
====================
1000
3
0.12473734198961418
0.10803259578211477
0.018574101372140786
0.01670474620749942
20.62975796493695
18.02432147741158
9.569398460901775
2.6362771725219787
