====================
0
1
0.0
2.2786838666644813e-08
0.0
2.2786838666644813e-08
0.0
2.200878357936949e-08
0.0
2.200878357936949e-08
====================
50
1
0.042278384606018626
0.04172141597632528
0.07707972570247867
0.000556968629693344
0.3042426547326266
0.298056202564417
0.6110989804697521
0.007425854033428116
====================
100
1
0.06903415362403464
0.06491205780354115
0.04790249430764115
0.004122095820493499
0.9850988234926883
0.9501291093154899
1.3067193104055626
0.049678372497862215
====================
150
1
0.136031284072466
0.1308562015085295
0.08911409499336642
0.005175082563936506
2.6175130684409407
2.4671256883105035
2.4558224101174
0.15371473748313436
====================
200
1
0.14375152770869276
0.1310331760950159
0.13415836590770422
0.01271835161367684
3.583767966072881
3.229395122777865
3.158097374983941
0.3681537745650589
====================
250
1
0.10428668421011134
0.0760912551850057
0.1359143921861916
0.028195429025105634
4.856200249209506
3.872244267237201
4.73104288862132
0.9925894000827072
====================
300
1
0.13402779149988753
0.0966623985933448
0.15536144933259832
0.03736539290654273
5.931069257368877
4.3829416515249955
5.915890754006016
1.5854373237371215
====================
350
1
0.14299984792985265
0.08730225482521603
0.1218229677858671
0.05569759310463662
7.052313870789004
4.343998901028147
7.044268895236774
2.7495534906849506
====================
400
1
0.09920171711007258
0.021614013371707916
0.11468867902712983
0.07758770373836467
8.23744392157752
4.1559108091155785
8.256681679282117
4.141271717957348
====================
450
1
0.06885609630615686
0.019981026828273407
0.1052190927077934
0.08883712313443026
8.98672790967842
3.6415624350564637
9.332771132082884
5.40098017226285
====================
500
1
0.1417645465505526
0.03887743911838104
0.15086296119278542
0.10288710743217155
9.846288352043729
3.291117544548549
10.305613854751849
6.709436108012551
====================
550
1
0.13913335306185903
0.02269737020506568
0.11846682643380224
0.11643598285679335
10.640061649734163
2.334968827817279
11.140298286665356
8.524993758160367
====================
600
1
0.08161249306498941
0.08965938511320154
0.08451468703985798
0.17127187817819095
11.48411269074915
3.1496531698316277
11.905323674713058
14.364297168625
====================
650
1
0.02045765852185588
0.17884121044654
0.03852289209566595
0.15838355192468412
11.425530737053851
3.847722616205885
12.40721212288355
15.261922608710773
====================
700
1
0.06911752428528928
0.22953546625870658
0.02240611808485271
0.1604179419734173
11.072702511894272
5.879316227430546
12.567206933812196
16.72996634410841
====================
750
1
0.04369325114723854
0.21578639982234638
0.02905958283390153
0.17209314867510783
10.502076504430383
8.669168249405294
12.226334238382007
18.652984414270357
====================
800
1
0.11930081326679882
0.28895605014196546
0.07960216146241315
0.16965523687516662
9.989715992249252
10.41159547837318
12.102422383632412
20.287163413923114
====================
850
1
0.2177441005428158
0.35441559219394003
0.13648361871719672
0.13667149165112424
8.694537833854971
10.645270696268993
11.32013993504524
19.29535851880655
====================
900
1
0.21002474642912672
0.3415330551014426
0.13302468067171214
0.1315083086723159
7.031816408250947
12.884449415801958
10.526039345708293
19.586633529569557
====================
950
1
0.18037995078541202
0.3165472036717507
0.15338529431875725
0.13616725288633869
5.929088498736589
16.575967846148508
9.352602259780285
20.8595340105139
====================
1000
1
0.1873359985149658
0.3286263015399875
0.13299818495004379
0.1412903030250217
4.087883706702072
19.485684147317123
8.300025900997953
23.334485480675134
