====================
0
4
0.0
-0.0
1.552683128736021e-07
-3.8384900044198964e-08
0.0
-0.0
-2.0054935490065873e-10
6.82388798990526e-11
0.0
0.0
-9.756127231069406e-09
-0.01398997083367631
====================
50
4
0.2074808642638084
0.040755207088402204
-0.0866933637230316
-0.01702906918312195
-0.7327175444511682
-0.15850332124065264
-0.5272263099868075
-0.1140509351948951
-0.2414294929000469
-0.16754195700379954
-0.18663092782879342
-0.12951404780863396
====================
100
4
0.9135044195992847
0.06370163467373166
-0.9005033864338312
-0.06279503034066222
-1.468590956311072
-0.12813436604744277
0.9031421685415353
0.07879903435294623
0.10500210376919795
-0.807718136100282
0.3209673580406221
-2.4690091615255203
====================
150
4
-1.8279878468384148
-0.06884066057474593
-3.967781158311542
-0.1494236826719679
-0.27083567842427314
-0.015845213104970172
2.1345986686867704
0.12488447236978271
0.21025472705284587
0.21252342972374053
0.22939319099808597
0.23186840262541647
====================
200
4
-2.3400970574383706
-0.06320915968544526
-4.3609345980272
-0.11779469168096413
2.0210586634599537
0.09668551480469482
3.7925086213944823
0.18142998770408258
0.3930948493006179
-0.940213177853047
0.36431880380888276
-0.8713859794657758
====================
250
4
-4.325645466541388
-0.08922705438106517
-6.437428919997338
-0.13278777115733095
7.3534285863169835
0.3282771210520999
6.820016615129113
0.3044641548716554
0.45516496083495417
0.6114400530658194
0.4291265699838842
0.576461712346179
====================
300
4
-6.228089965976707
-0.10322173069410294
-9.177270110597767
-0.15210019589281987
12.670843554303705
0.54650133279061
12.74980808593308
0.5499071219627114
0.5769116436728411
-0.9584714867996293
0.6747125472608303
-1.1209562944827371
====================
350
4
-7.942912192662888
-0.11105260550953544
-12.902140757331665
-0.18038929714922303
18.971950377538448
0.8000557925272952
16.89842677694309
0.7126143574304356
0.49602763381187454
0.7050333422829227
1.0106524734268938
1.4364999904358309
====================
400
4
-8.265557880510869
-0.10104347406419863
-18.477583186604086
-0.22588181275542732
25.222573724915396
1.0703224998153238
25.816294955620688
1.0955171210610606
0.5941316005683477
-0.9596265294911213
1.2839480117795663
-2.0738007764818613
====================
450
4
-10.700726308583867
-0.11419076528356818
-26.902796084527267
-0.28708807089997473
32.202887072854686
1.375363640481562
34.87018856021913
1.4892822924218037
0.49462017128953906
0.7016292168261077
1.3520812124943729
1.91795591298762
====================
500
4
-12.90802744873433
-0.12192108064162294
-48.02274538931949
-0.45359254436799684
37.66838024538493
1.5661661129550772
39.472826706803694
1.6411909184313365
0.6383517902323586
-0.9623179104292652
2.6149917597255077
-3.9421106739480036
