====================
0
3
0.0
-0.0
-1.1178034231562606e-07
2.7633954271008112e-08
0.0
0.0
-3.3397951071378884e-10
-1.1363986777695582e-10
0.0
0.0
-1.2352126842298097e-08
-0.017574921760263443
====================
50
3
0.02521309333113031
0.004781389984983534
0.21619667270356757
0.040999356646781546
0.36231638939021593
0.03852154074285005
-0.05370802762929472
-0.0057102467211654715
-0.11473120975182094
-0.08729381456826521
-0.1688605455232779
-0.1284783903237033
====================
100
3
0.7104388565701267
0.04884948287445395
-0.8899719173520957
-0.06119410211502811
-0.2596125883648277
-0.016094797973174178
0.8652915281577194
0.053644133442507735
0.125230214613747
-0.8336090698533531
0.2060936187030949
-1.3718854536797964
====================
150
3
-0.6223247494281026
-0.02455100968595785
-3.6541968782348064
-0.14415981854230336
1.1553673058686051
0.05362765615318689
2.37496859274766
0.11023680384545535
0.14125400644628394
0.1334693204840432
0.14671977754536925
0.13863386606310013
====================
200
3
-1.1261215329743024
-0.0314493105149386
-4.3136392257998075
-0.12046744111471777
2.019221000740931
0.07539153674667813
3.106906894268427
0.11600240152107966
0.15349115023381016
-0.8599546892578187
0.17170461869488826
-0.9619980812507428
====================
250
3
-2.8155261056015846
-0.05994439946109638
-7.131718622861619
-0.15183897216311304
3.776242531411558
0.11854432313428424
5.877652523876815
0.18451207364613972
0.1563040616114213
0.14982048958279626
0.26605865817460894
0.2550224096195147
====================
300
3
-3.4952509068889626
-0.06067705219398915
-10.865180748894566
-0.1886179724890192
4.647949629688625
0.12532848552888587
10.264428327654521
0.2767726330138642
0.09480066375482123
-0.7913442275984168
0.5081307619540976
-4.241598417259084
====================
350
3
-4.220711291268174
-0.062250846020943454
-16.530196936301884
-0.24380221085162548
5.058237826231348
0.11626834654116933
15.031425560792343
0.34551143227128706
-0.04487394467655559
-0.03605915426786266
0.6466901279326362
0.5196578828696075
====================
400
3
-3.838582327208954
-0.04961009778405903
-26.109312778191757
-0.3374385253689431
3.880706779063871
0.07641424283299812
20.4080667923645
0.4018512761739681
-0.03839929129769949
-2.864986765213106
1.0281923482095103
76.71384992175918
====================
450
3
-3.6499425106805177
-0.0421187265799331
-40.88125267178684
-0.47175162307066415
4.657961464003606
0.08195315827845157
24.661756836679707
0.43390416109709845
0.0032637856560864265
0.0027281972207317895
1.5404550282396456
1.2876657873866282
====================
500
3
-4.332893308024026
-0.04453271669782178
-54.92942341215129
-0.5645549699222985
5.02898997683473
0.08037564182022139
29.82715805721528
0.476711423877362
0.13184826076070888
-0.8406299228581098
1.5985925729151087
-10.192206886142243
