====================
0
2
0.0
0.0
9.578046444858046e-08
6.198806194018068e-08
0.0
-0.0
-6.935518825912368e-11
1.4584877161362175e-11
0.0
0.0
-9.654564253421269e-09
-0.013612248138322732
====================
50
2
0.8847314739728596
0.0884392430156728
0.2007450154381747
0.02006680866093653
0.11873349870625094
0.06073554795775064
0.39443801808628787
0.20176621951576182
-0.21387332063306808
-0.15131265091058105
-0.10843055625478248
-0.07671323780850889
====================
100
2
2.771577059146658
0.15335908180810628
-0.8277631210163499
-0.04580244008541654
-2.9920806145642356
-0.2679041182904832
0.419370842601376
0.03754951496860703
-0.24918494447617223
-1.1114968201949351
0.04731512493951898
0.21105051522256105
====================
150
2
3.086853751686924
0.11336542151802527
-3.5635050130452406
-0.13087054988099167
-5.334491629964106
-0.2622674337113836
2.0271114176209934
0.09966185088007723
-0.2896313774055761
-0.1944864535802969
0.10418716679292728
0.06996131689751509
====================
200
2
6.441656025984948
0.19041302457699127
-4.4157103299102936
-0.13052680183206786
-7.919705350456134
-0.2728313451250444
3.2799320951999604
0.11299262357035426
-0.31117909128067295
-1.0873438979859227
0.19070524075919182
0.6663756841760613
====================
250
2
9.281371898434664
0.22938353361835814
-6.9289912906507425
-0.1712458593463271
-9.770465235851027
-0.2591112361010363
5.713434896954617
0.15151941517591005
-0.4122031583689736
-0.25574360780461575
0.19107262378561618
0.11854737443784133
====================
300
2
11.835884868856105
0.24728565731417493
-13.588913570698416
-0.28391146599928313
-13.752597036134887
-0.28775652611508373
8.321933353007957
0.17412643051568963
-0.2919112169963172
-1.0936490209212213
0.7781405027606257
2.9153131138295443
====================
350
2
15.195227736174694
0.2815186970432002
-21.15047570873864
-0.3918502879159155
-16.03748564684723
-0.2818223181487528
10.31487233389334
0.18126041055056094
-0.3831220330415308
-0.24206837562188946
0.7775953781370077
0.49130886204164065
====================
400
2
17.00072796873004
0.27364965285402465
-30.489634281850183
-0.4907717982559857
-17.877938636318333
-0.27568326618436617
13.47076492570828
0.20772330346726303
-0.10220274889142866
-1.323759547925407
1.5113101658234098
19.574926150085698
====================
450
2
17.59689066959639
0.24783734958812587
-45.896983469272385
-0.6464202654147305
-18.861142340720868
-0.25957449310912484
15.011959991322612
0.20660052476827326
-0.06798490517856881
-0.053634273088196995
1.9467845637832695
1.5358464450834204
====================
500
2
16.84328931050287
0.20613283237900312
-73.05294986415862
-0.8940422023001363
-19.754131213065634
-0.24798835487986298
3.7841165303216258
0.047504839514656776
0.14440323922640524
-0.8524416524000192
2.9661038194321834
-17.50951332236068
