====================
0
1
0.0
0.0
-5.973939609660306e-08
-3.866268031568853e-08
0.0
0.0
-2.4163515632835697e-10
-5.081408533117021e-11
0.0
0.0
-1.0994894240309163e-08
-0.015879656909340317
====================
50
1
-0.31903033215670007
-0.028465546240574235
-0.3779973368646754
-0.033726889222716064
1.0044102132976782
0.09493651755621337
0.6633212033558689
0.06269689837287579
0.017894555196479756
0.015143252078056075
0.026683513892890698
0.022580900881394667
====================
100
1
-0.6446757121602431
-0.0300006554124277
-1.5463427726927108
-0.07196067076515027
0.6412532681419663
0.037619647691964894
1.2359247709638872
0.0725065380051059
0.034851714449115716
-0.5823364888932364
0.10352721840440435
-1.72983389263462
====================
150
1
-0.7810883097634083
-0.02511765877358722
-2.7180490179056065
-0.08740500518093298
0.5817651022913211
0.024306858371586797
1.8433009857335527
0.07701537238992998
-0.03607176823184166
-0.029192511606834594
0.078780927451505
0.06375659558033914
====================
200
1
0.008954621089955594
0.00022240535194580012
-4.477591315424327
-0.11120964945054353
-0.8818905021878116
-0.027996002714904746
2.806699765721916
0.08909992121033103
-0.029220480857682515
-6.917520853550345
0.1830170036885103
43.32659499122216
====================
250
1
-0.6445299173694394
-0.012791300937492405
-6.5837766432739
-0.13066122468459232
-0.21793430625622534
-0.00578602477288454
5.281103346163555
0.1402101179661929
-0.004522176584453641
-0.0037556430047885753
0.2381833959748194
0.19781001211337995
====================
300
1
-1.3174218801563953
-0.021591234027164556
-11.27236056452631
-0.1847427757601653
-0.4313199209539462
-0.009806791419733913
9.670606075856561
0.21987766407492912
0.09401593211323492
-0.7899682851167382
0.4925385168562387
-4.138551825941969
====================
350
1
-2.3004978512974645
-0.03218756356434531
-16.785329862951393
-0.23485302175246026
1.1913299336512537
0.024219874258378925
14.628739921283888
0.29740396127387353
0.07595190000123875
0.06759525146855637
0.6554636507690954
0.5833459110504463
====================
400
1
-2.5798638608570457
-0.031574775662327595
-26.091099729542094
-0.3193271680894161
1.4711852997834853
0.026743477981500088
21.648728203170123
0.3935345779448491
0.010607442089649512
-0.29793008188147596
0.8095825536451795
-22.738657864809742
====================
450
1
-2.0004926409701085
-0.022080698402466407
-39.12101799712105
-0.43180333778833313
2.520964058415629
0.04146989437618854
27.036429677856788
0.4447496501614619
0.023145283807072703
0.019674097055011698
1.2292640686454617
1.0449066338680653
====================
500
1
-2.638919507416105
-0.0260780673380262
-55.27024672370993
-0.5461861234492587
2.947146406192104
0.0443401450035556
30.495159200778204
0.4588030570955219
0.15331586484815207
-0.8598169281154274
1.5590236558804746
-8.743223879577455
