====================
0
0
0.0
0.0
-8.750978164329126e-08
-1.7501768167260822e-08
0.0
-0.0
-1.9216826285812643e-10
0.00020621182371564014
0.0
0.0
-1.2038203951235086e-08
-0.01705560252969783
====================
50
0
0.35234849194395146
0.025372851705198603
-0.08046411052944791
-0.0057942746761611
0.19752754170090459
0.02916883278769203
0.19952275513736772
0.02946346535691659
-0.014813183491333426
-0.012048040435321952
0.06796660054385284
0.05527943079101108
====================
100
0
1.116004126284146
0.048553021798060196
-0.316357230505357
-0.013763479136805375
-0.38576910130182007
-0.028349334341944813
0.5056110934937461
0.03715626235507136
-0.047226959445474684
-1.264526255555862
0.09205990392960475
2.4649515228126795
====================
150
0
2.170241845378939
0.06933954506991533
-3.035431210035643
-0.09698247208856284
0.39994483890517074
0.02020597950312366
2.315151229945272
0.11696587566166214
-0.008331195232054611
-0.0068119427201044904
0.22706103700102087
0.1856548472261683
====================
200
0
2.387155045850463
0.058303014003697654
-4.27031187613774
-0.1042965573381576
0.4891622398882127
0.018845315878762234
3.5279109308702097
0.135915224976443
0.1422850155960044
-0.9350741275738615
0.33621957155426463
-2.20958068723851
====================
250
0
1.4020262590483483
0.027331651310949806
-6.996103199180659
-0.13638478733288278
1.836927845515806
0.05816680744706355
6.05023516992058
0.19158230139377241
0.059169616790128776
0.05120574253740258
0.24544697175792907
0.21241128680959107
====================
300
0
1.1879367390935514
0.019356021484121737
-9.329353714709598
-0.15201076369830926
3.5763844390024104
0.09908688989845825
9.702619740652686
0.26881965022664955
0.22550556004875633
-0.9580287219062341
0.5823497872556418
-2.4740313377030048
====================
350
0
-0.11951245998211846
-0.0016587856702673072
-15.067777982670009
-0.20913479819729172
6.553629735530073
0.16348279468366705
15.701858334811817
0.39168884814858146
0.20230080040865084
0.1998238258980434
0.6794833918402303
0.6711637853998726
====================
400
0
-0.9739230037984896
-0.011767376928801804
-23.987063117666658
-0.28982251370966233
8.055724535933535
0.17966282866896363
22.631373286884063
0.5047362932096117
0.19661296283620597
-0.952156063135181
1.084844837303204
-5.25367999392627
====================
450
0
-2.2508538641728393
-0.02409667121870883
-35.062912479226505
-0.3753684268137834
11.341624195101794
0.23373455315392788
29.124335506623076
0.6002106425361524
0.23183955998848027
0.23588329983501322
1.4319174634021885
1.45689293223069
====================
500
0
-3.089122990452651
-0.029671810970015672
-49.56605382944813
-0.4760945369616059
13.193417570767195
0.249288658143797
34.528328969386834
0.6524102455301511
0.12275755762915565
-0.925515425448728
1.6734682468313469
-12.616906904583095
