====================
0
3
0.0
1.17755773200737e-08
0.0
1.17755773200737e-08
0.0
5.4284594460366406e-08
0.0
5.4284594460366406e-08
====================
50
3
0.0107397608173041
0.008781019170831073
0.03148208017419174
0.001958741646473028
0.2984601844824431
0.285073159133086
0.40219880800654184
0.015393342924790868
====================
100
3
0.05907654086259351
0.05737064298260641
0.037213119763466196
0.001705897879987095
0.9354528271675294
0.9595869503326704
0.9838443515984706
0.045588326782727805
====================
150
3
0.011891226863306237
0.014583329211075968
0.011860805630748095
0.0026921023477697315
1.2579109285976857
1.2532450752308983
1.1046417011281464
0.018080266008881095
====================
200
3
0.1066996138387465
0.09970472966619176
0.06647924224760476
0.006994884172554747
1.7948621669389138
1.623777823753049
1.2910339642682156
0.2461997301529815
====================
250
3
0.11679803548907297
0.11733166055143651
0.044276495294546914
0.0005336250623635408
2.326259518501243
1.4178455602421296
1.2619560785432862
0.9093997388565941
====================
300
3
0.13197828175459092
0.134919224548661
0.10958723386419766
0.0029409427940700894
4.610413716353515
3.652674914083306
2.676175327502709
1.314178105649566
====================
350
3
0.01092672581579901
0.009648811304303617
0.05876789428460483
0.0012779145114953927
4.619091566204991
3.616323071574727
3.437161130670383
1.102180710556206
====================
400
3
0.016344675285332726
0.013853817915640698
0.04110814301656741
0.0024908573696920265
4.285712536455216
4.214273211662207
3.5938960800177524
0.3726902990793396
====================
450
3
0.11338161053413609
0.11229008343156943
0.07863257179681926
0.0010915271025666584
5.5081286043567905
4.918243352771536
4.192086361618749
0.5921793600650552
====================
500
3
0.0498896328443883
0.04645869070761943
0.05350291480406044
0.0034309421367688664
6.184690777901667
4.778654290937321
4.713370001310566
1.5430076302549198
====================
550
3
0.034390039636573055
0.03770586740142723
0.07823881767768803
0.0033158277648541734
6.146219074868204
5.16221622951867
5.429629973823225
1.0613220237709953
====================
600
3
0.10376715156653696
0.10894281241414212
0.11884279560590742
0.005175660847605154
6.254457996331399
6.557647974663869
5.655387785754065
0.30952048631097634
====================
650
3
0.170323388414251
0.17333419855373888
0.08815368074354657
0.003010810139487896
8.754619316151581
8.835805279752833
6.508734167572874
0.575074866319805
====================
700
3
0.2704513695211266
0.27345268522409505
0.15142512529701868
0.0030013157029684656
11.704127636771053
16.324329147447752
7.700361987260874
4.640414556731358
====================
750
3
0.23581682506961443
0.23841464514984456
0.12292554646024567
0.0025978200802301288
14.968671309520461
22.73516277647473
8.923565658321493
7.7744505402403385
====================
800
3
0.2911076508703857
0.2943692603316311
0.09514433808607106
0.003261609461245391
19.02157393316538
27.748425898968247
9.822278403203162
8.736571618375999
====================
850
3
0.42228231965099305
0.4243104975260181
0.15704419018968974
0.0020281778750250723
23.700543652286864
32.33218236000397
10.752372102272295
8.661654208847057
====================
900
3
0.43638464274901523
0.43822020698034025
0.1716733809202733
0.0018355642313250264
28.951795240862502
37.49839375280268
12.557504168680031
8.565164817805158
====================
950
3
0.4476793658596474
0.4572239444159676
0.24021306843766954
0.009544578556320182
34.209992313394224
42.119411202579194
14.707843700687445
7.991523778624109
====================
1000
3
0.5705495259832128
0.5934867843546454
0.22147298861391895
0.022937258371432574
39.737888561121
55.63065496691565
16.03254822109241
15.905251922520064
====================
0
3
0.0
9.209712015181823e-09
0.0
9.209712015181823e-09
0.0
1.423414659209046e-07
0.0
1.423414659209046e-07
