====================
0
1
0.0
1.2373457754433126e-08
0.0
1.2373457754433126e-08
0.0
1.2530860380862073e-07
0.0
1.2530860380862073e-07
====================
50
1
0.022104023420358443
0.022743101459727688
0.00043407120214000727
0.0006390780393692452
0.3087248226003095
0.2954461177430345
0.12258083344720846
0.013775046504177558
====================
100
1
0.03622435623593745
0.03570656271117212
0.04951534479537889
0.0005177935247653309
0.5306255084340651
0.5202415949396764
0.275238871661934
0.02181144705887667
====================
150
1
0.01473238078102912
0.021236944252642553
0.035208749615492474
0.006504563471613434
0.7188087559181385
0.6677405238218521
0.9300788634904963
0.07032028371110009
====================
200
1
0.04625656596325377
0.04852335231615224
0.06765897080757234
0.002266786352898478
0.7628365872930584
0.8670707125954865
1.1155857709757275
0.10464272927966922
====================
250
1
0.09173452449508201
0.09302206147132641
0.06737967778502219
0.0012875369762443967
1.7687950412203353
1.5221128529121322
1.8914538075053628
0.3335085906424679
====================
300
1
0.11619581022388337
0.11311120955814857
0.12917988514905243
0.0030846006657347935
3.3308375311439162
2.5085082539002985
3.1899891697605383
0.9938443829470476
====================
350
1
0.05853894568771678
0.05917317691926427
0.11820717051010687
0.0006342312315474885
3.794348621346442
3.1936302311170994
4.487004665098153
0.6084677631986217
====================
400
1
0.0719152423716282
0.07581628187458311
0.13100203499332153
0.0039010395029549084
4.046153707005784
3.9872697216211543
5.658231937394905
0.28280531461059116
====================
450
1
0.1256925185542146
0.12319034430921172
0.16505397329628968
0.002502174245002875
5.693693387553931
4.875534773092429
6.971023400425346
0.8250365812433933
====================
500
1
0.06985456003997959
0.0677367682501977
0.16666480506810322
0.0021177917897818865
6.5229241895377665
4.7334104457837585
8.760145738744757
1.9892734768068434
====================
550
1
0.04926365058969284
0.041806722564576626
0.11054592820863252
0.007456928025116216
6.268921536410811
4.598998475500163
10.4739321471825
1.6760301488745075
====================
600
1
0.08992787947713109
0.09511673232753136
0.15650546448525415
0.0051888528504002674
6.08735639793532
6.8666651356127995
11.298603197180384
0.81263796593425
====================
650
1
1.7217443673097261
1.6418284751457344
0.17296100103815348
0.07991589216399175
15.169014488208143
10.165606204093077
12.946273653776263
7.371249165770121
====================
700
1
1.4126884391157628
1.2552204257839585
0.11953031029097394
0.15746801333180427
31.371923946866644
18.52056750332243
14.228789111000328
14.164028027665953
====================
750
1
1.3185094787829195
0.8813475518574635
0.12330538234862387
0.43716192692545597
45.8371515015856
27.591476793735538
15.610595004139626
19.806630078397554
====================
800
1
1.105831575380876
0.7615800614011987
0.0847379474364229
0.34425151397967746
53.1369890752689
32.559756873798655
16.573307037317417
22.362342604029617
====================
850
1
0.9316351125131344
0.8212085595772767
0.1044975778113546
0.11042655293585768
60.622202934634835
39.362281221745036
17.721885120256204
23.1150723335351
====================
900
1
0.8239314721008919
0.823653951239711
0.1629511299803572
0.00027752086118093544
66.90342575660885
45.802003209822274
18.70913162206717
22.148586926650157
====================
950
1
0.7322430303751353
0.7246906068704777
0.1545818429703809
0.007552423504657568
73.31221806231495
52.77967896880675
20.298597665696338
21.2704489969664
====================
1000
1
0.7196636959482748
0.712379605836109
0.14339337504798239
0.007284090112165819
78.47372558835389
58.913117752902195
21.613342763948296
20.21642825431255
====================
0
1
0.0
1.10266031381133e-08
0.0
1.10266031381133e-08
0.0
5.05091125773375e-08
0.0
5.05091125773375e-08
