====================
0
2
0.0
9.756169383828774e-09
0.0
9.756169383828774e-09
0.0
1.552617468530925e-07
0.0
1.552617468530925e-07
====================
50
2
0.08493247830129214
0.08411974289692292
0.05369927184655854
0.0008127354043692137
0.5288964574802877
0.48621602287847543
0.34700000434007783
0.04287698919750894
====================
100
2
0.028980894070842478
0.02791128339043869
0.03724737175596449
0.0010696106804037875
1.233444812675086
1.1872161513299515
0.9546664364444178
0.09178716801269149
====================
150
2
0.041387857180422705
0.0339446387932707
0.02264693177043209
0.007443218387152006
1.1554770530891367
1.329564613027626
1.1619945673692504
0.17572695962873214
====================
200
2
0.008890850821751424
0.012305780535004696
0.013553649531057109
0.003414929713253271
1.0708383263894474
0.9575354635070003
1.02767546539209
0.12380158381386737
====================
250
2
0.04326120417533508
0.04096116578425435
0.04378875961298312
0.0023000383910807276
0.9661801021975954
0.9550638685156848
1.020884188501293
0.034281933879100286
====================
300
2
0.02195033845396699
0.018617111774138273
0.030318352829036943
0.003333226679828716
1.2385060193224886
1.2816366099416838
1.2833698089945147
0.0995294008614229
====================
350
2
0.07123357045806245
0.07301725340877496
0.04980073774825722
0.0017836829507125174
1.0079873948011604
1.6531381724719831
0.9618767589019421
1.2923451824837566
====================
400
2
0.05104070331557817
0.03785897034128474
0.03153177785803874
0.013181732974293425
3.1189115340819127
2.2916008185795507
0.5765821532356236
1.9996806241706213
====================
450
2
0.017351135940614437
0.01827241791691603
0.06317216009416216
0.0009212819763015911
1.550970278040366
2.8231467285813063
0.09754477498753569
2.1318884586214506
====================
500
2
0.029344912203502993
0.033235643226295686
0.09216261117573143
0.003890731022792693
0.7642159707743434
1.9172713615435881
1.2105014626853459
1.1633594813464034
====================
550
2
0.00013294424952592365
0.004743509525682699
0.07680100466367312
0.004610565276156775
1.6599864069874515
2.0087093887486622
1.9916631229768276
0.912802973241787
====================
600
2
0.08282245916990225
0.08612517356328779
0.03019232739815603
0.0033027143933855425
3.482016612462888
4.047695104873582
2.5458957670768325
2.816903892316168
====================
650
2
0.17849979160636775
0.17976692697180585
0.007558827636316545
0.001267135365438099
4.15736804656095
7.29123953872243
2.8979739623178316
3.894733253683798
====================
700
2
0.2164647754229856
0.21530734630547954
0.013177979151755448
0.001157429117506048
6.70480621105575
12.612968657082224
3.0120083422828534
5.9718345717928205
====================
750
2
0.24782700542778735
0.24972460659753115
0.008267431638205647
0.001897601169743801
9.513805329672694
18.905239260442862
3.219722387558338
9.394874897990846
====================
800
2
0.30596302328444264
0.3093687915481027
0.037257924198231845
0.0034057682636600838
12.943905852051511
21.835186309065048
3.8201445031880015
8.891355360073751
====================
850
2
0.39713278188335277
0.3979175948661773
0.041569132068067116
0.0007848129828245121
18.040086362755314
26.167007909759963
3.3109109257074794
8.134947643352758
====================
900
2
0.3873751826832419
0.3843797328726959
0.010184427798128226
0.0029954498105460026
22.786551417383127
33.434829128367674
3.221487538096024
10.755078441704452
====================
950
2
0.3339290459525637
0.3410211055967096
0.025160199352209922
0.007092059644145943
27.634612948639067
37.12344546410265
2.961267764458697
9.730133961434065
====================
1000
2
0.46696026231242016
0.5525902208191285
0.02583198216874469
0.0856299585067083
32.48592907208034
50.28796970534146
3.497878661752015
17.91910408389897
====================
0
2
0.0
1.043075222292795e-08
0.0
1.043075222292795e-08
0.0
2.28844479628186e-10
0.0
2.28844479628186e-10
