====================
0
4
0.0
1.2799118740190526e-08
0.0
1.2799118740190526e-08
0.0
1.7808442038628343e-07
0.0
1.7808442038628343e-07
====================
50
4
0.0036020307684756503
0.0033133001520999628
0.033076633990060555
0.00028873061637568753
0.27851887154201227
0.28004443620543584
0.42525896667977164
0.004711998984770665
====================
100
4
0.06456026189737152
0.060970053065002805
0.078538146750188
0.003590208832368713
0.0461901649641352
0.0678562843816881
0.4070908180314805
0.07325869961011204
====================
150
4
0.05199091012243007
0.060755110288205794
0.06013743497302415
0.008764200165775726
0.627468901147008
0.32361070253628027
0.9039550345350538
0.5157372342976606
====================
200
4
0.0658555780701856
0.06799859458510459
0.09930313856654312
0.002143016514918991
1.6058604816960462
0.631176717388853
1.3064184121600027
0.9998668371916692
====================
250
4
0.012125794561925085
0.011009535011980098
0.07192915497053054
0.0011162595499449868
1.5251641266421598
1.039410881604926
2.3675166883047787
0.5371241332091514
====================
300
4
0.011274023631151486
0.010897095166427118
0.08206170691059578
0.0003769284647243687
0.7987210653495878
0.7294549579094384
2.8285552797686035
0.4865588692682051
====================
350
4
0.11205843537078142
0.1153733374188779
0.014592982976312063
0.0033149020480964797
1.537438911161891
1.4420519421470581
3.147210836121551
0.6193651832740712
====================
400
4
0.07497420006950188
0.07878546744042221
0.04890168971966236
0.00381126737092032
1.7405285429206667
1.601205180870337
3.388315716359067
0.5985081976234156
====================
450
4
0.13045057717073893
0.13584438678177935
0.02084468763113234
0.005393809611040412
2.0752118768827015
1.8569269694931712
3.6221364486580994
0.3404710483180578
====================
500
4
0.07720658973189343
0.07604855307343517
0.05935256857552007
0.0011580366584582613
3.064054749182926
2.8097242910432154
3.7344399240244455
1.0580894852713743
====================
550
4
0.046097317542295624
0.047409398853274
0.03724278464105191
0.0013120813109783747
3.9031214467571695
2.8234327010885463
4.483045618572726
1.0806128584103918
====================
600
4
0.1051500739250069
0.10293998504842981
0.0076510098112863275
0.0022100888765770876
4.232351952119637
3.9562512412589537
4.456460973694562
0.5052836089669226
====================
650
4
0.12627073085470486
0.12422100779684042
0.04223738100042418
0.0020497230578644388
6.512750581347732
6.270709297756694
4.635912468940034
0.5368783066072916
====================
700
4
0.19163614486690417
0.19027399795154176
0.04443293464760156
0.0013621469153624055
9.164208340409932
13.060794340765618
4.928331061678712
4.100768260508731
====================
750
4
0.2151150244398834
0.21338984459088706
0.0468017128046021
0.0017251798489963388
11.565308877015012
17.796753754196377
5.925039983318603
6.391108633619139
====================
800
4
0.31623894092259824
0.31341162164256686
0.018464909124541747
0.0028273192800313466
15.51954040665377
24.05779090782547
6.367846315201438
8.558109105147471
====================
850
4
0.3902849942525274
0.3893928034235187
0.016176711886643602
0.0008921908290087099
19.724138494285963
27.60878019509322
7.0301598718031535
7.889616042955335
====================
900
4
0.38889415820225937
0.38705880838901274
0.0192322307483086
0.0018353498132466228
24.54034487590349
32.349956287257214
7.112286451233328
7.990220781183316
====================
950
4
0.43881275684790844
0.43803217488459356
0.030535897473764173
0.0007805819633148747
30.1162531090733
36.86107872246729
6.669328219353557
7.012995060982644
====================
1000
4
0.6237017431029994
0.6229770784970282
0.05848201216674179
0.0007246646059712185
36.244622661689355
49.09744089901873
6.485432449815043
12.999719819056232
====================
0
4
0.0
1.2280926184038262e-08
0.0
1.2280926184038262e-08
0.0
1.972724749092059e-07
0.0
1.972724749092059e-07
