====================
0
0
0.0
1.1590607633094598e-08
0.0
1.1590607633094598e-08
0.0
4.312969841406353e-08
0.0
4.312969841406353e-08
====================
50
0
0.0013700343428484363
0.0006325430093794271
0.021521694656239987
0.0020025773522278634
0.5507188047047273
0.5416171100996842
0.5701863487725464
0.022613117727945633
====================
100
0
0.00819312315736287
0.0033119156178003095
0.019632577122120853
0.00488120753956256
0.6175161824915677
0.603630135661556
0.4138319802507199
0.01984557076075886
====================
150
0
0.030470157318439606
0.03906810674287953
0.009138857930858446
0.008597949424439921
0.668461087945689
0.5420604148212654
0.5092032574076273
0.12657684193681973
====================
200
0
0.045074028646992004
0.05605578797741777
0.019251246343645202
0.010981759330425762
1.6918478657170004
1.1362041411340094
0.5732138047112706
0.7465624598074444
====================
250
0
0.007313451278004202
0.002292986413288789
0.01972508771341097
0.005020464864715413
1.742521579496859
1.2210343319902428
0.426089600686816
0.522013858711058
====================
300
0
0.019078989469497376
0.022812084582018333
0.0402107416641897
0.0037330951125209566
1.6560027430367887
1.347839159096429
0.9105075267074623
0.34224212194053033
====================
350
0
0.014074779763384893
0.011609150887723407
0.05553077508438031
0.0024656288756614853
1.9269892364639631
1.6404058967152928
1.5040870602427485
0.8065367680468228
====================
400
0
0.014726252062274965
0.010389204422739832
0.014652174483814086
0.004337047639535134
3.4313262251826164
2.344345429602286
1.9872961922588825
1.3187259061543812
====================
450
0
0.03544967597661697
0.0324050540313241
0.004798395648119014
0.003044621945292869
2.1684771422864295
2.6925130176697047
1.8171789874071196
1.816208384801525
====================
500
0
0.006893909873944892
0.006099717362645585
0.0433281882063552
0.0007941925112993076
1.5971056138570003
2.7632418095246853
2.0581959800024308
1.2464067934143264
====================
550
0
0.010459937895016758
0.014402120504886096
0.06934253224246234
0.003942182609869338
2.359309451256966
2.5065443667111102
2.747878295241956
0.9544156882611238
====================
600
0
0.018578411437820845
0.019284755968474915
0.03897542736431879
0.0007063445306540721
4.222614813938748
3.8427610410590467
3.2748255701456537
1.985116126040644
====================
650
0
3.3836769485284663
3.384544863448668
0.008594539511492139
0.0008679149202015513
3.2058225742938724
9.283590651386177
3.475311797585821
7.04408330264416
====================
700
0
3.658191013670963
3.6596559315700348
0.012941384182021398
0.0014649178990717715
20.335000540977003
24.995672143623995
3.4723687856993037
4.722689239247089
====================
750
0
3.630200084470912
3.6265705762353133
0.040151827617513236
0.0036295082355985997
40.8349670007841
43.18906438267314
3.3288384739343484
2.422745141452508
====================
800
0
3.5606887734949333
3.560543568858343
0.008572567606268634
0.00014520463659005385
55.052116285102485
57.25494129815358
3.088979124775736
2.20351172421845
====================
850
0
3.512394507986382
3.4780562871531755
0.05877964603287156
0.034338220833206146
70.99591469042298
72.84604973101739
2.730904148675051
4.144589002185691
====================
900
0
3.3837192081959633
3.368056742894583
0.12176344053671251
0.01566246530138038
89.4296342471388
91.79600712162161
1.7940165682697984
7.484203226430279
====================
950
0
3.3784594692627006
3.378423960245639
0.12963761487065084
3.550901706161902e-05
109.72175919916438
111.21262310185026
0.5385888887991903
6.158673654461359
====================
1000
0
3.335794101788039
3.3323571605292464
0.1665490732689791
0.0034369412587921533
127.48447395821289
129.49544082158076
1.5828835429967387
5.473555791582948
====================
0
0
0.0
9.92971823733664e-09
0.0
9.92971823733664e-09
0.0
1.3877394676634614e-07
0.0
1.3877394676634614e-07
