====================
0
1
0.0
3.725593578852211e-08
0.0
3.725593578852211e-08
0.0
4.995225629721167e-06
0.0
4.995225629721167e-06
====================
50
1
0.0017863846423675778
0.002635523394521222
0.039989100666563804
0.0044219080368888
0.3773866710721541
0.37994948885280705
0.5730592034843074
0.02775356189460879
====================
100
1
0.09126520097427981
0.09021713726138936
0.11578522761278842
0.0010480637128904569
1.1576540378894944
1.098953493848737
1.7387635246909523
0.06543969916657696
====================
150
1
0.09215579150479547
0.08417269683422379
0.09635911606178182
0.007983094670571678
2.25831998227974
1.980789061530562
2.733829082745762
0.40191900174011247
====================
200
1
0.036914166630201695
0.03788500668518927
0.062107555734308914
0.000970840054987573
2.552442744207568
2.701427902546067
3.6462459942937224
0.7676328237962043
====================
250
1
0.04586784049680093
0.034222099828596475
0.057888202868951355
0.011645740668204452
3.119014473050343
3.0125279513953065
4.451897892782198
0.10691065578006141
====================
300
1
0.014971655091451375
0.015061721599499034
0.04398416264613969
9.006650804765925e-05
3.0068737153214546
2.9631255080434284
5.250831565742247
0.04791459733792837
====================
350
1
0.044292729279012955
0.04195466668453918
0.01007177794311831
0.0023380625944737776
2.1382633226413095
1.4272409256996117
5.320049155541686
0.8157380635640392
====================
400
1
0.04363233170572993
0.050864152327475716
0.01827253454826075
0.007231820621745786
1.316698047250379
0.9626144960542298
5.79206572696403
1.1625160476731433
====================
450
1
0.0659725180283699
0.06963852259780401
0.016584351216941018
0.0036660045694341115
1.274054582883126
1.7666428905960536
5.744371135986963
0.5042255419357837
====================
500
1
0.0677198958301597
0.06569281051482045
0.02328410552334681
0.0020270853153392387
1.6504889299370402
1.7135595761962588
5.632459675959374
1.2571324178979553
====================
550
1
0.002252357278719197
0.0022812616123975005
0.037795685657274536
0.0045336188911166975
1.0121682674007466
1.2086317203200005
6.064151268871404
0.5010369518233021
====================
600
1
0.066922789704666
0.07441223995597619
0.04713676479045665
0.007489450251310184
1.8257021071816233
2.204970989838736
6.645231030309832
1.7404351578850408
====================
650
1
0.05881618516949372
0.060159122861020764
0.043715532425621983
0.0013429376915270463
0.9782419953033789
0.6045463478462851
7.123772915146904
0.39894615010183404
====================
700
1
0.01295230769625988
0.012723323580821955
0.07438321203406284
0.00022898411543792463
2.001963031829764
0.9986054567975896
7.551483792319374
1.4985296855653116
====================
750
1
0.02234971068379754
0.030519268176410153
0.047121712459561316
0.008169557492612611
1.4034478747081132
1.2915341991403977
8.218624478752231
0.19777338976676404
====================
800
1
0.0742869518414777
0.07602889453435277
0.04128818172201123
0.0017419426928750657
2.6360382204624
2.4773421771649886
8.491898770034997
0.4629722519906053
====================
850
1
0.06564285391483504
0.06298601207347665
0.08194833953811553
0.0026568418413583927
3.086549629510625
2.717090716404735
9.142963033240676
0.5382512071366752
====================
900
1
0.10699827321327549
0.10054186336025417
0.02452980491625878
0.0064564098530213165
4.033912021015805
3.4600952170366592
9.666157619313758
0.6694987693261154
====================
950
1
0.011533618039627491
0.01590829269850924
0.04280326502000342
0.00437467465888175
3.9410163394733577
4.740766914771662
9.296067424845223
0.8994395487425695
====================
1000
1
5.4992290889397255
5.4993235721294225
0.04750182656001823
9.448318969740436e-05
7.277552623602507
7.691709909387557
9.637634207948208
5.652023133398846
