====================
0
4
0.0
7.426417103347275e-08
0.0
7.426417103347275e-08
0.0
4.049949668759007e-06
0.0
4.049949668759007e-06
====================
50
4
0.03098162080977418
0.032061841374014355
0.04993974003180579
0.0010802205642401752
0.5327082538272992
0.5278418723660647
0.46471228594413083
0.004889545701570164
====================
100
4
0.044282567102226
0.038798032218171574
0.03129904709714637
0.005484534884054426
0.6894372754353071
0.6507935856778868
0.556360650638342
0.05735687846939836
====================
150
4
0.08833346425968047
0.0872592784290327
0.04414532131405835
0.001074185830647778
1.5036237754915054
1.3663775353601697
1.0735713109527132
0.13846503786225367
====================
200
4
0.001088146913452658
0.010562603234757292
0.01662607997825967
0.009474456321304633
2.049432346767603
1.8735103222071783
1.3801854223455932
0.6264633757350315
====================
250
4
0.00715532814647335
0.01468321545097373
0.0075769394955464975
0.00752788730450038
2.128713410738468
2.059077510419128
1.2668452438773286
0.09635306713659121
====================
300
4
0.03921051655203778
0.03097738501416858
0.05250686586077702
0.008233131537869198
2.579159244145242
2.2701872276886674
1.669925134691482
0.3448387405609007
====================
350
4
0.03342371247188103
0.035673655060011855
0.04783442333538668
0.0022499425881308266
2.7700987108241275
1.3253831737459372
1.6988906365670702
1.5547273586314951
====================
400
4
0.023523118822459672
0.026667714252216784
0.08145218188143996
0.00314459542975711
3.872281950371207
1.8192159068255154
2.30931817284354
2.0534000351825896
====================
450
4
0.004750100441127669
0.0042806703623261555
0.0938705535109301
0.00046943007880151377
3.0305339905947504
2.359361773247584
3.197446464230871
0.8786489633973641
====================
500
4
0.15002809843241094
0.14567798145361177
0.11258315416664644
0.004350116978799168
2.02122577007947
1.55620223687092
3.682687073385022
0.9297927356837788
====================
550
4
0.20389414452624655
0.2046757783803037
0.13520880249620015
0.0007816338540571621
3.4976327646784173
0.2934759113825807
4.779127858801732
3.221486673269207
====================
600
4
0.11354202970466462
0.11509660268625567
0.15103525841396717
0.0015545729815910517
5.247081216772304
2.8135291086320664
6.080458200518301
5.487435558498636
====================
650
4
0.09323009777570057
0.09076388200999852
0.20135334851968545
0.002466215765702051
5.662817519386843
2.8815024081547964
8.120286360945098
4.330431476782192
====================
700
4
0.093223568853956
0.09321228062609554
0.1623211150309487
1.1288227860450917e-05
3.5349581559041803
2.6096066774059885
9.390317324584199
2.853045841575536
====================
750
4
0.14819695654351195
0.1463527472578634
0.19567319706955
0.001844209285648546
4.006890726377556
1.9997001746837868
11.299212958961045
3.681940267053022
====================
800
4
0.07219682910288658
0.07337757653544053
0.21064601535587257
0.001180747432553959
5.824173225748118
3.2898734382014743
13.59114153820295
4.186883950387459
====================
850
4
0.02224384850091843
0.027575833665479
0.2272472722389891
0.005331985164560571
5.801998239219849
3.606225362361806
15.86240190529012
3.687760626096997
====================
900
4
0.022578414312736328
0.023470931270329842
0.2039089397497098
0.0008925169575935143
3.3792230147949507
3.8071804114657386
17.172700558436087
2.5294766755778473
====================
950
4
0.02778894818342037
0.02579265627684646
0.1813374227454616
0.0019962919065739104
3.5273339371570835
5.075942062773778
18.73691843872247
4.370649895558632
====================
1000
4
0.03105954851195373
0.030708949323343428
0.1617535202640144
0.0003505991886103
5.38690489495308
4.344129891750996
20.337174865881362
1.5220736852893975
