====================
0
3
0.0
9.612419991440958e-08
0.0
9.612419991440958e-08
0.0
9.184018986591393e-07
0.0
9.184018986591393e-07
====================
50
3
0.06547489208733093
0.0683481685538585
0.07157897334418517
0.0028732764665275745
0.4387241941590112
0.43032117377311735
0.6062945221652332
0.01774955173223291
====================
100
3
0.07842489442971834
0.0782967064285538
0.05725653918690243
0.000128188001164542
1.2160280177202383
1.173223875544521
1.145421111496448
0.060660512953402045
====================
150
3
0.10785962247462555
0.10780119841961522
0.04693637060705935
5.842405501033099e-05
2.1549243453426414
2.0662378549784832
1.6240672320371115
0.30419337013154757
====================
200
3
0.12087870535013033
0.12116169271155362
0.08616355870054203
0.00028298736142329944
2.6980762971559598
2.3896973785378117
1.7066661961380087
0.7943622959076386
====================
250
3
0.03135052869146637
0.034148241030995674
0.06904621500440977
0.0027977123395293013
3.361118208093874
2.7953934925382615
2.311233814970578
0.567051960158485
====================
300
3
0.02265666589920734
0.02178782580451122
0.05331957180796287
0.0008688400946961217
3.3251005128902307
3.095428729020178
2.922393040800993
0.456181517918518
====================
350
3
0.007341510733548606
0.00543966956194164
0.02988005791036219
0.001901841171606966
3.722898086711448
2.416787325952254
2.989669164129407
1.3941681686586342
====================
400
3
0.05268733868427019
0.0537371893581708
0.020311394903754592
0.0010498506739006117
3.5451084975150806
1.8316308585232428
3.3264429765816153
1.7535608937881393
====================
450
3
0.08429322788929028
0.08971743845513958
0.000985422335150199
0.005424210565849297
2.5166880737209243
2.112775767455498
3.1930603843098204
0.4605901322748031
====================
500
3
0.09264002917900749
0.09332042819496467
0.029455767779686948
0.0006803990159571782
3.8985392593157955
3.2126637030151404
3.5739150947687914
0.8324711140715892
====================
550
3
0.07039953612164429
0.0716569542871881
0.053033211800675994
0.001257418165543811
3.61812902031028
3.447657076924714
3.4527738297820565
0.5914197799188677
====================
600
3
0.17406744286565395
0.17529314229772722
0.10731162217931806
0.0012256994320732633
3.7597047044462624
3.34306310975442
2.6069075855964554
1.0762969534829612
====================
650
3
0.222716785333837
0.22421970265038915
0.18147818631225232
0.0015029173165521659
3.260803989287663
1.6218174783066388
1.3848047026342905
1.91080313377126
====================
700
3
0.15381044910895003
0.15436012237877428
0.1286683525122938
0.0005496732698242468
5.848817110934217
3.342632079851514
0.8336043574550703
2.5534655381198497
====================
750
3
0.10301151102566286
0.10711616177258021
0.131955023842258
0.004104650746917349
6.3399179186250985
4.090440989068559
2.188688060746287
2.44309362931133
====================
800
3
0.14589644629615722
0.1440218604968419
0.16022231511140778
0.0018745857993153312
4.629010786659853
3.7815768836216512
2.6507704492168678
1.912008474616533
====================
850
3
0.21666077228953773
0.21941839236234628
0.2694139417958846
0.002757620072808553
6.949061458517838
4.214538187564339
4.7493206825586185
3.032993482593509
====================
900
3
0.16823721973880224
0.16166227031043956
0.25432101594496004
0.006574949428362675
8.983567278325234
5.8677169601599495
7.363202643063425
3.125071950649226
====================
950
3
0.10823893618745783
0.11936735655085196
0.2476233060205426
0.01112842036339412
9.776003291612616
7.659076042901546
10.001204232164074
2.126687359088833
====================
1000
3
2.8181140284059762
2.8060437321236305
0.26835291214344714
0.012070296282345735
8.362759394384899
12.929350423086902
11.720474202314092
5.311579629010757
