====================
0
2
0.0
2.0638082254528947e-07
0.0
2.0638082254528947e-07
0.0
1.1086700466639572e-05
0.0
1.1086700466639572e-05
====================
50
2
0.04079835378263463
0.042242231245063655
0.013770347560309704
0.0014438774624290218
0.2695449970014879
0.27864086508676195
0.29117538937919374
0.009142306095429736
====================
100
2
0.006346890805106309
0.007013465974055499
0.026863629191444804
0.0006665751689491906
0.08657001279613548
0.03738333315165007
0.24927331622395799
0.050203317315296175
====================
150
2
0.08688251925900059
0.0883201777174143
0.0005814880476027184
0.0014376584584137042
0.257160425264339
0.2799959025231058
0.1104801832484121
0.023187579517988853
====================
200
2
0.08573930796337466
0.0917528942808403
0.04384172268861741
0.006013586317465643
1.1865515035924519
1.2536816709642034
0.1957151127072641
0.36074401855850513
====================
250
2
0.013915647314705293
0.012552449675991229
0.029116810182730157
0.0013631976387140643
1.8510874139707443
2.1520590890175995
0.6324387873773174
0.7277494731021809
====================
300
2
0.045793412924982846
0.0459687003027911
0.02592394407439791
0.0001752873778082531
3.1196656396858575
2.8652328788637313
0.7490129278271703
1.1398987580671556
====================
350
2
0.06993503899626563
0.061436414325672484
0.06125281641471769
0.008498624670593147
2.069657022608666
1.363115707825237
0.8091505317434738
0.7610652858007708
====================
400
2
0.05181991285678562
0.054479109256148586
0.0892428000735627
0.002659196399362969
3.3639372917497035
2.058625855321568
1.4924895866039443
1.436265774194996
====================
450
2
0.047625564311118085
0.04828533418462122
0.11496151895107287
0.0006597698735031354
3.407581690125896
2.8806044234406514
2.739747295904534
0.5463848266034864
====================
500
2
0.026829050772097407
0.025374971666951573
0.05961936686893532
0.0014540791051458335
3.1449892432102824
3.1361841950729006
2.930753001107353
0.14097311258831408
====================
550
2
0.006134533451420454
0.003917581273492621
0.01758700757070497
0.0022169521779278334
3.1476690239303884
2.723850049428522
3.3035821402502084
0.4257414067283501
====================
600
2
0.07339647908415467
0.06449407710500642
0.03899789481880563
0.008902401979148261
3.095861526844183
1.3272041587170433
3.4248777139418176
2.5147337195118085
====================
650
2
0.09908336134748819
0.09632795657846782
0.05133791893058404
0.0027554047690203642
1.7175814891570398
1.7300172028357093
2.867566707170579
0.5987421679395502
====================
700
2
0.0959753984776266
0.09334347263334575
0.08275548190184656
0.002631925844280847
2.9182667238892424
1.8968794479349653
1.9371642038939987
1.055032066592439
====================
750
2
0.05229210082660374
0.048225671087569255
0.06045364757291516
0.004066429739034483
2.6856045934822426
2.2399590366820568
1.5663842335751914
0.7197092935516091
====================
800
2
0.09248357223800899
0.09447146345256792
0.05294607119119743
0.001987891214558924
2.0469335652516465
1.8724362766745295
0.9709609033759398
0.452882627555639
====================
850
2
0.08355708301950737
0.09019031998382054
0.05009553629106267
0.006633236964313172
2.735826972086284
1.9115446137040857
0.5030456548602229
0.8242824305402653
====================
900
2
0.10308565846083084
0.11115028573242824
0.11108894450633278
0.008064627271597402
4.577362749952302
3.291418938185634
0.8553680922537537
1.533781030183752
====================
950
2
0.09098404638387803
0.09653845064332489
0.15119777074241325
0.005554404259446866
5.03133777123959
4.8878989590692274
2.444961553143349
0.2428767407976617
====================
1000
2
0.07715413515369011
0.07466909643113868
0.17362543265894245
0.0024850387225514355
3.1867859372653866
2.2730757488443407
3.305378438644604
3.8088839438209856
