====================
0
0
0.0
1.8692223089260197e-07
0.0
1.8692223089260197e-07
0.0
8.928017835685477e-06
0.0
8.928017835685477e-06
====================
50
0
0.07319089386466393
0.07435559490302901
0.03837605887026707
0.001164701038365079
0.8396275424416018
0.8361679772116236
0.6302557544331231
0.0052965810938550234
====================
100
0
0.027862468486616
0.02828121041494258
0.047432639649221287
0.0004187419283265825
1.3315192891353447
1.2877221578503377
1.0886450148556692
0.1567407132994724
====================
150
0
0.03295442786212033
0.02866756158495365
0.0929391111935789
0.004286866277166679
1.4538887728720047
1.092742696908609
1.763283958322214
0.38596406466335687
====================
200
0
0.02131061052556351
0.018967309869998762
0.06907188006901481
0.002343300655564745
0.6721576049832073
0.7331685576012219
1.6480808651246512
0.18697113343972974
====================
250
0
0.04635005907335654
0.04394919845186651
0.09229172527105733
0.0024008606214900308
1.5284360117934377
0.6741283769386659
2.3786765566005603
1.0465937233013023
====================
300
0
0.03461966619738055
0.03201058380632027
0.0874390545983248
0.00260908239106028
2.408903149814895
1.0613724477685136
3.2947365410664413
1.6825421795823743
====================
350
0
0.012846962750348911
0.01417709196378003
0.13258402157083204
0.0013301292134311193
1.057950265344201
0.45627251074884184
4.649694644827364
0.6509292295374371
====================
400
0
0.08462157293117548
0.0798700387025307
0.04842745323247291
0.004751534228644764
1.1891659973292628
1.0040721596929003
5.339084391484803
0.5034240031941695
====================
450
0
0.027048638663716096
0.02839135391769476
0.054640772494733536
0.0013427152539786658
1.162784368307871
1.146401700858889
5.437008711741662
0.7644426786710695
====================
500
0
0.02529529490716831
0.01288674327130268
0.12061893295705373
0.012408551635865628
2.040098097058073
1.1387036736537286
6.524495802022179
0.9745468425188429
====================
550
0
0.09441587849259636
0.09751626132579716
0.10145862233481817
0.0031003828332007988
1.1990548623715414
1.1664798473314613
7.7134223223327485
0.27757006025797926
====================
600
0
0.011650428074807867
0.0075847182707164396
0.18964940180936354
0.004065709804091428
2.8938399764753995
2.3349860949776295
9.166974573238527
2.0812434027751827
====================
650
0
0.015876860402178616
0.011063710404828342
0.19211547668454187
0.0048131499973502745
1.4278275100402975
1.250733545706053
10.888832214679883
0.688558322490408
====================
700
0
0.013025033167859412
0.01400258404300958
0.21783914101214652
0.0009775508751501683
1.8453214658611403
1.5555085016518109
12.440414942568621
0.36211397573042753
====================
750
0
0.01896251039078578
0.018074466398105837
0.2679339091659936
0.0008880439926799433
1.7838415959932623
1.480150605239998
14.913047988304161
0.44654584045649964
====================
800
0
0.07861938474532652
0.07699274404828693
0.3387735116586461
0.0016266406970395979
2.3120603632564176
1.9327755657663308
17.50219993451664
0.4796069760224837
====================
850
0
0.04947695619606818
0.045055605703338
0.271346464171482
0.0044213504927301805
2.3448566319835757
1.8060015519725874
20.657452429768412
0.8989866233758148
====================
900
0
0.07440558816797616
0.0837518832528712
0.2805839078321557
0.00934629508489504
3.075256721519716
2.9384532355375965
23.277677096773928
0.6597840394117841
====================
950
0
0.04903514238842055
0.05307866091466096
0.30644981758327006
0.004043518526240408
3.401742437013936
4.152097688632209
26.006147919789743
1.1445600255945714
====================
1000
0
0.0677642172012142
0.0562453894211561
0.3453152794234245
0.011518827780058099
1.187725083137374
2.00247827502363
28.689196232315958
2.8413839179483023
