====================
0
3
0.0
2.3562381603694346e-08
0.0
2.3562381603694346e-08
0.0
2.0303013484398108e-07
0.0
2.0303013484398108e-07
====================
50
3
0.0305548358571075
0.03052179053129933
0.021332205954152972
3.304532580816755e-05
0.38900315661113893
0.3756678528869932
0.2146173487487912
0.0136036593006007
====================
100
3
0.0051224129550120345
0.004350476667062342
0.006087216002470086
0.0007719362879496927
0.5654369801369304
0.5355886085878498
0.12520165257953403
0.03083774936481337
====================
150
3
0.06835956921657593
0.06784255230771175
0.028879860883810116
0.0005170169088641874
0.28149199520845397
0.3838817313093256
0.3640330984691393
0.11626358312809977
====================
200
3
0.07470471229050807
0.07541728066294642
0.06218744051972911
0.0007125683724383659
1.0621197400278988
0.428357713962324
0.34198629680942827
0.6544856161763051
====================
250
3
0.12940237560417445
0.13063219307206952
0.048636836102921244
0.001229817467895078
1.607975457732053
1.1028282486697165
0.617983258287388
0.6460962689677271
====================
300
3
0.10461476028627414
0.10349623965016486
0.0293330125220006
0.001118520636109288
1.1774790701794395
0.749784866528376
0.5921864935615178
0.7095982772065238
====================
350
3
0.06851702574682483
0.06784827231336421
0.009383382988753297
0.0006687534334606227
2.6601204871476773
0.7798265027535713
0.7155755547883341
1.957949335192835
====================
400
3
0.023174425087611746
0.021832733147839466
0.027309676045930063
0.0013416919397722768
3.3152820576316855
1.0780463367346342
0.5937730500133914
2.4657552359138464
====================
450
3
0.08264242024653323
0.08180341645381617
0.017394709282020582
0.0008390037927170635
1.460158241167873
1.1992606378184463
0.15883866037003708
2.2022640082957397
====================
500
3
0.12937471967509673
0.13113542824921787
0.1002055367629544
0.0017607085741211392
0.5893235515492014
1.739199404286039
0.39519730271357645
1.3259369794350186
====================
550
3
0.13512912042690206
0.1376744730455295
0.06666940702905477
0.002545352618627428
2.837159801869297
5.440374325564263
1.4062272444033446
3.1985539569449486
====================
600
3
0.19024646314157626
0.18827327302436764
0.08425218371076922
0.0019731901172086188
5.646835585712985
8.684556678496195
1.8639425500634208
3.855490916170999
====================
650
3
0.196870002657888
0.1959068986062289
0.0649373893891032
0.0009631040516591138
7.663043465504302
9.164736926050196
2.984442384552977
1.5473553314777975
====================
700
3
0.11971198750425005
0.11767953813919618
0.04435000199982575
0.0020324493650538678
9.9053702304343
10.443878943742448
3.551811188329539
1.119712703677847
====================
750
3
0.14571103955874576
0.146200520452338
0.08457107589858448
0.0004894808935922423
10.781622950553919
12.474715229659356
4.418511645465508
1.7882940155565048
====================
800
3
0.13705592889267182
0.13453732380397382
0.038732961405637624
0.0025186050886979987
13.981048307792962
14.63572451912641
5.058746783548975
2.2723180792166624
====================
850
3
0.15976273748845582
0.16042653728388556
0.038530591038265394
0.0006637997954297425
14.168384992563109
16.107855704216846
5.522984631033257
1.9961592939238426
====================
900
3
0.21033206489005174
0.2105394416368429
0.11324537857134054
0.0002073767467911658
16.88975835757323
17.681527870132953
6.043251665819638
1.6575739488974963
====================
950
3
0.20638391421642455
0.20561748661724866
0.13113237717275106
0.0007664275991758895
17.926472601564765
19.97839976225759
6.992303057967524
2.102962716336232
====================
1000
3
0.2101226867720512
0.21306344408831948
0.1044179754689632
0.0029407573162682737
21.39671680416061
23.990675684573823
7.887544106524217
3.465926075452173
