====================
0
0
0.0
2.08028002731142e-08
0.0
2.08028002731142e-08
0.0
1.8206194365939118e-07
0.0
1.8206194365939118e-07
====================
50
0
0.03574729272255328
0.03661382873194219
0.01551537506100864
0.0008665360093889074
0.25415629295207104
0.25213755314674596
0.49754499872972235
0.00204365872987966
====================
100
0
0.011696827968978418
0.010415203274427132
0.020089313495571304
0.0012816246945512866
1.1239155804209504
1.098652914936144
1.0594867471140343
0.0252641126206793
====================
150
0
0.05997669526313065
0.06005253404509414
0.051891603199265335
7.58387819634887e-05
1.7830108250034344
1.3597040838998662
1.4772822184982555
0.4355206616757801
====================
200
0
0.012543797393579319
0.012683705530132053
0.03438193148458857
0.00013990813655273256
2.2289799168130315
1.3920320965104243
1.8576045880817118
0.9331921156963173
====================
250
0
0.0064009490900993615
0.007536832111540326
0.038190103665607156
0.0011358830214409643
1.6838409477001786
1.243125260181581
1.886150737411897
0.5386076301830862
====================
300
0
0.03460531985536752
0.03373462562213314
0.03823870503984539
0.0008706942332343814
1.8143847528504111
1.4636868026706575
1.9627323288467482
0.3761869527061643
====================
350
0
0.1258973292011587
0.12593280110747118
0.026951912235251063
3.547190631247865e-05
1.4388656406078562
0.7828656023560318
2.1134095083087745
0.7005940717518349
====================
400
0
0.12175226888976726
0.12201860283038851
0.06037002092643328
0.00026633394062124913
1.1478131491291308
0.7556652320310104
2.6376108461345873
0.8683233816469618
====================
450
0
0.19813017908738306
0.19640066864712913
0.0008203228364391801
0.001729510440253934
1.9844920960384935
1.7989162823974496
2.703163065356918
0.5379529982254703
====================
500
0
0.1447763526777095
0.14718838525625788
0.02049597998867636
0.0024120325785483843
2.9774164053399894
0.9329425389108148
2.3946689935892516
2.253987713727486
====================
550
0
0.09697440445969185
0.09732521961143914
0.030489097091797257
0.0003508151517472857
3.9623796233539887
4.63027386930997
2.7629749507717496
0.8567948396396184
====================
600
0
0.10112639153659957
0.10021204928468115
0.07771532344883833
0.0009143422519184265
7.27209909659591
8.183234678218735
3.1975446501006872
2.3589152604716306
====================
650
0
0.07309775964587995
0.07312605638449798
0.12326591712075885
2.829673861803883e-05
6.939773233525165
8.27886794753811
4.52980335336264
1.4090602984889289
====================
700
0
0.049138526811296934
0.050582943853829665
0.10827175524325527
0.0014444170425327307
8.636294069576023
9.373443242131563
4.939364163679555
1.4010320816568198
====================
750
0
0.03256734695985042
0.033043712598186836
0.12840644165348247
0.0004763656383364179
7.856774869611752
10.31826725933062
5.70541229103549
2.569997591286357
====================
800
0
0.09182974747018273
0.09219823317261362
0.10223169372574518
0.00036848570243088396
10.266549676867605
12.26621073648785
6.934835899489924
3.1615086922575566
====================
850
0
0.12647060861666382
0.12600520449116925
0.117857148688163
0.0004654041254945618
10.842351608836967
13.611313106518006
8.19878782541897
3.0158492317318206
====================
900
0
0.21237075298012975
0.21033096396562856
0.07551873897093708
0.002039789014501192
13.756313111019558
15.380746285376249
8.68838811666439
1.7701488413007533
====================
950
0
0.1439392392085781
0.14491042976481716
0.1065688728147387
0.0009711905562390655
15.275040801418925
17.31422242341327
9.545991858069396
2.1244833491411543
====================
1000
0
0.16818658638384765
0.1972898529894454
0.15273738679804622
0.02910326660559776
17.668945232798322
22.32088703490759
11.365527799681354
5.1117821949989315
