====================
0
1
0.0
2.3307247935976576e-08
0.0
2.3307247935976576e-08
0.0
1.688890224053571e-07
0.0
1.688890224053571e-07
====================
50
1
0.0019555976493710325
0.002169855311150215
0.03337906920209188
0.00021425766177918248
0.14232253599588343
0.14146477597761634
0.30834490929116326
0.0010814593779969572
====================
100
1
0.012578857248416231
0.012327504851867843
0.014261615288687857
0.0002513523965483877
0.8670063373562094
0.8916289351529131
1.0354818071657157
0.03136933835411607
====================
150
1
0.005316645826303201
0.004901656280450251
0.031774094142306586
0.00041498954585295067
0.9634025404538029
0.8709031997115574
1.0243382570385249
0.13887774660100916
====================
200
1
0.008288914854239509
0.009260258088860643
0.03938586279525783
0.0009713432346211342
1.672621899587912
1.3687532570230523
1.054562101258432
0.30769230503668576
====================
250
1
0.011109985450922455
0.013274159453349199
0.0020370180154030137
0.002164174002426744
1.7014216980226151
1.3468537960739573
0.8502230369544379
0.4768794178392849
====================
300
1
0.03823721361889998
0.034383863616016974
0.05078221702669694
0.0038533500028830048
2.634931921662991
1.598546642020648
1.0818066802424176
1.0922721992171798
====================
350
1
0.026088762576831792
0.026383916467417334
0.03282994055684885
0.0002951538905855422
1.6315413035696558
1.3181752493066303
1.4014179312541495
0.3931335467080719
====================
400
1
0.021597003847624044
0.01909237839709531
0.006189439360971875
0.0025046254505287327
2.4059299003318535
1.8156479859277248
1.3106462938083894
0.7840215332392467
====================
450
1
0.11970200085125171
0.12071636233190053
0.052043259544352294
0.0010143614806488177
2.365658892979001
2.7346831744863076
1.6843922893890624
0.6674979101094524
====================
500
1
0.13384947958273097
0.13219911157408726
0.08954817929092718
0.00165036800864371
3.431080389743056
3.1639141716030723
2.1165888253828116
0.382986127527721
====================
550
1
0.13481714671743839
0.13636254507446366
0.037943050789641886
0.0015453983570252738
4.989841049133852
6.39688545239513
2.988736288310777
1.9615647471902853
====================
600
1
0.2029110371819097
0.20576285711240208
0.007750109304006239
0.0028518199304923735
7.3956558232705945
10.044415956257188
2.76878931003498
3.8032828540371173
====================
650
1
0.17124418489474236
0.1729656502545982
0.033987198317491085
0.001721465359855845
8.076618290048906
10.000470099604353
2.5590390054725347
2.1312763627501647
====================
700
1
0.19179913662724424
0.18934340047435594
0.004706664999827748
0.0024557361528882993
10.458838825573022
10.898898615107631
2.630460216884377
0.9607279510486428
====================
750
1
0.1680475920536657
0.16711583783823336
0.035268897842530844
0.0009317542154323455
11.242109563262208
12.542417932757786
2.6629235843357373
1.4540029651439244
====================
800
1
0.20372745204702158
0.2063097320464771
0.04403004743349835
0.002582279999455513
14.464834178224692
14.897892628618344
2.538785252833175
1.970005475757191
====================
850
1
0.3291870531989213
0.3301436851275742
0.09129013580385092
0.0009566319286529179
15.205997096605705
16.749336061376276
2.591959046767711
1.5626658050668332
====================
900
1
0.30696268435162244
0.30439774172659995
0.11259901586305565
0.0025649426250224927
18.614898062397014
18.797736974694516
3.84514078681572
0.40573140978448097
====================
950
1
0.22162944363711268
0.22196704963931158
0.10210120652314636
0.000337606002198898
20.431326879737025
20.759849068864806
5.163961607296196
0.3996139493921504
====================
1000
1
0.2985521147997746
0.3048735176267466
0.13746845267068436
0.006321402826971991
23.35595138088433
24.635588016307555
5.08444435266312
1.8537096854980135
