====================
0
4
0.0
2.440356114984281e-08
0.0
2.440356114984281e-08
0.0
2.0437382545379147e-07
0.0
2.0437382545379147e-07
====================
50
4
0.07454973783908225
0.0747963688284039
0.028500584803785145
0.00024663098932165006
0.5100018499503981
0.4872000036156688
0.21297207726352319
0.024008869632772295
====================
100
4
0.00993352091801869
0.00815367830696001
0.035000372522461465
0.0017798426110586796
0.7131984012458893
0.7360513324202673
0.30900529998183845
0.03032023307635207
====================
150
4
0.036565085766428806
0.03711010744105381
0.052407097246103485
0.0005450216746250014
0.4225306803012832
0.3077585863077375
0.7250908209874413
0.4503604160367877
====================
200
4
0.005116871959831844
0.0016440486446827164
0.023063213896233684
0.0034728233151491276
1.2765308610494326
0.5644028145038865
1.0381707960350888
0.7378436248216641
====================
250
4
0.11066490394429973
0.10997851965560068
0.08553651920976346
0.000686384288699049
1.0641081610880776
0.49668540940092615
0.5770142942213542
0.7137828731207604
====================
300
4
0.12294591061428717
0.1253121448048926
0.159142689019923
0.002366234190605443
3.219284394287657
1.5486892423788923
0.7889354577707591
1.677411908879482
====================
350
4
0.05619729617210045
0.05604273316554176
0.11761050284277474
0.00015456300655869448
3.420262200382169
2.365417217624945
2.6683039957061623
1.2938207370012456
====================
400
4
0.12952232441550673
0.12659734893377328
0.1746036550285895
0.0029249754817334494
2.5567583886206715
2.2031707556006777
3.6045333096199546
1.0447483319056208
====================
450
4
0.18967207108530082
0.18975236555971176
0.2332290466963136
8.029447441093573e-05
4.748691146212553
2.184930030842323
5.470445084589541
2.564491871527581
====================
500
4
0.09534486275674636
0.09720808292779948
0.18112700301451223
0.0018632201710531149
5.996158414622323
3.267577804257003
7.346745066518819
2.776732449403875
====================
550
4
0.06195723852535395
0.062161539241985864
0.15882178593123708
0.00020430071663191107
6.421006400593757
6.847178471104375
9.237301702287972
0.6150282404508282
====================
600
4
0.130538001793422
0.12824341842637885
0.20386470896264094
0.0022945833670431565
9.38651510297929
9.681832096338319
10.94521233519204
2.1063478690304644
====================
650
4
0.16263803091008033
0.16238935433005763
0.19674115081081323
0.00024867658002269977
8.612046414712978
9.20870069641185
12.59981231531039
0.6760242320096059
====================
700
4
0.12021014936690833
0.12229910341101569
0.20524174725157573
0.0020889540441073606
10.074377190668333
10.119923233821853
14.659651669114151
0.059176241338321584
====================
750
4
0.10257148757573531
0.10198354616931815
0.171461536172844
0.0005879414064171584
11.272351666110087
11.635383402427177
16.647111234914075
0.5040263532314472
====================
800
4
0.17524237656648733
0.17281512385438988
0.22131848316196462
0.002427252712097461
13.549363103523756
13.317425511882703
18.66679757917014
0.9274337926387415
====================
850
4
0.2025780052087378
0.20230466279411918
0.2178708581237072
0.00027334241461862696
14.774282297160923
14.74753913734687
21.167995181324024
0.48969142982799724
====================
900
4
0.15540456443329775
0.15779493386953103
0.19711462831943782
0.002390369436233275
16.597213093139214
17.085422478367967
23.067805194942427
0.5852258455754961
====================
950
4
0.18371252844272168
0.18322803006161203
0.2552681895285487
0.0004844983811096437
18.565608912669116
19.171053919102185
25.498209127302093
0.6947896503651643
====================
1000
4
0.22601453839480487
0.22602240109938457
0.2559495458465832
7.86270457969209e-06
21.24536343791072
22.055993471253107
27.321236974843057
1.613902043684378
