====================
0
2
0.0
2.0022625955804296e-08
0.0
2.0022625955804296e-08
0.0
2.6049365034906755e-07
0.0
2.6049365034906755e-07
====================
50
2
0.08171954437012485
0.0814670380321516
0.06471193207806336
0.0002525063379732462
0.6589122848192693
0.6462266804717552
0.43983782038825864
0.013571379777402389
====================
100
2
0.02783422748864428
0.02955103956482752
0.06345176166134303
0.0017168120761832384
1.095297736811056
1.1030020994302296
1.191544274725256
0.05599868220563402
====================
150
2
0.02398770852589105
0.024734325524254253
0.05192574862799204
0.0007466169983632032
1.0626158572579882
1.0701227984845818
1.7901288977640624
0.011453542120974053
====================
200
2
0.004162805525678472
0.006619925992143637
0.04557803221117438
0.002457120466465165
0.681381948310813
0.6892505590317769
1.73533903892504
0.06344406282692286
====================
250
2
0.025729197784357005
0.026720094605120703
0.013904328405156763
0.0009908968207636981
1.4135912850418222
1.007222101074127
2.1878460290589072
0.5055370511986916
====================
300
2
0.028251689292304594
0.031087128827599564
0.11166156155759
0.00283543953529497
2.1792828064184717
1.0401694010509164
2.776031312897254
1.1597674519620464
====================
350
2
0.04101963557074395
0.03979425055334507
0.12073945410022713
0.0012253850173988834
1.9475609915605048
1.4217144681902123
4.291842785089532
0.8118230662482131
====================
400
2
0.10852054592107023
0.1060630113885536
0.16887821592731547
0.002457534532516626
1.458552001070527
1.2343131418832332
5.243673840555829
0.4386338394963628
====================
450
2
0.150025750538751
0.1494716202205113
0.18111670792283974
0.0005541303182396984
2.5770337632880227
1.0130252280078564
6.736708554187798
1.5657387474455915
====================
500
2
0.06844449499263883
0.0722356467241938
0.15071908088230135
0.003791151731554976
4.1085600867798755
2.0231656881855535
8.337261678734606
2.144626821540166
====================
550
2
0.04599181653604023
0.04529063490976282
0.11119529997902244
0.000701181626277414
4.261112021718319
5.342792307517462
9.398314799426087
1.4418373669788727
====================
600
2
0.0469769974723613
0.044763247095188814
0.06751713339368699
0.002213750377172487
6.771107361902388
8.356542763949314
9.90622420471188
3.437070374163643
====================
650
2
0.15564550598924387
0.15619899792943337
0.10528029853903731
0.0005534919401894989
6.969865310601656
9.021255868384236
10.632239758219114
2.76659459016013
====================
700
2
0.118852243209155
0.12070806631891395
0.11890063732783007
0.0018558231097589584
8.701464674276405
9.85034374495476
11.52218651431397
1.3475134702126577
====================
750
2
0.10340288997178959
0.10262935617750935
0.1409454807455346
0.0007735337942802456
9.826343062415006
11.4622571294415
12.868563333076862
1.8622373814798987
====================
800
2
0.14039895710911085
0.13813153031257105
0.10416379730733628
0.0022674267965397876
12.531791571544568
13.430794601971433
13.78213603207915
2.639221712062063
====================
850
2
0.12427773265520514
0.1240443379836702
0.04645781863243825
0.00023339467153493665
12.268078607797579
14.552352117479641
14.167905823124999
2.500304647385782
====================
900
2
0.07145289178631042
0.07314742315862066
0.020215477618998445
0.0016945313723102373
14.047622566631308
15.770848420902398
14.431572991635889
2.226199574260565
====================
950
2
0.100502979441627
0.10166872792949189
0.03724781787768272
0.0011657484878648816
14.929089442631753
17.684484382508867
14.994378021703113
2.7565603210719076
====================
1000
2
0.15803009777301003
0.1596570578663341
0.027800017402158827
0.0016269600933240744
17.666773700033023
21.401076782554355
15.17115094726906
4.332450361954778
