====================
0
1
0.0
0.0
-1.587956028892279e-07
-1.0277075235990873e-07
0.0
0.0
-2.6063506908258205e-10
-5.480962638565776e-11
0.0
0.0
-1.275484140300249e-08
-0.018129110916263593
====================
50
1
0.9076962859124045
0.0909953458083481
0.7198204689629222
0.07216104495499653
0.3878062116922383
0.03461266690945029
0.19984934488308959
0.017837050047047196
-0.028436966457160207
-0.023141175403455713
-0.028034695006626364
-0.022813818608537727
====================
100
1
1.9980496049055105
0.10608033645729885
0.4893589635259481
0.025981018375008033
-0.7111520236851874
-0.03861990991037005
-0.44599092941565743
-0.024220038671365254
-0.1389979381440138
-1.2104451927382045
-0.17417299709116965
-1.5167625494946326
====================
150
1
4.216136200407199
0.16163976835491897
1.116669395495503
0.04281127881957129
-2.940774808334581
-0.10701266951807871
-2.5860936911696157
-0.09410608004787979
-0.32627709331724364
-0.2137157408459641
-0.4270623066454313
-0.2797313667477467
====================
200
1
6.9461066151880075
0.2085669214669679
0.6044723935438583
0.01815015996983796
-5.5129114134797845
-0.15244297981191907
-2.734845877017726
-0.07562393507712258
-0.28349445533882806
-1.0931862485142405
-0.3197821426262043
-1.2331156192158041
====================
250
1
9.618319468297145
0.23986954106290434
0.20910823716184268
0.005214912755373929
-6.973875466191721
-0.1568516706500849
-1.7466759204950648
-0.039285048541816615
-0.19707462513402163
-0.14102094699927686
-0.1274653596331181
-0.09121055393530002
====================
300
1
10.656943760416738
0.21744466441465551
-0.5853728436006023
-0.011943968589471854
-8.058750757092632
-0.1560035853909457
-1.0278557082049886
-0.019897522653049185
-0.08185852161273538
-1.418872313018813
0.018865648220234683
0.327002557577086
====================
350
1
11.358926772016375
0.1966086493294111
-0.8633163884437707
-0.014942914280777994
-8.708481923798807
-0.14724183617210942
-1.6116940928503354
-0.027250306041343538
-0.21365706716989852
-0.15109399746983018
-0.1593351407931871
-0.11267861942856737
====================
400
1
13.656051834867341
0.2087201073292377
-0.15448940378570342
-0.002361227485754868
-11.693360647130696
-0.17135651692360535
-3.766480784511586
-0.05519465684588837
-0.28985307271813227
-1.0909560482307035
-0.27210192748085427
-1.0241438558394835
====================
450
1
16.376223435598078
0.22689990022057827
1.1104045116820487
0.01538515115502485
-13.62572569290382
-0.17693636258024814
-4.885817339653286
-0.063444602349508
-0.38791154046555376
-0.2442273155355237
-0.34591342674912906
-0.21778549697501384
====================
500
1
19.316340496301265
0.24394225089232174
1.9395836064457797
0.024494618472936408
-17.403445795536086
-0.2002746195492616
-7.114083205565834
-0.08186713850667071
-0.3764664804676903
-1.0685944263283873
-0.30062298324715014
-0.8533138034627418
