====================
0
4
0.0
-0.0
1.552683128736021e-07
-3.8384900044198964e-08
0.0
-0.0
-2.0054935490065873e-10
6.82388798990526e-11
0.0
0.0
-9.756127231069406e-09
-0.01398997083367631
====================
50
4
0.9134898953354558
0.20832649640960837
0.535722281482661
0.12217447233924865
0.6209955150466988
0.1899641825261428
0.44917400390147977
0.13740352449521717
0.01601086720531164
0.013527618634617697
0.03138348032426963
0.026515974919391273
====================
100
4
1.7398411112350072
0.12874337856261467
-0.010417949860732634
-0.000770899166656991
-0.14992901239495104
-0.014782001195353932
0.47823246232762706
0.04715053288793689
-0.07381302910284201
-1.5120450856083143
-0.002413472519281236
-0.04943950013141247
====================
150
4
2.097892755343029
0.09271217897628718
-0.01679721945722079
-0.0007423195550180497
-1.731022559418527
-0.09330262960072512
-2.2375882592229352
-0.12060667113393275
-0.23914231100213335
-0.16621857207598026
-0.23691946029295186
-0.1646735545118783
====================
200
4
3.2753323733316186
0.1042898303690597
-0.5281843290217303
-0.016817912748574276
-3.4036031707536907
-0.12927649660560125
-2.196413576006325
-0.0834247231413296
-0.029950577057157757
-6.045451540641203
0.07854458376032762
15.854034264405444
====================
250
4
3.711866992962264
0.09178346094971694
-0.7140433065027167
-0.017656173042584326
-3.2858888377807887
-0.09945370271634985
-1.2097860930257873
-0.036616487162548304
-0.10008302829033289
-0.07700692609316227
-0.052950139526681594
-0.04074144788390313
====================
300
4
5.30241533796238
0.1086415844619936
-1.1843435296902385
-0.024266103164657556
-4.304457511409588
-0.10718087717154261
-0.6875750666193454
-0.017120600811183356
-0.07544045525084203
-1.495525505079264
0.058912696270789065
1.1678805430454993
====================
350
4
6.10702627803677
0.10625732476713526
-0.5870694240450121
-0.010214533819176454
-5.495037282021876
-0.11405160392137992
-1.6410530139334938
-0.03406068398689064
-0.14370685142656892
-0.10698153417831655
0.0029800852674013445
0.002218503089615749
====================
400
4
7.604141597868249
0.11533257564238258
-1.4702259088863485
-0.022299024638831218
-8.291965072193506
-0.14526935040697014
-3.168870883992689
-0.05551637167224629
-0.04545145618792116
-2.2220096049005202
0.1973810258992846
9.64947159360503
====================
450
4
7.453674629510246
0.0986525517634724
0.1803655774793782
0.0023872150788801063
-9.604089911348872
-0.14725441427487795
-4.104471402169189
-0.0629316820035397
-0.07995567093602318
-0.062488052686434606
-0.04759601688707904
-0.03719789198297178
====================
500
4
7.794437274421298
0.09151673953074894
0.7446545027128053
0.008743203616354318
-10.469306346287773
-0.1450263022587602
-6.747480979870616
-0.09346963243834505
0.03267992759895409
-0.5666095745168109
-0.07722921407672181
1.339011905573485
