====================
0
0
0.0
0.0
-4.3128808080439285e-08
-8.62566904138515e-09
0.0
-0.0
-2.77126052022279e-10
0.0002973159217894077
0.0
0.0
-1.1590607633094598e-08
-0.016725473447153038
====================
50
0
-0.5745904345596742
-0.038584885514064464
-0.6167992631137782
-0.041419291935554825
-0.11644307375063256
-0.016678911982774998
-0.3359464808030257
-0.04811983747729124
-0.15444554338536087
-0.11373924270744905
-0.1743237594020821
-0.12837827460541484
====================
100
0
0.17966076389825858
0.007464357454904079
-0.5964042445160835
-0.024778779584901975
-1.4664898889929585
-0.10132813832285993
-1.067970936804814
-0.0737921942875885
-0.10281210562303837
-1.2586874748714763
-0.08762206182680296
-1.0727218460847983
====================
150
0
-0.6840613318894455
-0.01989797090883091
-1.6222188561491748
-0.047187089962029874
-2.9490081584340935
-0.12922470756187251
-2.260688185214427
-0.09906272004959035
0.08505520824199087
0.0760514278063922
0.1835305661663842
0.16410237411162146
====================
200
0
-1.5579262272534393
-0.03447950612357348
-1.7103114922317957
-0.03785204622531276
-2.5865275512646804
-0.09043968443709743
-2.3176736423235305
-0.08103902575382577
0.0968873561383832
-0.820957777156167
0.1941656320195846
-1.6452279432132355
====================
250
0
-2.2653472415142275
-0.040937212780343665
-1.5835879696232098
-0.028617104027515418
-1.6609634383522334
-0.048088826275661974
-1.9701003832498785
-0.05703907315967506
-0.06496846167637504
-0.05122021960533381
-0.062338909860884195
-0.04914711801145657
====================
300
0
-0.9913331466262463
-0.015490812043035061
-1.7907878058123998
-0.027983284331011996
-1.4258655451856583
-0.035253936274586214
0.01639430218167348
0.0004053423454479864
0.10472319612386886
-0.83210524923482
0.2702073972136565
-2.147002783773089
====================
350
0
-1.0901038620877586
-0.014823428434049409
-1.2712231950438024
-0.017286321708232254
-0.5921088740719398
-0.012739718758267318
-2.056520572847674
-0.04424776399396944
-0.126516822856231
-0.09512809763163944
-0.13140229657169233
-0.09880148912289853
====================
400
0
-1.4750806209577831
-0.017590630321058214
-1.936514537867268
-0.0230933217228897
-1.8332719803746045
-0.03403789601219337
-2.847120362359526
-0.05286176184746444
-0.01601631788791945
3.1319849442328747
0.04995790507431352
-9.769249563670497
====================
450
0
-0.2828203755727259
-0.003070484904228843
-0.40203941422230116
-0.004364805575888036
-0.5359226834932684
-0.00901802257099608
-3.593433819425904
-0.06046705670253739
0.044397224320644524
0.03830488366075409
0.05240451706459681
0.045213388002816525
====================
500
0
-1.2541339713133226
-0.012174583227368512
-0.4530327220408168
-0.004397843217205449
-1.179372925070453
-0.01781191350641064
-5.801465629333812
-0.08761876909624243
0.06482347264539076
-0.7541683678043067
0.04287016267571611
-0.4987594661815581
