====================
0
2
0.0
0.0
-1.607537178927032e-07
-1.0403803064361425e-07
0.0
-0.0
-2.98046032298771e-10
6.26768505480802e-11
0.0
0.0
-1.2680264254048775e-08
-0.01836471283451149
====================
50
2
-0.6976167654754057
-0.06023560041766469
-0.6241079379796926
-0.053888493267529945
-0.3332241070184421
-0.1380766728066748
-0.5476642428096967
-0.22693333066135177
0.02172196350632105
0.0184311315554025
-0.016587008057987296
-0.014074111096739575
====================
100
2
0.39730442757203477
0.019439671245949364
0.046703890250221036
0.0022851702859681446
0.13153345722090037
0.01632299362259354
-0.2135679430525128
-0.026503280960539208
0.048866095611411794
-0.6678190425796875
0.030058924705650525
-0.41079447962309773
====================
150
2
0.8151367965959757
0.02764364202411023
0.5568703438629825
0.01888508101201753
0.7910876257502171
0.055576721316360274
-1.0816726775374796
-0.07599135544309864
-0.06625880921679261
-0.052315303252772824
-0.09366795751721901
-0.07395646949446281
====================
200
2
2.4205452051010568
0.06397943596469123
0.11861484909796616
0.0031352073600327598
-0.32711412469151924
-0.015241579552834285
-1.1409663571197548
-0.0531622702490998
-0.13749076708355565
-1.2147522672624078
-0.005669167662493216
-0.05008797621529907
====================
250
2
2.4865092547338534
0.052641755469507466
-0.48651753801934206
-0.01030003697725321
-1.0873602290069897
-0.037420672454358386
-2.0321420159537595
-0.0699346166349959
-0.10597218644920581
-0.08112755300654145
-0.013997088986008155
-0.010715543546833786
====================
300
2
3.2900967218922474
0.058353440640483825
-1.0871896099940344
-0.01928248915893585
-2.0366290836856535
-0.05639037016754038
-0.7801449808433105
-0.021600724749786148
-0.0628810315825904
-1.630120539116991
0.11952475987279093
3.098545954128515
====================
350
2
4.481189862777384
0.06930554372237768
-0.5931301867553742
-0.009173280166656207
-1.8752874188701227
-0.04382453847857369
-0.24311548896660184
-0.005681488604756643
-0.04379490224430449
-0.0352030846835379
0.1384641154265831
0.11129980274421279
====================
400
2
4.805761132777079
0.0646934222310076
-1.188394649015578
-0.015997739937899887
-2.475227562565216
-0.05000424441089601
-2.1514591472830062
-0.0434635144937155
0.014914782709492022
-0.38027206836656424
0.05765725755108976
-1.4700478721250752
====================
450
2
4.5077310989966435
0.05363120983687278
0.03997673670181712
0.00047562747368089264
-2.0118880970266915
-0.036008525827404936
-4.430841718559719
-0.0793026603694769
0.022532191253987532
0.01913176420134081
-0.15451127865519432
-0.1311933365182893
====================
500
2
4.629292963965611
0.04931062840083326
1.0241978485143335
0.010909622681075662
-3.471168322259942
-0.05471453517548358
-7.622259996565397
-0.12014641007879297
-0.06399458407694766
-1.612440838792472
-0.23074496178314322
-5.813970120930499
