====================
0
3
0.0
-0.0
4.045036265259403
-1.0
0.0
0.0
-2.938929068098146
-1.0
0.0
0.0
-7.064436738613089e-07
-1.0
====================
50
3
-1.2548149671961104
-0.1936652155996122
-1.1377735320755527
-0.17560131346321992
0.40733234015229414
0.043056035510169045
-0.08258420147340217
-0.008729354290622564
0.09041666032584161
0.08073594217520173
0.031184841790782514
0.027845947577471487
====================
100
3
-2.012326960810512
-0.11750020505776995
-1.4745528038966693
-0.08609945610259262
0.5481140432021796
0.03529600588373993
-0.12437704550501749
-0.008009305699047686
0.042877338134524254
-0.7505124478960816
0.02764933754525687
-0.4839659574643046
====================
150
3
-3.517373236557404
-0.12548898222903454
-1.2766522019950237
-0.04554699621403023
1.2522817781012634
0.05756223348402502
-2.3141842914921895
-0.10637351660096157
0.11332481800462246
0.10330451069885198
0.015968636466960007
0.014556671749341438
====================
200
3
-4.238886610499328
-0.10970147278892917
-1.277210710706619
-0.03305393819199289
1.3414345227031284
0.04812244032538402
-2.4212933273292663
-0.08686114877963354
0.026830640805828983
-0.6530670623464049
-0.02726067044232197
0.6635341321960879
====================
250
3
-5.123775618099067
-0.10473095067384613
-1.2766414027685329
-0.02609479371213086
3.843250390725707
0.11897135107646377
-1.3277893460976529
-0.04110294058159022
0.23870280421208434
0.2456751168182751
0.12772573629260375
0.1314565000103885
====================
300
3
-6.161847071051895
-0.10295373829558875
-1.2845331681117997
-0.0214623131825324
6.0506810055326525
0.16665833755379306
-0.847231957729754
-0.02333593019836555
0.2994491697641333
-0.9545639355304765
0.2091444925173765
-0.6666967553430277
====================
350
3
-8.1211859439006
-0.11404860305527859
-1.5149231956247604
-0.021274586666348242
8.580435623375116
0.21078777882275898
-2.5984342218834726
-0.06383337654276534
0.10207418661547552
0.09210406833463229
-0.2839729207251802
-0.2562358042017622
====================
400
3
-8.114731647809094
-0.10006944208332265
-1.028846618331329
-0.012687555368947601
9.462247079508543
0.205548941925581
-3.0526466578040967
-0.06631282033874802
0.08431297642059696
-0.8553927856168806
-0.14325490723683748
1.4533849871853288
====================
450
3
-8.989683645133411
-0.09839405557807751
-0.12009400844803508
-0.0013144552142529495
10.128713232635604
0.19367328706419273
-4.9977646190083505
-0.09556332374162824
-0.011598878743561247
-0.009492327491255483
-0.319895859824908
-0.2617973971182717
====================
500
3
-8.292631859339252
-0.08246748060559675
0.8894304069517176
0.008845091170026107
10.17125990585862
0.17397260422411998
-7.032939701719961
-0.12029373416705949
0.15304667293432142
-0.9148033260842886
-0.006529073352898845
0.03902612128029299
