====================
0
1
0.0
0.0
1.1294885921568223e-08
0.0
0.0
8.981293923800553e-08
====================
50
1
0.0052587535378441075
0.020319683460166438
0.005725941945045054
0.26890352426755526
0.11372684992492565
0.06642246735933538
====================
100
1
0.029152458805899784
0.05899901322121526
0.0011336234139682766
0.7746436592167325
0.979973385646767
0.14505350015717616
====================
150
1
0.03757568011311907
0.019588468884090826
0.0008094226481079048
0.5578721420694309
1.3930152300243286
0.8502620875479985
====================
200
1
0.010911628062791945
0.023028580396602695
0.009315437158452237
2.185933044273956
1.338697801214557
1.469423750173508
====================
250
1
0.030926140582821615
0.04975540470281481
0.0030058122052523117
0.6873500272099708
0.8414455144457899
1.4061358091350336
====================
300
1
0.08947151307855661
0.07351590316301149
0.0002725307212569916
0.6236838275346382
0.9513716903495055
1.6602424545643295
====================
350
1
4.511803940080299
0.12750371705073604
0.0074766161232233674
11.82155853345873
1.6883633585755433
3.4587750939582715
====================
400
1
4.817474364527071
0.15686869253564173
0.08555991347506078
27.886296792270432
3.128924419505132
5.177027899059774
====================
450
1
5.084449884338075
0.0980564612799999
0.06703162246785777
43.4945393678081
4.623650950718148
8.727473630438785
====================
500
1
5.146236278720856
0.025219486417460857
0.004729271896544596
48.196506534226195
4.707078719014272
6.932758622497698
====================
550
1
5.1952745308250075
0.017747393469811357
0.49997178490294747
56.143076844736
4.893228183999882
22.458636426194335
====================
600
1
5.343629285229315
0.012668315605626486
0.24677196257015688
64.53419164577895
4.943127583228498
24.560671205095268
====================
650
1
5.561475429499282
0.06168749269741869
0.03386476048273179
72.07659732454388
5.120100251960963
25.213246755549292
====================
700
1
5.47995936719707
0.07808778191152621
1.365505137201617
76.17228275155747
4.794203922186338
50.41914144869174
====================
750
1
5.209519154854226
0.05722969035535752
1.1365956267120247
84.61311653436093
3.501235508586469
59.91703113350281
====================
800
1
4.887264086137352
0.04225308878798564
0.9566102342123844
96.88292260221137
2.8398730784956103
68.23136960323876
====================
850
1
4.625182401401673
0.07506756465249764
0.8525157589727139
111.90272463862041
2.428745610246998
78.85182431772286
====================
900
1
4.35338200880242
0.1510097626333331
0.4571730792729616
127.15934231920703
1.846954261063411
81.18473706324245
====================
950
1
4.113917288437131
0.12134220154566822
0.14233276130606476
145.37646337403336
1.4885581175166938
82.21216866911007
====================
1000
1
3.833992673533904
0.13334967669751485
0.0209415712796703
158.31782697429645
1.1297896256571631
81.58891371459833
