====================
0
3
0.0
0.0
1.1590556438940591e-08
0.0
0.0
4.3131236729039246e-08
====================
50
3
0.0016296855203505878
0.024015178293762318
0.012143248639735038
0.16038669449003284
0.35385368653876587
0.04498223717480231
====================
100
3
0.0864692600062571
0.11877736038593767
0.00671244634075574
0.984826210000689
0.5024696244870318
0.07068937068225037
====================
150
3
0.09951715055693411
0.11362792204864625
0.004485510576818896
1.7526718891424389
1.7166691633042805
0.0655892724333208
====================
200
3
0.22178943512258603
0.15812240653352905
0.01420072307062479
2.4791025022369553
2.7823474468396014
0.2954315683057826
====================
250
3
0.1206908837242493
0.16235109592264685
0.002755844821968445
4.051437233516232
4.132615391567177
1.8120557759154228
====================
300
3
0.09081977210030523
0.21186672090356184
0.005387001024971916
5.0701650899457675
6.11383393790617
1.9383465836359237
====================
350
3
7.122563425332329
0.1513880522390485
0.0031848684174820008
7.459148112428239
7.722504511353437
1.0450090610386904
====================
400
3
6.927104458881815
0.12602926195132474
0.0038622308895776454
2.546707419033066
9.076630183159162
2.269303056624812
====================
450
3
6.731264293230252
0.16039881513268628
0.017287266959479464
8.093595867776097
10.792966869788364
7.938944782798532
====================
500
3
6.789690313095683
0.16676207256368603
0.0024164402579534006
8.067805082878303
12.362386651817916
6.897969395101679
====================
550
3
6.654954330944882
0.15856204815770836
0.0027308716011413825
11.58800414465989
13.999467857597097
8.750252709884213
====================
600
3
6.45872513559992
0.1626140874129947
0.00794027858343345
13.175337639895266
15.001412140841623
12.959690888576866
====================
650
3
6.398400000498258
0.1980052508246395
0.007567243766331888
13.636855127221674
16.460249324712493
12.704629563491055
====================
700
3
6.480268604921477
0.2142428152448841
0.022151048193669975
12.592665115368042
18.75580597268035
10.399427764375405
====================
750
3
6.482325365382438
0.18600603814740357
0.0010675698603419548
13.420161436736727
20.734570977828955
9.318042327903681
====================
800
3
6.492866253093742
0.11621297448150324
0.005573248748096688
15.073690009947475
21.267041708354693
10.440798670721646
====================
850
3
6.4912606307075045
0.14323537413205956
0.0034615035054836873
16.49020078161082
22.574116130161556
9.418494699586303
====================
900
3
6.478041650768423
0.1968467607498523
0.011091666273967515
15.985759787726987
23.72206603024006
7.649253817742539
====================
950
3
6.494008272788928
0.12577638311100858
0.0021082307475706052
16.968812753362535
25.231598037372468
7.30277515447169
====================
1000
3
6.343623012068337
0.1414293845530779
0.013418733412357255
17.92278555725268
26.319066720454096
7.593824142558396
