====================
0
0
0.0
0.0
1.275480175676089e-08
0.0
0.0
1.587878431820577e-07
====================
50
0
0.071089590474547
0.11717628737070362
0.008088996993885766
1.1036501636270863
1.0290334089547724
0.06656586219481918
====================
100
0
0.0005434633947580814
0.13571814521729264
0.022574508429594964
1.8652406494607927
2.429473398244921
0.4441761525539496
====================
150
0
0.008439480626466045
0.09898096413196678
0.008738802606986784
1.805292885038384
3.6902109237064455
0.41800732095041676
====================
200
0
0.09375038578075905
0.0649420833856911
0.004176729091839908
2.682007408444914
4.000870790157991
0.8535211885348748
====================
250
0
0.11399758927183767
0.14015962599847498
0.0060795221725225
2.5584262083665656
4.9864626390173585
0.21305618626333908
====================
300
0
0.0240567896863233
0.17261607561685155
0.008487167561879172
4.151862796768331
6.81449455822983
1.5019510648579093
====================
350
0
0.019981731186508922
0.11982586891319502
0.005345989544212948
3.3583144367510194
8.278489530560599
0.44774965749726525
====================
400
0
0.061431816180762946
0.13789049312040624
0.00855942377547373
3.438238175241181
9.335682727594673
0.7485816233165271
====================
450
0
0.10904321150443375
0.21095466195072077
0.0053949356262954495
4.541895142487342
11.006921905115044
0.8259991204747146
====================
500
0
0.018703041917025764
0.23179182836716317
0.0062583395688955434
5.986427472855278
13.214284005071883
2.4505649824498277
====================
550
0
0.0030621322252057936
0.20750088390073118
0.0018216667480333015
4.995283547888844
15.38364903811035
1.3168203989288356
====================
600
0
0.08857824501046002
0.21003862619360386
0.009145844956179185
4.2200528293429596
16.6705125863288
0.4205532086670789
====================
650
0
0.09717040337480976
0.21720951828577495
0.01005287891242057
5.551294623611765
18.447434074898084
1.4534255521121333
====================
700
0
0.1190857772731837
0.15912740906787937
0.0027525630045230898
6.486903734633157
20.317036100601445
5.013451957514491
====================
750
0
0.08937846422772222
0.18724897234201698
0.004205128283926829
4.875159827332156
22.19308136218136
4.779512249339228
====================
800
0
0.009766848985622856
0.17757344975795253
0.004454518515542575
3.443960938714229
23.70594942645771
3.2464005810733756
====================
850
0
0.030301749777233766
0.20310689670479798
0.0011878114480892155
4.316785592993887
25.5754506580768
3.1654764717704564
====================
900
0
0.11185844212953189
0.21003926577070464
0.002578141410376933
6.535665672451382
27.25739416774384
3.7816057717232163
====================
950
0
0.15718239140960732
0.16132966632391432
0.003841596561015681
6.940096268835454
29.519435404322554
3.9097039560973297
====================
1000
0
0.14910136257799012
0.09358451021742945
0.00045650674199210206
9.075951761286571
30.75792741143028
0.9730685081017083
