====================
0
4
0.0
0.0
8.780473550575782e-09
0.0
0.0
1.797817171449004e-07
====================
50
4
0.017030767350894482
0.05134161625722844
0.0033500242415127612
0.6476933085288251
0.48521611129219333
0.012039850961174693
====================
100
4
0.00462844683125363
0.0995618694682796
0.014129005576651199
1.1717526661327453
1.5044511994410281
0.23079947743946
====================
150
4
0.052359246868038944
0.05738562037066797
0.001128686054392869
1.2892299535480936
2.2548601504838732
1.216662410025874
====================
200
4
0.00751669848116533
0.009843314666196265
0.009309794989482824
3.175955532421743
2.2166760901838183
1.7850081971742557
====================
250
4
0.001036838933288875
0.039746691166716364
0.0012342141936665385
2.023872646056848
2.691070396136219
1.2807389173523696
====================
300
4
0.05136261402740461
0.07032640861395878
0.007944474909351573
1.4804452094805736
2.9882076297821536
1.418786203896188
====================
350
4
0.06867285146018665
0.03356861159166713
0.009326567629756255
2.6208884859232002
3.7176213095062773
2.3828220117155032
====================
400
4
0.1436838578646895
0.08294934270938105
0.017667328297465333
5.004434375436177
4.373298282849407
1.2487120695553542
====================
450
4
0.04835414261248272
0.11145648400775765
0.006409674139210342
4.769079187802256
5.1429676826871695
0.7337708527770674
====================
500
4
0.017388447727371137
0.22343014425022067
0.01110877052383863
5.562431620545479
6.87306976170117
1.0074081970408733
====================
550
4
0.014921121251467717
0.22990569475944633
0.0013584896480565156
5.530287110881677
9.641188691786459
1.5556709966129558
====================
600
4
0.07753894889139656
0.18143512890684413
0.00031763017600782047
4.728292490556215
11.722046887716521
1.3902236385150277
====================
650
4
0.002049052894138814
0.19511847345921352
0.008569126286202211
6.61878486014954
13.523375315282347
2.2160486617891433
====================
700
4
0.061554546776721786
0.2693475087198811
0.014577064600098666
7.349581948705989
15.742979731535556
2.549557452630205
====================
750
4
0.1183057979994222
0.26675457440667194
0.0073541208019454185
5.528787803446711
18.683199501638853
3.9352141713074595
====================
800
4
0.059508099526698124
0.2613721887564851
0.013075197901451627
3.7477954312437722
20.05069987899371
2.622810384745037
====================
850
4
0.038333199664827955
0.35801361588444336
0.006529635626255859
5.0860974382174975
22.448845591143378
2.432338543494199
====================
900
4
0.1244601306081301
0.3773384850520469
0.00832699624428157
6.943051008541471
26.032557997850116
2.365864753593077
====================
950
4
0.19354565706027094
0.3906061027400378
0.004619150655641224
6.693049983399372
30.13128949905018
2.9678601677547496
====================
1000
4
0.14991349483774224
0.34777033624916476
0.024170325834202415
8.950803811762476
32.567230640141375
1.5569050821600348
