====================
0
2
0.0
0.0
9.373000923727718e-09
0.0
0.0
1.2969024712488568e-07
====================
50
2
0.038069670565394675
0.06358486805879182
0.0061600411015096945
0.822105010386764
0.7114645422886653
0.028845962987354815
====================
100
2
0.017427002241909406
0.11447246111222853
0.002562521025705866
1.6518604745380547
1.7723777687176532
0.14352105088592068
====================
150
2
0.0032482559359661156
0.08227513942956532
0.006289960383520032
2.0687416339669134
2.8753967703739187
0.4703288580968171
====================
200
2
0.10569522157883061
0.11159875942904142
0.00700286057653772
3.0389821727105506
3.325820882912282
0.6939434994931482
====================
250
2
0.0930573427488266
0.13773163698684465
0.007879827112176496
2.8828516537521875
4.0648576257789815
1.1549881258180241
====================
300
2
0.0327993276634051
0.11475972981880345
0.01903696384737419
4.5034649738743076
5.544040498808305
1.4886817661278957
====================
350
2
0.0093553811403837
0.08334539064965418
0.010820640556126637
3.695916647060625
6.4609603355650105
0.4334126113988186
====================
400
2
0.059317847163353865
0.04318400623456754
0.0004145056777805356
4.353086351961368
7.226626379290042
0.45158375306112913
====================
450
2
0.04989562454812235
0.07301755500213325
0.007993706028330605
4.978401113765968
7.952908906203401
0.57976012967708
====================
500
2
0.1264987651220637
0.10799532243326704
0.008915779103398691
4.719852099126063
9.249214103452953
0.47160521078317547
====================
550
2
0.05156286377407948
0.14168675743868264
0.0023889869339679404
4.201172439984335
10.422905556921693
1.6902653787270239
====================
600
2
0.01136648495575804
0.11905763655278769
0.0028776911408231187
6.33851448219505
11.507624992044022
2.4398227431804567
====================
650
2
0.021879154629470543
0.1555948037393453
0.006330090667244992
5.571942275352561
12.897384416121188
1.7493870142956434
====================
700
2
0.1728071626280201
0.16344019252911535
0.01564342770693461
5.864719359843296
14.4581530073094
0.42658104203878794
====================
750
2
0.27383010351548687
0.026636358947359495
0.0012579156370560174
5.346462338878447
15.225550469585215
0.3010323324537407
====================
800
2
0.19948737828146323
0.02030596429460342
0.0034589955832797815
8.44115464914836
15.21794983845094
1.5808810691636206
====================
850
2
0.12828380035603426
0.06997513093509689
0.004808035541783218
9.248351806842152
15.639485935234857
1.028812147781265
====================
900
2
0.25765500199539604
0.05963328617856423
0.004758232140553709
10.410157348621286
16.300308062770355
0.48840684312647015
====================
950
2
0.17944419294204428
0.1249828304385967
0.006707473847873402
12.060987289700208
17.397298662814528
1.0537069343143473
====================
1000
2
0.07413515231153159
0.061064441602335345
0.0011644937105867934
13.040330422262652
18.647016400170273
2.525570823365376
