====================
0
3
-0.0
-1.2736286603143299e-07
3.1486212353832075e-08
0.0
-2.7453461726167916e-10
-9.341314843768652e-11
0.0
-1.2409266733329072e-08
-0.01799079817598475
0.0
1.273631619150405e-07
====================
50
3
-0.02405311645190849
-0.09117852463057918
-0.016794812125417797
0.03523141210350767
0.22112807019578717
0.02343589334437228
-0.03184941584669211
-0.055601949627199554
-0.04487493862052661
0.35715238190527104
0.23918851724596252
====================
100
3
0.020961518804618887
0.432337687442482
0.028936935319024356
0.025198143890641858
-0.22300203619343506
-0.01440532995732314
-0.7434673209982694
0.02237299270462502
-0.22960902793201118
0.5002440784925717
0.4864625207860636
