====================
0
4
-0.0
-1.600203614060547e-07
3.9559685089507587e-08
-0.0
-3.614624155545698e-10
1.229911229313452e-10
0.0
-1.2739934645474806e-08
-0.01842946948924036
0.0
1.6002076965069945e-07
====================
50
4
-0.16804357344625398
-0.9537995395113299
-0.1497663145329182
-0.03922628605457931
-0.2868299600139128
-0.0708426853477092
-0.032318890045002484
-0.06490026085828249
-0.05235397011985456
1.081920340243354
0.9959944716380749
====================
100
4
-0.06584003265302191
-0.9074031917224676
-0.05557015975524482
-0.09422909811960337
-1.3320092750347268
-0.12073712923516577
29.100069990378074
-0.045439155594017906
54.71683041018766
1.4955044159817072
1.611716247087762
