====================
0
2
0.0
8.537669149433214e-08
5.525485582390799e-08
-0.0
-1.8075940744211039e-10
3.801235090522927e-11
0.0
-1.0378854629792385e-08
-0.01492476892889977
0.0
8.537688284589536e-08
====================
50
2
-0.006909857541980747
-0.08787338297627123
-0.008014480174012463
0.040257658755491664
0.02073149555779663
0.010400019977828813
-0.0352915269731272
-0.043002063644789645
-0.034582493143502015
0.11036272877305722
0.09028580366678571
====================
100
2
0.034343618018952055
0.5354373418231475
0.026569996089059078
-0.10172673790356612
-1.0771775771750267
-0.11834064734647513
-1.353583272204448
-0.09793799036487119
-1.3853718841669591
1.156017780652563
1.202915075883289
