====================
0
0
0.0
-1.2530056814341606e-07
-2.5059844046747782e-08
-0.0
-2.352395442181874e-10
0.0002524415055731989
0.0
-1.2373425633160232e-08
-0.01754188313567777
0.0
1.2530078896282343e-07
====================
50
0
-0.02911548140716573
-0.3965103028292667
-0.026839082436560267
-0.0724641657251949
-0.5967761437660455
-0.08105669550604826
-0.0557938079033217
-0.07962655454493706
-0.06267519167049312
0.6853163280427076
0.71649297694955
====================
100
0
-0.003624484874282974
-0.3697476369996586
-0.015161454160768124
-0.13463615322722236
-1.8334862544651056
-0.12269352106716211
-1.7423560187912925
-0.045902765199241635
-1.363247986179428
2.013893226266709
1.870397059551611
