====================
0
1
0.0
-5.4290899109687984e-08
-3.513646806231882e-08
0.0
-1.645572567099407e-10
-3.460517339862902e-11
0.0
-1.1775624214492802e-08
-0.016776949120662552
0.0
5.429114849797392e-08
====================
50
1
-0.0014537974487064875
-0.014048941039574103
-0.0012937949732737927
-0.01549096668539112
-0.2815114777079497
-0.02379743873983555
-0.04665515703168284
-0.06976036658413487
-0.05513500653368819
0.1839288925499446
0.2818618186729925
====================
100
1
0.018502351254417394
0.15562514775017888
0.007635987351151686
-0.044541811446684565
-0.84204416042909
-0.0451605113172467
-4.067819166311877
-0.025382275192836215
-4.245209470146066
0.9121065365701359
0.8563045922596679
