====================
0
0
0.0
0.0
-3.1066615246544416e-05
-6.213256362226606e-06
0.0
-0.0
8.214155745593236e-07
-0.8813296900842394
0.0
0.0
-6.53664319657898e-07
-0.9411658211682319
====================
50
0
-0.6763617954580283
-0.04512642064846375
-0.6930678272718129
-0.04624103626403815
0.06259905331522031
0.009192930053182332
0.02040861173269448
0.0029970890964831896
-0.023469400563020493
-0.019116967984547914
-0.02301072657069292
-0.018743355714258957
====================
100
0
-0.4352049568440215
-0.017638094400108745
-0.4185582117161708
-0.016963430986004266
0.18725461206193295
0.01459104077569357
0.06572787880706166
0.0051215729706913056
0.03523315642870184
-0.6336355520286913
0.03053155893129862
-0.5490816934576508
====================
150
0
-0.8037705007742204
-0.02330913075657218
-0.6804110908311145
-0.019731740676135343
0.5654653025872527
0.029256182326969894
0.17108939727042483
0.008851865141597411
-0.01195184994766385
-0.009827561252582839
-0.025549863889061664
-0.021008701871628448
====================
200
0
-0.43635957973393147
-0.009907622633673644
0.7109044009175349
0.01614121211044213
0.41816860869313643
0.016319367299158862
-2.485766246264536
-0.09700903307739887
0.05870343965234921
-0.7423762669666145
-0.03309958952877909
0.4185844962070961
