====================
0
4
0.0
-0.0
-8.321829700896899e-06
2.0572942320322567e-06
0.0
-0.0
7.418844281126269e-07
-2.5243343422560803e-07
0.0
0.0
-5.922627794925501e-07
-0.8478884282638111
====================
50
4
-0.18963578701912454
-0.034554490542786656
-0.19554148694146622
-0.03563059782887877
0.13382688977138546
0.03562843777962752
0.09144386054413278
0.024344897361742238
-0.09673001342387111
-0.07461952944614528
-0.0983888895047258
-0.07589922070412555
====================
100
4
0.5962918261639398
0.040681481348062744
0.40687443760086595
0.02775864789351045
-1.1654295309980345
-0.10444626842013952
-1.1204544575202853
-0.10041558404864455
-0.07368548345368903
-1.5133881588739797
-0.06407695743199165
-1.316043596228767
====================
150
4
0.7108683604037012
0.029600962045757188
0.32274910642516375
0.013439455997405477
-1.5368716434319118
-0.08371389329987435
-1.1675789704694282
-0.06359840248909189
-0.0512327609094152
-0.04095958952844633
-0.026967636568170805
-0.021560097577751326
====================
200
4
0.6536479607800558
0.019209265802097857
-0.014069671614684864
-0.00041347648583218733
-3.3190700367471173
-0.12647181899637724
-2.5643520993729005
-0.09771359777412843
-0.10521553867640203
-1.311601439121807
-0.06776073930673213
-0.844695415797938
