====================
0
1
0.0
0.0
-4.861296433023021e-05
-3.146177517282068e-05
0.0
0.0
8.960224109344495e-07
1.8842688265758634e-07
0.0
0.0
-6.778438422044301e-07
-0.9805706619568951
====================
50
1
-0.6742584895244192
-0.05831261421158111
-0.6552692323907525
-0.056670346086516714
-0.5299605630048241
-0.04374712780108231
-0.5173824787760495
-0.04270883345116108
-0.05187009600173531
-0.04144800597324968
-0.04927013029957905
-0.03937044294059958
====================
100
1
-0.16317525207806227
-0.007767579298078774
-0.21140891203627277
-0.010063630775190829
-1.1389379368625399
-0.06049848428780253
-1.0163838040575932
-0.05398861308417067
-0.0018922683090348835
0.08190185855049888
0.0057621904035978985
-0.24940126150356465
====================
150
1
-0.2626901588064001
-0.008590602926703387
-0.31922717967163194
-0.010439500118432208
-1.1263104528068055
-0.04392397449592398
-0.915550842069166
-0.035704748843048986
-0.029370521200784205
-0.023898870925560048
-0.018908578049987357
-0.015385960062242954
====================
200
1
-0.0015420242743928725
-3.82891759823609e-05
-0.01757043314308504
-0.0004362819819855095
-1.4477881249952738
-0.04514957545985067
-1.5857429865279435
-0.0494517266678134
0.07410825222493334
-0.7477780114627789
0.0707172815790638
-0.713561939562977
