====================
0
3
0.0
-0.0
1.8711534938375962e-05
-4.625801708349062e-06
0.0
0.0
6.248723023460911e-07
2.1261904858987882e-07
0.0
0.0
-4.610515518723259e-07
-0.6548193464290428
====================
50
3
-0.6971375775304942
-0.11627635106133967
-0.6762694222328163
-0.11279572825516306
-0.0978998364063628
-0.00992318390815336
-0.11023487664664877
-0.011173470704453611
-0.013998436670445535
-0.01153484665330404
-0.013602250260124737
-0.011208385235021398
====================
100
3
-0.977129447702076
-0.06020144956957076
-0.8956401340738473
-0.05518085090028933
0.28583269831147007
0.01834051327659175
0.15450493669527
0.009913840716959199
0.15396608389242694
-0.860326081580004
0.14504144211128284
-0.8104572929548323
====================
150
3
-2.0827871027629854
-0.07769072237738205
-1.6440225700993167
-0.061324223155740785
2.2570600334235387
0.11040990842279343
1.5242658372997973
0.07456339176454803
0.1380609750321391
0.13005986939937028
0.09794350942193386
0.09226734811171167
====================
200
3
-3.358760472337508
-0.0882951395439768
0.05145261534079992
0.0013525870298982078
3.2642718019768395
0.12781981778313353
-1.7927712411645231
-0.07019994267441745
0.1723106966112894
-0.8733122544776372
0.029778328015596045
-0.15092376320978165
