====================
0
2
0.0
0.0
-5.3651424031686545e-05
-3.472260705627628e-05
0.0
-0.0
9.250387051906728e-07
-1.9452871836320473e-07
0.0
0.0
-6.743298425215613e-07
-0.9776429853663021
====================
50
2
-0.3293814522290983
-0.029362008016830195
-0.3895054183395157
-0.034721630919062774
-0.105361855004944
-0.04835284458737945
-0.11913176621546295
-0.05467215603755271
-0.07828907282527608
-0.06126534963153873
-0.07423482925072267
-0.0580926891168233
====================
100
2
-0.049942402952297016
-0.0023902762290688266
-0.09525971961595658
-0.0045591927886062976
-1.367570565517111
-0.1432916640267379
-1.2721856562825824
-0.13329739922469688
-0.013240638860070758
1.126313457764764
-0.0066866880904483585
0.5688023715274951
====================
150
2
-0.14234769489604204
-0.004673506060794227
-0.3738326284928206
-0.012273532467524433
-1.4639174532599242
-0.08888755937331859
-1.283772657059517
-0.07794935296529992
-0.045984467324037936
-0.036918587686362234
-0.03321080648866559
-0.026663265725069704
====================
200
2
0.5141426649178982
0.012931990183686584
0.36916138237611307
0.009285343735957815
-1.9444192955673962
-0.08434723750939771
-2.085101147582673
-0.09044989531177869
-0.027027900933446012
-13.304207392579077
-0.02595590631640323
-12.776529022587095
