====================
0
1
0.0
0.0
-8.273220895027578e-07
-5.354336812023842e-07
0.0
0.0
8.448367339042306e-09
1.7766291354167986e-09
0.0
0.0
-7.911720326699649e-08
-0.11478368899161859
====================
50
1
-0.49162448636374023
-0.04321448303471642
-0.712546659559468
-0.0626338524322282
0.13710295202371015
0.01197162844969494
-0.3904449509116823
-0.03409307978697416
0.07163488330817569
0.06347784587465494
0.040485110685135384
0.035875086237434635
====================
100
1
-0.5074640969022681
-0.0237751586839261
-2.3416836145120143
-0.10971002650714608
0.6608696786280603
0.038790627858029725
0.3367294989257168
0.019764787376483055
0.1987695889183808
-0.890510477828245
0.14543128197273092
-0.6515487661137626
====================
150
1
-1.0794107023249992
-0.034393133535532354
-2.87051310569154
-0.09146281424382197
3.2722959712084823
0.15392015882767193
0.3959923441690947
0.018626433869470393
0.05779119126196264
0.050589927252375606
-0.2306426802463012
-0.20190268032479805
====================
200
1
-2.4346153985023378
-0.05702775317556891
-6.826449645261867
-0.15990085566489112
2.5018743289553314
0.08891316374951916
1.125121288094384
0.0399852591189811
0.13592495943512556
-0.8476029043726773
0.32184893361650346
-2.006990416155318
====================
250
1
-4.8496742510866255
-0.08886246275995438
-6.857275999622324
-0.12564852845830518
4.4008915496384375
0.13306329956010163
1.336167273576848
0.04039972905057554
0.2040623746996345
0.20486655308543394
0.5521815218103666
0.5543575841321511
====================
300
1
-5.866814544896087
-0.08950918026325565
-5.169275421977453
-0.07886692208103402
5.4738320165527625
0.14363615781922046
0.49776423305329587
0.013061588612767265
0.23558872642192702
-0.9060138620139496
0.5712030197644902
-2.1967004185251584
====================
350
1
-7.20857004439037
-0.09440952092617763
-8.31143510663297
-0.10885357314893002
7.50875851717295
0.17499519462205204
1.7047303315800306
0.03972955255794804
0.009681219642217131
0.00813236393815995
0.5805395926612174
0.4876616193526357
====================
400
1
-6.895000635156791
-0.0801811598031642
-4.033066935343797
-0.046900065939196996
6.962743874604641
0.14048363906774236
-0.577877994291633
-0.011659541846908214
0.042708453536048394
-0.6360397906459742
-8.747259925534797
130.26941767083812
====================
450
1
-7.176858734224169
-0.0749597180465957
-17.382177073319895
-0.18155061158423538
8.830994412906954
0.16195130608381011
3.114897438319602
0.057123998144045604
0.14440597348141826
0.13678292114393636
-19.705043440416166
-18.664833164918278
====================
500
1
-9.424735612775208
-0.08731229227673538
-29.74502332567286
-0.2755627613435743
9.553496098188823
0.1594522003342482
1.1425737334020525
0.01907007591384407
0.20253303179037108
-0.8923259330407947
-27.713450147290494
122.1007261968822
