====================
0
4
0.0
-0.0
1.4638256642385272e-06
-3.6188196173530404e-07
0.0
-0.0
8.314914090590264e-09
-2.8292308607254654e-09
0.0
0.0
-5.8814848771863795e-08
-0.08508100638807889
====================
50
4
-0.6763021965643059
-0.11385938512978684
-0.9702488815570227
-0.16334700913017336
-0.7444134322641882
-0.1589981745852146
-0.7370454584263513
-0.15742445984575254
-0.12186569872993225
-0.09186760594201479
-0.08472684244441409
-0.06387073848929413
====================
100
4
0.508726620036775
0.034656629499835834
-2.245348352129948
-0.15296271685607749
-2.4592693583526515
-0.19595627636321886
0.530962814904063
0.04230748280685625
-0.05399056389973513
-1.5839978545949214
0.29996373290633155
8.800462063376303
====================
150
4
-0.5036774823871184
-0.020043979011521974
-4.086680497160248
-0.16263053437222935
-3.286488244121589
-0.16226006620800065
0.2475056431025422
0.012219816123944875
-0.06241838660644139
-0.04926125586491968
0.018765386258807526
0.014809842806859244
====================
200
4
-1.1408481853188874
-0.03196542164503235
-6.6069261597194995
-0.18511944287661367
-3.899753677158433
-0.14432279429338635
1.1759738747100563
0.043520655319400275
0.10189667625321418
-0.836574717792532
0.3045194225951383
-2.5001134422364126
====================
250
4
-2.7553197268100362
-0.05894778585194946
-6.168472315199388
-0.13196936149803198
-1.3624399292564107
-0.04344393761737797
0.9334542555207932
0.02976492950236288
0.16450138179444274
0.15814869843553261
-0.3275819485868131
-0.31493145063496486
====================
300
4
-4.1002669138137975
-0.07068093673321753
-7.281067027512549
-0.12551198464376395
-0.22618066388735514
-0.006217520265222761
-0.5133977797061036
-0.014112882350689419
0.22758578201263713
-0.9195706599236826
0.32161957488287357
-1.2995184589474755
====================
350
4
-6.442588920594339
-0.09231338459134522
-10.274483610187652
-0.1472191332824053
2.448799298346664
0.06034481441614063
1.7724286152923057
0.04367727315500479
0.17304523863153953
0.16774041519254085
0.4519793526297802
0.438123607838794
====================
400
4
-7.617102779587384
-0.09416710938173185
-9.979112285148531
-0.12336766160047395
3.209059659244083
0.06980285199689502
-0.8068673722941924
-0.0175508247742088
0.15960217453597242
-0.8891102648687859
-2.4174477019326477
13.4670944980598
====================
450
4
-8.060801480399931
-0.0888046263593119
-30.276959701146104
-0.33355666928331595
5.338905437982923
0.1052613342420211
-2.3293977223016853
-0.04592617626927608
0.0976915212236622
0.08825057106011129
0.4625518130505819
0.4178506090937647
====================
500
4
-8.720283497988518
-0.08603802825849663
-42.41302016195467
-0.41846490748427817
4.733475302921086
0.08235103093875638
-1.295575552121754
-0.022539883605272853
0.03975477571442313
-0.6663517961912319
4.777249955655296
-80.07413025475752
