====================
0
2
0.0
0.0
5.3937420751992704e-08
3.490770597680429e-08
0.0
-0.0
6.791970541542014e-09
-1.4283005859464521e-09
0.0
0.0
-7.168072950658538e-08
-0.10320912088738396
====================
50
2
-1.5448487102631603
-0.12577405710184342
-1.5933731826613506
-0.1297246832840067
-0.15075651493403663
-0.06214335347389153
-0.3032440815301758
-0.12500026387344343
0.050629717619448344
0.043247617337119806
0.027176961952319
0.023214406600756445
====================
100
2
-1.9373224742475088
-0.08611989746986681
-2.406184826687298
-0.10696226019281974
-0.7220033015523502
-0.0775102424589714
-0.5417438543861852
-0.058158594862168095
-0.016018401180881027
-1.254778243880044
-0.0282864533330783
-2.2157783313130035
====================
150
2
-1.994932667575089
-0.06258694477314881
-4.35952053061164
-0.13677106757615876
0.039854519634751284
0.0025570032069227055
0.6735526499572142
0.043214077142461366
0.0483233305186721
0.04119635352024155
0.2466327839662803
0.2102580937385987
====================
200
2
-1.7485745163368094
-0.042186511763996036
-5.412395453732245
-0.1305807000771211
0.24530718915928773
0.011305150238870377
1.1746747885359348
0.05413569415443785
0.05399612339770509
-0.9431867497154923
0.18785987870462817
-3.281475358745764
====================
250
2
-2.189369489240896
-0.04275211624169099
-6.403582612435677
-0.1250436299379702
0.7538857997860866
0.026711310544264667
0.5009388533657173
0.017749018856352366
0.0015996112543430474
0.0013114535525682728
-0.07403817521407174
-0.060700765668246164
====================
300
2
-1.8771040238978145
-0.03091462701473286
-6.92030019690376
-0.11397263907251018
1.570546651250453
0.04656982897063167
-0.379480101013705
-0.011252339042521119
0.19910173169101059
-0.983926802546019
0.07762220965569437
-0.38359572216886145
====================
350
2
-1.893852024369238
-0.027033002078665786
-9.73860963350134
-0.13900972783416826
3.7354739529439343
0.09679158929869279
1.459733527617125
0.037823829016207684
0.06851462174314937
0.0594327661752403
0.5093399256056175
0.4418251160418868
====================
400
2
-1.9539881154041723
-0.024443913756932608
-10.944878352116334
-0.13691775318905253
4.722906078589894
0.10752627513160262
5.949996269729155
0.13546340437113336
0.16494327301225795
-0.9806625366897891
-0.1837306373638274
1.0923619351936384
====================
450
2
-2.9479502006992675
-0.0326632174472384
-31.14588070173481
-0.3450956104025082
7.538178297776042
0.1565843157723869
-2.506817575706151
-0.05207203907261618
0.15156864553191585
0.14168539824798915
-2.865173943707746
-2.6783462360525743
====================
500
2
-3.070286388468091
-0.030642902091751415
-40.80040744754049
-0.4072072544810236
9.456180245129566
0.17997688724165792
-1.254616106243951
-0.02387876453617045
0.22268041925086732
-0.9856042249288394
3.4628677487048427
-15.32697439215917
