====================
0
0
0.0
0.0
8.63975754938906e-07
1.7279329096375006e-07
0.0
-0.0
4.360199000666881e-09
-0.004679131852026232
0.0
0.0
-6.235537378476664e-08
-0.08845196435770923
====================
50
0
0.23024433897180074
0.016314077196998986
-0.5199055356500164
-0.03683816540992257
0.64812108031541
0.10486007683146956
0.38726839365652665
0.06265649235396062
-0.1519789466957373
-0.11244717361658615
-0.05442491039322084
-0.040268257420587185
====================
100
0
0.23738853891300948
0.009865880473605888
-2.245886510068484
-0.09333916442250462
0.4057684189898598
0.032394335812776585
0.9161439779482414
0.07313993471544658
0.12939736919742784
-0.8381000772122513
0.323312587350689
-2.09407892991144
====================
150
0
-2.6428889270967133
-0.07257914615910183
-3.9924104362365327
-0.10963977245046408
2.900495127732224
0.17203221064921193
0.46728285571520445
0.02771516555865244
0.2582992298270236
0.27441261726189625
0.115786691473872
0.12300977077135959
====================
200
0
-3.335017635703437
-0.07086509906936246
-5.45724405935362
-0.11595984883906425
5.269002645103011
0.2558462003056384
1.385346108581139
0.06726805087450424
0.2287992029496797
-0.9015099772026884
0.18288901623678225
-0.7206155910189306
====================
250
0
-5.425723101399285
-0.09255083695519183
-6.158612473599234
-0.10505230883737787
8.410904111709918
0.346391177352987
1.031793254021398
0.04249294431353138
0.30945209980397326
0.3476491565107824
0.0405589236994327
0.04556529305189713
====================
300
0
-6.653807491992168
-0.09531608868214313
-6.776659115363898
-0.09707594365873175
11.256327937806802
0.4087438532030007
-0.12592370807214337
-0.004572587253267807
0.3162488591126912
-0.926749655196014
-0.059511222343318626
0.17439432016199358
====================
350
0
-9.056963143123923
-0.11087939874752242
-8.086970673161233
-0.0990043165417677
15.351003437467014
0.5070829179169802
3.3972188589708736
0.11221883043847417
0.24379202369697583
0.2550692342853337
0.11595956773142924
0.1213235679362419
====================
400
0
-9.994219246825352
-0.1079572090013715
-16.502279234615358
-0.17825704683197402
19.178230063172037
0.5892169919109096
-0.3564275113284481
-0.010950601039171398
0.5090098981765075
-0.9531909435086543
-2.156098208538731
4.037590021445294
====================
450
0
-13.000063119525876
-0.12374691370757093
-29.512750942512852
-0.2809303163052155
24.838960926301283
0.7366906927929556
1.7834351811428277
0.05289432609704101
0.4718134987134541
0.6483036939131719
-5.750359188450555
-7.901382884053838
====================
500
0
-14.953459079854383
-0.12784830775697673
-36.27720220046304
-0.3101609391324884
29.37316931087802
0.832443667017718
3.443065973840177
0.0975774331572044
0.49531436060627826
-0.9519588427535681
-4.9943000968892415
9.598688264921774
