====================
0
3
0.0
-0.0
-1.1759697313706852e-06
2.907192149437157e-07
0.0
0.0
5.229175759069449e-09
1.779279335410236e-09
0.0
0.0
-8.168703665752381e-08
-0.1165648621581548
====================
50
3
-1.0787080454430855
-0.16932905158761014
-1.2658204463989131
-0.19870082231647007
-0.8663566388425394
-0.0813995594030139
-0.6991025416234411
-0.06568500351276016
-0.06724296209010827
-0.05303951919269049
-0.034899482523151226
-0.027527814295586234
====================
100
3
0.4095139275555191
0.027610469713112096
-2.3787451498723193
-0.16038104322314597
-2.178717394050741
-0.12058443691205899
0.1393742036594965
0.007713877859624599
-0.18551135344705844
-1.1488037013715875
0.036331171166021164
0.2249856040352856
====================
150
3
1.6349774609705037
0.07086473537970128
-3.5110536127937273
-0.15217939764556815
-4.199977401183244
-0.15597407945675965
-0.21954173027447865
-0.008153096079102456
-0.23072487729216884
-0.16120270723822755
0.11515717290318328
0.08045793868333713
====================
200
3
4.256842226299128
0.14002994172226005
-6.055524567371453
-0.19919806917625538
-7.805765696002933
-0.21300715758663405
0.21515833594429523
0.0058713350304676155
-0.34427382099493237
-1.0750337219694273
0.2043207346850897
0.6380144712986268
====================
250
3
7.5013668656717485
0.20484106590859846
-6.686333060689016
-0.18258480296961033
-10.223650107313311
-0.22272968746218463
0.3741976723176492
0.00815216969766675
-0.3691005577701747
-0.23514870655458292
0.02560750039525761
0.01631417365614009
====================
300
3
10.474985968418906
0.24027192957017482
-6.650392659128109
-0.1525446126062185
-12.750727906991152
-0.2337822485427326
-0.6243387118249544
-0.011447135329637325
-0.36457265142431583
-1.0705611750239363
0.12459754246739463
0.3658784907421395
====================
350
3
12.43870059500857
0.2434278544849066
-13.187355302366463
-0.2580791766041389
-15.907717805357507
-0.24649294778621744
-2.0033791528144604
-0.031042720203672443
-0.3648432726171644
-0.23306859246159325
1.0979459689434357
0.7013880775295068
====================
400
3
17.05068866233698
0.30212602369437597
-26.555746118608308
-0.4705488523038238
-20.28202290338733
-0.27034455325387774
-13.11291398398847
-0.17478556698926875
-0.4874577729834552
-1.0518508102918516
7.7974336966793505
16.825533218705154
====================
450
3
20.992937357822754
0.33882053308771376
-43.97041886679844
-0.7096710911199442
-23.428654335579367
-0.2756063874152647
-22.77029829404929
-0.267861720238048
-0.5563082059762432
-0.31665002981760093
16.897046442212886
9.617780579682094
====================
500
3
27.496987831952552
0.42041500454951025
-56.83861209185375
-0.8690335649571297
-29.578817759322177
-0.30408924938333554
-24.91422845208352
-0.2561342745543402
-0.5861606429114767
-1.042746492449682
29.07569801919949
51.72401540719822
