====================
0
1
0.0
0.0
-4.8612964328453856e-05
-3.1461775171671036e-05
0.0
0.0
8.960224278098394e-07
1.8842688620635597e-07
0.0
0.0
-6.7784384220443e-07
-0.980570661956895
====================
50
1
-0.45873269941459505
-0.04042660153991578
-0.45252429479000966
-0.039879475293461204
0.11081920013565849
0.009658793535228158
0.10381807862446912
0.009048588921687875
-0.07641999187186932
-0.05989029318877209
-0.07723565735879001
-0.06052952964979592
====================
100
1
0.2041446212872664
0.00989077533324449
0.13568472052410385
0.006573903727639815
-1.0136267923453133
-0.05420295739762794
-1.0553802550049234
-0.056435693523816784
-0.013313105743231963
1.1395029022971377
-0.01769709952890247
1.5147401864270096
====================
0
1
0.0
0.0
-1.2533208681997365e-06
-8.111354915891492e-07
0.0
0.0
8.381986660310758e-09
1.762669769871988e-09
0.0
0.0
-9.551827379231619e-08
-0.13767883698619746
====================
50
1
-0.7774620817021152
-0.0666432590213374
-0.7519723398982983
-0.0644583042751204
0.6293782133674348
0.05745206301766738
0.6104738997940764
0.055726404595347216
0.047475476900226354
0.04120762507362579
0.04961675740481275
0.0430662074401789
====================
100
1
-2.0209560119233387
-0.08838643827862852
-1.319896633935823
-0.05772563167196905
1.4370581553270938
0.08843491240012627
0.9355808496461719
0.05757457356543976
0.19012645388295052
-0.883804284659644
0.17062724739589402
-0.7931620731800502
====================
0
1
0.0
0.0
8.16365111955264e-07
5.283424592161317e-07
0.0
0.0
4.409732135002287e-09
9.2733403693884e-10
0.0
0.0
-6.201440131417801e-08
-0.08801179104577465
====================
50
1
0.2863778395884733
0.027041551268062482
0.12170782431880234
0.011492398908276786
0.3820122427099122
0.03405211925235796
0.20933280311140656
0.018659678350656763
-0.1569970340270641
-0.11558202710090301
-0.1604300324497585
-0.11810941826589036
====================
100
1
1.5271122719790995
0.0791479596405313
0.7693112453349258
0.03987225858506422
-1.754109529117592
-0.09007151643284658
-1.6694231097647112
-0.08572296573760058
-0.13207571149155328
-1.2137114949450998
-0.14569264721251252
-1.3388445055782754
====================
150
1
1.6186727727549233
0.05647258503340367
0.3527346058098644
0.012306276695393376
-2.679049137157275
-0.09833158835949285
-1.789462046876178
-0.06568026055881705
-0.12809104122903436
-0.0963517220032602
-0.07798752331060443
-0.05866321402064522
====================
200
1
3.4716803965808865
0.09445510563060434
-0.884668726142209
-0.02406946159506813
-5.191274279336579
-0.1446951201934567
-2.461207927238789
-0.06860064748850375
-0.05813070708592069
-1.6668452249654764
0.08569862693640944
2.457330286451123
====================
0
1
0.0
0.0
2.538410597274776e-06
1.642831343840998e-06
0.0
0.0
9.061234429452725e-09
1.9055105494687765e-09
0.0
0.0
-6.043033094682529e-08
-0.08747864185284708
====================
50
1
-0.9067963978062235
-0.07687737005932413
-0.9702519823023632
-0.08225707653306213
-0.0773637812353769
-0.006634072101784313
-0.07941181100008343
-0.006809694038932474
-0.018169905549675347
-0.014920888829511347
0.0065141705563480645
0.005349351675054922
====================
100
1
0.5941127491178975
0.029338998751903836
0.16676792900427273
0.008235480669584155
-0.7029607185322355
-0.038225338351515
-1.2054757602670243
-0.06555091571399621
-0.04527108973273564
-2.2328828331496466
-0.07771754130263404
-3.8332225893773257
====================
150
1
0.7449007193806878
0.025190083162513838
0.13326333171114868
0.004506525931547561
-0.7568855525223128
-0.029948568212736084
-2.3106246651319537
-0.09142716513365445
-0.0880494158424614
-0.06838104160034957
-0.10813184481286231
-0.083977481369105
====================
200
1
1.5035443305087455
0.038783102896790086
-0.14054066203148352
-0.003625169438739287
-2.128877859765119
-0.0650087208402376
-6.150907187266061
-0.1878278767459715
-0.10841962648454485
-1.2996330002640624
-0.1768228033699326
-2.1195862585961445
====================
250
1
2.436885069666424
0.05151243993237233
-1.1912415034103745
-0.02518122711374964
-3.687831727132668
-0.08965075701559112
-8.875907163494261
-0.2157722627507355
-0.15368520047717937
-0.11356624084023817
-0.23656427475297548
-0.17481003582242757
====================
300
1
3.9350458067927008
0.07056599881116855
-1.4413242546441154
-0.02584683651309858
-5.475208586751343
-0.11168049950097236
-13.224388753017543
-0.2697443061997291
-0.15310397090756378
-1.1951200491501415
-0.35047246700443635
-2.7357662215371095
====================
350
1
6.334574962456664
0.10081033269827443
-0.6443556226851612
-0.01025446933438816
-6.311577071390211
-0.11133292418621951
-16.355699345074328
-0.28850599693250295
-0.26225115053660897
-0.17939911563993433
-0.486127488029794
-0.3325470308227822
====================
400
1
7.91161947943138
0.11109484655048628
-3.560380779578736
-0.04999481552379064
-8.050289346924743
-0.1247478924454654
-23.97318702183818
-0.37149031883154915
-0.18436826543250578
-1.1568429715518895
-0.5815783278783109
-3.649189839881764
====================
450
1
8.048730708409408
0.09992225170104067
-7.3125809910918775
-0.09078320356931498
-8.35392121358251
-0.11656888114435446
-29.048443792189808
-0.40533595006076373
-0.17144800120582482
-0.12505072574917517
-0.5939025095957531
-0.4331805522774575
====================
500
1
8.778105596643982
0.09777782309175435
-9.987695800974123
-0.11125124235179704
-9.169336168762612
-0.11668307774638477
-34.177009759728136
-0.43491465614696373
0.0021750903257794947
-0.08005057058781939
0.20790454560280408
-7.651579939486613
====================
0
1
0.0
0.0
-1.2441231711513012e-06
-8.051828241641055e-07
0.0
0.0
5.673805425487899e-09
1.1931592960469366e-09
0.0
0.0
-9.444000040483775e-08
-0.13331323439408707
====================
50
1
0.69230660356817
0.06789810246054395
0.6561302492467647
0.064350099596345
-0.2924437561815072
-0.02462339388076939
-0.302698522458547
-0.025486832213294643
-0.1928537274146671
-0.1385012210661998
-0.18434364773085532
-0.13238956098381888
====================
100
1
1.2793455894900738
0.06539050648889862
1.0686269819105867
0.05462015906326656
-3.785950304318593
-0.17631290443181588
-3.297866731724266
-0.15358269791235885
-0.21241158495586565
-1.1333739708344157
-0.1879982694396945
-1.0031107540068334
====================
150
1
1.517314032300444
0.05268675580607405
1.534403777063826
0.053280174959900305
-5.835835071848866
-0.19227313326335257
-5.1348153512808885
-0.16917665152705452
-0.12709942368392246
-0.0958026874538682
-0.07993061505814669
-0.06024864244431447
====================
200
1
3.3362216314491704
0.09032598535925242
0.20481034265311138
0.005545104029516351
-5.902238909409249
-0.161612475526697
-2.5700447787501517
-0.07037182080957928
0.06955130862886197
-0.7356219387232921
0.20970933564918084
-2.2180285475549963
====================
250
1
1.2405036104609621
0.02557575422691716
-1.4140081751883429
-0.02915293857954213
-5.384724355893724
-0.12571606516141468
-2.86228918093763
-0.06682528378406549
-0.0018415975936543205
-0.0015328491557508096
0.14390507006548603
0.11977902551470564
====================
300
1
0.8740797569318914
0.014858981072401255
-2.0979371706179393
-0.035664032328949165
-5.085413578151034
-0.1045610027965139
-2.618718173502579
-0.053843368696561256
0.1357527383183933
-0.8445009953249127
0.2015610275884841
-1.2538862237751556
====================
350
1
-0.5555421528957822
-0.007967425918666058
-3.9136208183550423
-0.05612802517587279
-3.306152484570603
-0.06158360081302028
-1.727836020375392
-0.03218434849745763
0.19403503688431756
0.19296511386761644
0.23880970320476047
0.23749288948816008
====================
400
1
-1.1055877224582247
-0.013779849709597357
-4.868346996660975
-0.06067821538303376
-2.0203038014310337
-0.034533640383895066
-1.9005765863792803
-0.03248710828024122
0.21655858383384713
-0.8965191015118521
0.2242659627794097
-0.9284264603657898
====================
450
1
-1.8103042143399364
-0.020023503236904574
-6.310195228367363
-0.06979612243060682
-0.3082516542601965
-0.004845243107356612
-1.6746877836127325
-0.026323522772321035
0.0280923362676877
0.02398005951785061
0.05520488755255326
0.04712375918371569
====================
500
1
-1.4415646875294499
-0.014416265951108842
-6.896198353670755
-0.06896494508928205
-1.6366547138195244
-0.02303506516330341
-2.4629886369004197
-0.034665286005911476
-0.1318367082937231
-1.2339594446551594
-0.0540261439055469
-0.5056715340769959
