====================
0
3
0.0
-0.0
-3.106661615870365e-05
7.680182225101776e-06
0.0
0.0
8.214155817753976e-07
2.794948645492693e-07
0.0
0.0
-6.536631624674945e-07
-0.9411657233277189
====================
50
3
-0.43600241840558596
-0.07611705808751945
-0.43781969808454413
-0.07643431775637718
0.1999247170348184
0.02087636569674915
0.18024668339891114
0.018821563106709294
-0.006804986713093264
-0.005636477735988835
-0.007871065471372729
-0.006519496239800346
====================
100
3
-0.5285139056130443
-0.03351307457836841
-0.5072504018669282
-0.03216475549106942
-0.22101170306179085
-0.013719334646479207
-0.36978498974404417
-0.02295445875155782
0.023629451181398406
-0.49539164577475353
0.013602903257929594
-0.2851849829489647
====================
0
3
0.0
-0.0
-1.8215337087568173e-06
4.503133192069145e-07
0.0
0.0
8.098929527022847e-09
2.755741747978438e-09
0.0
0.0
-9.972281259400116e-08
-0.14299928717609808
====================
50
3
1.2420177920073892
0.30820869483350355
1.1147487987082076
0.27662669128255823
-0.068178786862239
-0.006906099028051536
-0.22350212218072052
-0.022639414102198063
-0.1994761079783247
-0.14218468546135707
-0.2078333032558688
-0.14814161531084993
====================
100
3
3.319053169587159
0.27927625769259806
2.3840503357739724
0.20060198553810862
-1.5121511550817264
-0.08661872411512528
-1.635153627952647
-0.09366452587064397
-0.27508227703721655
-1.0831425352732047
-0.27815799071783953
-1.0952532257534706
====================
0
3
0.0
-0.0
-1.1301901032823025e-06
2.7940172870083453e-07
0.0
0.0
5.249734869039457e-09
1.7862747781482163e-09
0.0
0.0
-8.050774804460291e-08
-0.11507570430251346
====================
50
3
-0.07860480733301412
-0.014917845808160782
-0.11454942626757969
-0.021739518694237996
0.5380879308503737
0.05739668248204463
0.35705728557141647
0.03808653283758947
-0.023011129740564185
-0.018584162638709618
-0.03863001581302017
-0.031198229061285956
====================
100
3
0.8467848986615998
0.059621285803257804
0.251452942967866
0.017704552599430153
-0.10980879858536241
-0.006744891214488563
-0.4403614783256078
-0.027048745679961534
-0.018646178703209334
-2.011266686904231
-0.03433887337701638
-3.7039563541847
====================
150
3
0.4630898931645042
0.019335178208010808
-0.31088475559679196
-0.01298022746845515
-0.10186443711215887
-0.004381552937732395
-1.2892247203124292
-0.055454155746842974
0.0242385106131624
0.020352040678314892
-0.007311058323528741
-0.006138782979560983
====================
200
3
0.7831994235434507
0.02338643927323715
-1.5707976743238063
-0.04690422811461355
-0.665585692653643
-0.022134764413068806
-2.888406187050773
-0.09605703846294851
0.11572829833716998
-0.9250595963142849
0.09238791630930268
-0.7384911883557159
====================
0
3
0.0
-0.0
-4.862475648792497e-07
1.2020845423996583e-07
0.0
0.0
8.474456247853368e-09
2.8835184694943002e-09
0.0
0.0
-8.933966399946725e-08
-0.12877200535907984
====================
50
3
0.34775640018393883
0.07024489417816733
0.06343643127645748
0.012813812771521623
-0.20919862688399782
-0.020967946795848784
-0.4382848679759892
-0.04392922616190036
-0.03734609831107716
-0.030192675911423047
-0.03569528060682958
-0.02885806249296046
====================
100
3
0.45237993251127584
0.030563144614384544
0.6385300596089785
0.04313959384565397
-0.09145794659673534
-0.005729707372600969
-1.036875115613455
-0.06495871835601613
0.08261413193391752
-0.767714558312536
-0.009393264183246638
0.08728949266600615
====================
150
3
-0.4579036498751883
-0.01818245884829089
-0.24013881168291817
-0.009535442800013214
1.8625044356508553
0.08938402461470034
-2.0179660573875324
-0.09684483123505959
0.06565396517866384
0.05789970712478826
-0.15847159530709598
-0.13975483325203117
====================
200
3
-0.6163660600658716
-0.01746190512876549
-0.9323960089133649
-0.026415164145061384
2.135596720781418
0.08008462845743379
-7.088485705871644
-0.26581738890891643
0.16938728564663158
-0.8714071376584913
-0.22282405640179417
1.146310789793348
====================
250
3
-2.2109307028119787
-0.04768599138992742
-2.1663097295844835
-0.04672359336341747
4.428783251365118
0.14193649257541838
-8.963646129398136
-0.2872726932169992
0.21132074399543344
0.213831357597965
-0.15184996244718696
-0.153654028503627
====================
300
3
-2.4087734242367915
-0.042619815733628975
-0.5386101508508077
-0.009529939657482256
6.008908666769813
0.16819813928899205
-12.444954529647887
-0.3483524732200884
0.20750175467546716
-0.8924879491422958
-0.33174104606024324
1.42685485386708
====================
350
3
-2.988778596907018
-0.04489695653652712
-2.268371523139379
-0.03407511609875628
8.477771008095317
0.21149314293534102
-15.111410743168062
-0.37698113681151674
0.17221012952070436
0.1676223848600372
-0.523931924799593
-0.5099741750595383
====================
400
3
-3.4426835896953634
-0.04472230259655053
-4.496523279779581
-0.05841224425987134
9.74074831897694
0.21682205234743224
-21.98940659593352
-0.48946837675128685
0.1580048990046246
-0.8634088660402776
-0.5428850491995751
2.966564756361803
====================
450
3
-3.7763977865047877
-0.04351446647246888
-6.637625659401948
-0.07648366394160289
12.439002329665861
0.25356825881444006
-25.958957036426494
-0.5291716619963315
0.188643418992974
0.18660268847840894
-0.0199897064124811
-0.01977345925119176
====================
500
3
-4.880292162703853
-0.049878167703371896
-10.471369437125205
-0.1070207896282024
13.755967256194253
0.2554895513621512
-31.562351235729714
-0.5862074841389364
0.21717788444790098
-0.8967836190261574
0.08213523655676006
-0.33915762130287536
====================
0
3
0.0
-0.0
1.0045105014455658e-07
-2.483316482173733e-08
0.0
0.0
4.8417048148508e-09
1.6474384724836493e-09
0.0
0.0
-8.007003728231124e-08
-0.11225902998407834
====================
50
3
-0.9046969005871599
-0.145846352474967
-0.8258202787609656
-0.13313063787327925
-1.2703359362733249
-0.11508536871086165
-1.084476780017738
-0.09824756312322087
-0.0739259702152939
-0.058049188984080465
-0.05547039259303976
-0.04355724102472912
====================
100
3
0.08971060443221823
0.005915964888704555
0.1445873389091208
0.009534810580658509
-2.0606189303322733
-0.11491791847232674
-1.9345553203311887
-0.10788752219517724
-0.07964896420016376
-1.4573670500091132
-0.07055483788756585
-1.290968401016088
====================
150
3
0.7174948323648955
0.029885140219042046
0.8090393823957172
0.03369815961730422
-2.433551080199411
-0.09682629681028859
-2.724839482761496
-0.10841609969273316
-0.14370050021133252
-0.10697730989364469
-0.15292861108127842
-0.11384714315668341
====================
200
3
1.5263792577621587
0.04603766581760398
-0.4449222354590461
-0.013419457246107689
-2.5296162327936287
-0.08073596257438198
-1.586418730267603
-0.05063259856327499
-0.0005489725140123691
0.022455300522126694
0.04328754296812178
-1.770643814403694
====================
250
3
1.69948551368077
0.04003127153175833
-1.462926297239946
-0.034459134464127274
-2.126007312989998
-0.0563070945741001
-1.5196181372254287
-0.040246936897376795
0.005607686936389467
0.004696665386312634
0.04786197567760131
0.04008634701534539
====================
300
3
2.176653520222999
0.041913322083492605
-1.1651897683657566
-0.022436723895726287
-1.5454981645494783
-0.035709632338485446
-1.289232548391439
-0.029788466500888594
0.13542147832881324
-0.8441798885150519
0.127428165135214
-0.7943517938589415
====================
350
3
1.7735711346453513
0.0286951324272596
-3.077821462423586
-0.04979698458464539
0.15674457094959138
0.0032380992481181375
-1.035564074932708
-0.021393144477687556
0.13925029253353505
0.13132739133532656
0.14051133963807838
0.13251668884829776
====================
400
3
2.214276159144319
0.03104611707308933
-4.701063718110234
-0.06591308584422619
1.0682812887337079
0.0199315319173004
-1.8291731064491614
-0.03412792355155345
0.15910235389738636
-0.8642232522806055
0.235041507909432
-1.2767148405449447
====================
450
3
1.1410077297136496
0.013937253431602901
-6.757498158056222
-0.08254191618496334
3.2088209665562317
0.05505301446125037
-2.296836324232295
-0.039406300535611324
0.16260582228037768
0.15680802454656784
0.011758841202792691
0.011339573418148252
====================
500
3
0.3822086824852562
0.004128337087205732
-7.421618067755659
-0.08016286002967435
5.15895826359759
0.08262448161647597
-2.121258787433433
-0.03397350758248993
0.26400048671337834
-0.9135065904708033
0.082804258637549
-0.286523092916013
