====================
0
4
0.0
-0.0
-5.367044688231459e-05
1.3268224469357502e-05
0.0
-0.0
9.249905792430013e-07
-3.147370933883636e-07
0.0
0.0
-6.738571839800481e-07
-0.9776276697616859
====================
50
4
-0.1595699802029893
-0.029236216078985362
-0.1784274240209216
-0.03269125380887077
-0.6375689761672696
-0.14081900976098302
-0.6312880701922157
-0.1394317544319582
-0.08188151135800359
-0.06389699379626879
-0.07861752996218185
-0.06134991576191138
====================
100
4
0.5998407583076997
0.040933513883468456
0.48565597605815114
0.033141471904395224
-1.9247976917163871
-0.16150963815033603
-1.831472566684635
-0.1536787335108088
-0.03593078640425684
-3.286042142303585
-0.024042604251314804
-2.198811066689812
====================
0
4
0.0
-0.0
9.832852496671762e-07
-2.4308441951211566e-07
0.0
-0.0
8.149282582081696e-09
-2.7728731198981025e-09
0.0
0.0
-7.369781169988483e-08
-0.10485913001579307
====================
50
4
-0.8600526567498097
-0.13965434849484032
-0.7310636416376743
-0.11870926248516286
0.3825757688992235
0.10907570058188686
0.2984571625953425
0.08509274959424952
-0.01340331211567336
-0.011049876521619212
-0.02842080389156476
-0.023430505156983594
====================
100
4
-0.12509123428932512
-0.008133922138696905
-0.2594708157775951
-0.016871809002361342
-0.8222755139044402
-0.07603088097593806
-1.3014868940220872
-0.12034068077896865
-0.03867161978628192
-2.827847572185515
-0.06354535519818531
-4.6467300675261285
====================
0
4
0.0
-0.0
-8.083496609856411e-07
1.9983743986776002e-07
0.0
-0.0
8.496562564630494e-09
-2.8910385309316757e-09
0.0
0.0
-7.959507802581575e-08
-0.11539593880419786
====================
50
4
-0.43511085547089046
-0.07588926868535734
-0.4434422344513438
-0.07734237483064738
0.6124591316702825
0.1868649335683873
0.4757147694792234
0.1451434131675125
-0.007535010444960966
-0.0062421663992349285
-0.017752063136524
-0.014706194880195839
====================
100
4
0.3473198570658145
0.023299821574854374
-0.01964009777473663
-0.0013175485494264273
0.02643195879376492
0.0026521303623558883
-0.707604312500516
-0.07099961438193793
0.030069416477976042
-0.5460635011683367
-0.010348505588486732
0.1879298588201112
====================
150
4
0.2800011200201915
0.01145390491164254
0.05945454596987787
0.0024320856861385193
0.4820861940055572
0.029504045675804343
-1.6817921954056967
-0.1029269752327505
-0.07017944078942673
-0.05526988736383316
-0.14997021540001065
-0.11810919009684083
====================
200
4
0.8252411336188956
0.024374926033668604
-0.9329210934747749
-0.027555440128119415
-1.6204529091718953
-0.06601984070929237
-2.7455749437304426
-0.11185911013800409
-0.15180841090502073
-1.1971135431732765
-0.0694021900694874
-0.5472839163704168
====================
0
4
0.0
-0.0
1.2665532826972026e-06
-3.131129752231124e-07
0.0
-0.0
8.122982286806746e-09
-2.7639241870783273e-09
0.0
0.0
-7.109577495590206e-08
-0.10105125529554966
====================
50
4
-1.0288754852667337
-0.1635832233013293
-0.7632545990847888
-0.12135156226944704
-0.5578855360216926
-0.12399918118755428
-0.5217725509313684
-0.11597247984417257
-0.07397593375232603
-0.057836727808213056
-0.09622954008754903
-0.0752353020076357
====================
100
4
0.58671377772942
0.04019733240455593
0.19710772871170157
0.013504378440189478
-1.0671950031102604
-0.09557767024358897
-1.6645879237493286
-0.14908000431401583
-0.08157193422947634
-1.3142412547518743
-0.10832416007012083
-1.7452581135320762
====================
150
4
2.263707565310934
0.10126976924054208
0.7215759618509523
0.03228059678111779
-2.1018738460696156
-0.1101533711401946
-2.931583790476747
-0.15363616513180026
-0.303441932652873
-0.20115291801306745
-0.23807118761605062
-0.15781837950059477
====================
200
4
5.4511366536858965
0.18740397892688726
0.22355753044136506
0.007685657760102564
-5.483627947714293
-0.19159849137119078
-7.207391194150734
-0.2518269460817247
-0.3543487054188745
-1.0582486319892248
-0.21374876495694287
-0.6383523761930544
====================
250
4
9.22136881009127
0.2653494704024286
-0.7631321052428248
-0.021959505594405324
-8.608069605129973
-0.22285814670029047
-8.301917949471555
-0.21493205017470013
-0.5954030610025329
-0.3306922438290602
-0.23625530862206
-0.1312183346743388
====================
300
4
15.22549285393633
0.3937341196836136
0.6777909174495136
0.017527801088063816
-13.26947781492948
-0.26837112090074866
-13.151457985421992
-0.26598420602925277
-0.6554627038990365
-1.0306690347789191
-0.3657694032360797
-0.5751466796546525
====================
350
4
20.735280567940535
0.48681125248889323
0.10258220979942223
0.0024083674137858604
-16.76138733784248
-0.2802094999983585
-15.725772225203826
-0.2628965421235616
-0.5828327444305421
-0.32598650573012267
-0.2208369127626486
-0.12351717403602912
====================
400
4
26.636506781403725
0.5714189322141463
-0.8859635212284402
-0.019006108174608065
-21.263929255557144
-0.3017135805676117
-22.0515074371556
-0.3128885158437389
-0.6386256768873445
-1.0315030801373184
-0.4526583782041046
-0.731130188255589
====================
450
4
32.456661925284855
0.6461748656111261
-4.897908388856898
-0.0975117312504538
-24.959574348451206
-0.3079384646269407
-29.071879612366168
-0.3586739840459983
-0.7363186495845673
-0.37927386634675786
-0.8165657309556711
-0.4206087161863392
====================
500
4
40.47367626165415
0.776343636639605
-10.210279728474426
-0.19584792951020935
-31.07263773676162
-0.3329538582269801
-43.126705358683274
-0.46211728349034215
-0.800345318644032
-1.0249784915567481
0.6731327956596647
0.8620611896394261
====================
0
4
0.0
-0.0
-2.106893426834233e-06
5.208589667622026e-07
0.0
-0.0
8.005990981274635e-09
-2.724116750818919e-09
0.0
0.0
-1.035817226510663e-07
-0.14874479241663552
====================
50
4
1.3005239616204927
0.3253049177834945
1.1169337174188847
0.2793828040367864
0.3869717816414462
0.11046750085875866
0.32837323677717123
0.09373957620839186
-0.10283692728386584
-0.0789585523356666
-0.09206994292408499
-0.07069162409769658
====================
100
4
2.8274851869716873
0.22753892759206573
1.909929731816085
0.15369960732458662
-1.4216669058915752
-0.12455017370131669
-1.709715698541748
-0.14978571024673146
-0.1750434320025348
-1.166590063390587
-0.15716202500980075
-1.0474180871643415
====================
150
4
5.1009544069553066
0.25992183411024744
3.282991414144206
0.1672865667195589
-1.9914898688502163
-0.10585575920965913
-2.3031962561897537
-0.12242421722615758
-0.22376725869736047
-0.15721203153016364
-0.1643800494948806
-0.11548839483738049
====================
200
4
5.72177188330738
0.19757760322108345
0.8910721302503646
0.030769471307584846
-2.6632980221924747
-0.10408474693730332
-1.9986487358057623
-0.07810948911817645
0.004989645894723928
-0.16639919175121037
0.1289171490693077
-4.299244848354115
====================
250
4
4.4157963040227415
0.11112377391951012
-1.2222962064026959
-0.030759155982632607
-2.2142895390418644
-0.0692662864640423
-1.740931335717292
-0.05445893433891252
-0.021898382199498023
-0.01792777411204741
0.031124228593827796
0.025480792807363754
====================
300
4
5.382726145042376
0.11046885374888811
-1.2970797352937424
-0.026619766214705482
-1.9970346478983885
-0.05275726660487704
-1.0951540000216724
-0.02893156191022714
0.05930623646286792
-0.7034924692228965
0.11495604219488453
-1.3636122404496964
====================
350
4
4.867992239536719
0.08291170625562908
-2.5352910775561384
-0.04318111014796048
-1.3639175670702315
-0.030963537755024004
-1.6783090064066428
-0.038100824814578424
0.11122647064807878
0.10219703770109616
0.047601351316153506
0.04373704448891539
====================
400
4
3.5860263646684842
0.051265264111766795
-5.561393209491911
-0.07950479520257134
-0.7710619606165707
-0.015558455087135643
-2.752060277613843
-0.055530953948378245
0.24558607738293864
-0.9076201935955563
0.2673287573410943
-0.9879753000543657
====================
450
4
1.5309185195356463
0.018789448641451115
-6.52913744241539
-0.08013417506011362
0.9427480833206516
0.017243006918755178
-2.019537064608379
-0.03693764240290763
0.10198517835562293
0.092916993681648
-0.06995984200192384
-0.06373924429091758
====================
500
4
1.1771406307762504
0.01282472360842063
-6.425525158639985
-0.0700048762603408
1.7777274929466458
0.02965746867409399
-2.173873971955338
-0.036266300364084354
0.12094643579579216
-0.8287249902384926
0.0628148585884863
-0.4304074173667108
