====================
0
0
0.0
0.0
1.868617748090884e-05
3.7371951961883555e-06
0.0
-0.0
6.249271291667715e-07
-0.670600957888324
0.0
0.0
-4.605245662209671e-07
-0.6545607981230647
====================
50
0
0.07602925328089682
0.005328862103427787
0.04486590703165838
0.003144634747806883
-0.1594305055032379
-0.02281369053928172
-0.18623313031075917
-0.026649009169610265
-0.08687247730250824
-0.06752872852103008
-0.08565971346585344
-0.06658600877331983
====================
100
0
0.8445797190405102
0.03600947371816919
0.7228695465293811
0.030820242720232895
-1.8531821224296223
-0.12534325838023896
-1.8191954289864452
-0.12304450811377672
-0.11108917645013457
-1.2903416571429258
-0.10992699346090126
-1.2768424741248237
====================
0
0
0.0
0.0
-1.244055341409478e-06
-2.4880839588706925e-07
0.0
-0.0
5.67379696637166e-09
-0.006088894516017723
0.0
0.0
-9.443927260052555e-08
-0.1333109139396734
====================
50
0
-0.019420231798132903
-0.0013525567668609623
-0.0005756290277325604
-4.0090712858335936e-05
0.17340199993879946
0.0260284954454773
0.16519467475918326
0.02479653545578521
-0.09372759514633233
-0.07243246540343887
-0.09939251287773576
-0.07681030052182196
====================
100
0
1.8742387686422326
0.08361256109122342
1.3322896757113831
0.059435411200208885
-1.270042603630758
-0.08934474279068882
-1.2230954759271597
-0.08604211417220897
-0.04402412073346182
-2.2324245615272984
-0.03355289230514876
-1.7014377492237154
====================
0
0
0.0
0.0
1.5532497039671966e-06
3.106466048598288e-07
0.0
-0.0
8.165671770942356e-09
-0.008760183128302977
0.0
0.0
-5.79446095025736e-08
-0.08376365439756946
====================
50
0
-0.863746647355569
-0.0569953983819567
-0.8174033579123297
-0.05393737870427172
-0.16025911187895492
-0.02269791567744194
-0.1760050574574592
-0.024928054986290894
-0.024947647782442184
-0.02024671876878794
-0.023480768226971316
-0.01905624589991068
====================
100
0
-1.4926961896474111
-0.05809943366645742
-0.7817153999096149
-0.030426299965182386
-1.329660422453852
-0.09228185933904802
-1.204310906855497
-0.08358227997929109
0.05816642432605916
-0.7703365547858925
0.023586481674766936
-0.3123714280769432
====================
150
0
-0.9160159390363631
-0.02652434948668437
-1.0654526555396089
-0.030851470365000567
-0.8958918326911913
-0.042914440951711624
-1.710584178442641
-0.0819393157075609
-0.06842098833541188
-0.05363594065761385
-0.07196450999792137
-0.05641374498685884
====================
200
0
-0.41422740265124247
-0.009426773033754004
-1.0781906542799007
-0.024536905380856185
-2.238659012378868
-0.07883222843826872
-1.8799980116036217
-0.06620232554163802
0.04940654072042723
-0.7401959162504185
0.06272048481855377
-0.9396619567162933
====================
0
0
0.0
0.0
-1.862530255358763e-06
-3.725020450601579e-07
0.0
-0.0
8.078678588309935e-09
-0.008668257519830797
0.0
0.0
-1.0087184795973693e-07
-0.14440874833996495
====================
50
0
-0.3774862365811149
-0.025642770261550183
-0.5155042930646871
-0.03501838444660776
0.22013751489011835
0.0333097476169887
0.08405121729608833
0.012718072321434447
-0.05713504932938562
-0.04546381874624495
-0.04784139475081406
-0.038068620313589104
====================
100
0
1.2262683531885195
0.053148051569278036
0.5352937142744629
0.023200319780735487
-1.5878036181512094
-0.10935679741277203
-1.448434247320579
-0.09975801083914217
-0.146124247606766
-1.2063632728277434
-0.15078782314572362
-1.2448645232526305
====================
150
0
2.1763992966040853
0.06888516579971249
-0.16591862634142274
-0.005251486757334948
-3.0588936375354407
-0.13404691840791513
-2.497885587073551
-0.10946240868725728
-0.2596608025191851
-0.17794243709430646
-0.11135636865382748
-0.076311185330986
====================
200
0
3.889821941222827
0.09764428439532051
-0.5589473244515872
-0.014030979395832399
-6.6812489176836785
-0.20529475155286403
-6.118527444425943
-0.18800400749150384
-0.20700313878311805
-1.1373374563851413
-0.10151536441353945
-0.5577559211170844
====================
250
0
3.9993523442582415
0.08128901737938206
-1.7765228088228824
-0.036108794887402186
-8.707815008369828
-0.21033248914119326
-8.403401844649409
-0.20297955635712303
-0.23340638011239578
-0.1628811273271768
-0.08264507133187515
-0.05767332658211197
====================
300
0
5.9076839778079915
0.10319761963420812
0.02693804666571964
0.00047056381213691177
-11.746966287164447
-0.2324193236219432
-12.806828454158904
-0.2533892014579338
-0.23897266512594295
-1.1168183002502845
-0.1721550380252588
-0.8045518379500224
====================
350
0
8.705435361583397
0.13619136140944285
-0.2107966872223983
-0.0032977888664946936
-12.890198663176214
-0.22029119067070815
-16.728043515084508
-0.28587927306788075
-0.22421631112514873
-0.15747783893637593
-0.6072266352548485
-0.42648430787520436
====================
400
0
9.86625595669777
0.13568340723884867
-3.315262563155528
-0.04559238301079889
-15.040744510782893
-0.22526996042319516
-23.413114158652142
-0.3506655735108145
-0.04391233197487694
-2.3214407183195642
-0.36052441963502435
-19.059248963778593
====================
450
0
9.962573579677013
0.12136012013713261
-6.827699735993534
-0.08317233028127934
-15.793681694331347
-0.21242460400818197
-28.3150663566524
-0.380836898874321
-0.08171631493585862
-0.0637762992621446
-0.5767980854103898
-0.45016772156012475
====================
500
0
10.624332914073989
0.11625940191484012
-8.929267846181403
-0.09771073136829916
-14.784436547177194
-0.18610100441670852
-33.126506895968845
-0.41698418377221746
0.09647222273095282
-0.7942154992817585
0.27864258674206377
-2.2939479871598802
====================
0
0
0.0
0.0
-1.1670680155617674e-07
-2.3341108718136233e-08
0.0
-0.0
8.25846730696124e-09
-0.008861821454746089
0.0
0.0
-8.455283275559426e-08
-0.12046279857087482
====================
50
0
-0.6086168032571457
-0.04076091082252663
-0.640683540700179
-0.04290851735966097
0.5143385984200126
0.08108958241429752
0.4968220141978259
0.07832795319909701
0.06150545775370153
0.05390012834775753
0.07224250209239491
0.06330950580900091
====================
100
0
-0.9630311191665655
-0.038181029919827976
-0.6096591111560663
-0.024170987105889614
-0.4781733232345484
-0.035503901721897935
-0.9104338569869164
-0.06759882371542664
0.007687300383221594
-0.25920303411875695
-0.009130906159265012
0.3078790294055448
====================
150
0
-0.7367284128400016
-0.02138680783943323
0.18651319619915085
0.005414372266779995
0.9078485551742119
0.04793335484081774
-1.340528599859521
-0.07077836130829175
-0.03713939854334125
-0.029957282354108456
-0.11423692244685624
-0.09214548095094115
====================
200
0
-0.26950434168990967
-0.006136599353450129
-1.1439201626359363
-0.026047000528500487
-0.5827908306529999
-0.021939714515310783
-1.1000707820050835
-0.041413209739047184
-0.08468200219378716
-1.35033483105047
-0.03508393819071849
-0.5594466654311668
====================
250
0
0.26959199238147136
0.0051030309534931435
-1.7312734239272487
-0.03277078741552416
-2.153692281231642
-0.061548444307261266
-2.458628024562195
-0.0702629300205781
-0.1701590116495404
-0.12395350146931793
-0.10598602398848245
-0.07720624757295368
====================
300
0
2.3740177507768934
0.039134965683529005
-1.3619178765431101
-0.022450804904410437
-4.745086658004112
-0.10854334794810246
-2.4021585270342314
-0.05494911845004115
-0.2406359909461107
-1.1004736119814926
-0.10011321074829123
-0.4578365281355976
====================
350
0
3.506192817966351
0.0508280321843504
-3.4073077928758693
-0.04939453109105783
-7.436526232977847
-0.13961340325033966
-1.721752120165334
-0.03232418813824497
-0.21268099009959163
-0.15027412369312537
0.11700665777688446
0.08267345828815796
====================
400
0
4.829022032642996
0.06223318149073655
-5.422343874744897
-0.06987951352905539
-9.659239443846204
-0.15675321359819977
-2.5619656346275477
-0.04157639415511871
-0.10795747585840343
-1.2555044734174612
0.2016204065455357
2.3447688113992076
====================
450
0
6.700589038390746
0.0786681401096557
-5.569350116377919
-0.06538685073277818
-10.6101863381094
-0.15282008677544884
-2.3182929029008363
-0.033390716364679926
-0.2362008007971952
-0.16416437899938655
0.033787415777334795
0.023482943793415402
====================
500
0
9.22415321932776
0.09962495049272778
-7.453226096041135
-0.08049815123119981
-12.339824686801776
-0.15965257066905866
-2.4766861347947042
-0.032043348928879396
-0.2205597407894464
-1.1106309083999713
-0.022971736405340448
-0.11567442172387943
