====================
0
2
0.0
0.0
-1.4718915621214634e-05
-9.525920035810203e-06
0.0
-0.0
7.629646443518823e-07
-1.6044575604711665e-07
0.0
0.0
-6.127363007224714e-07
-0.8786512251784151
====================
50
2
-0.08356786419503237
-0.00761637349795975
-0.09766833780068396
-0.00890149038485453
-0.005669224639044845
-0.002726469052772612
-0.01103606025360282
-0.005307511813652782
-0.07475336528499565
-0.0586607770696774
-0.0736921828761683
-0.05782804152021874
====================
100
2
0.15300585459530325
0.007394788270234982
0.10007177695989355
0.004836478998806285
-1.3273223963199214
-0.13966350291692883
-1.2848181697166972
-0.13519112364220257
-0.0047839407934008
0.23668342593171565
-0.0009995187363134247
0.04945076225022182
====================
0
2
0.0
0.0
9.275407797382229e-07
6.002941386096312e-07
0.0
-0.0
7.317653150096248e-09
-1.5388477053165028e-09
0.0
0.0
-7.422971556009373e-08
-0.10529690795833162
====================
50
2
-0.6186152021881988
-0.05375905969951496
-0.62189280279261
-0.05404389060237743
-0.05349090449691385
-0.025146744563697806
-0.04866837424574433
-0.022879612655620572
-0.12528598749892716
-0.09456505009624129
-0.12506664902871312
-0.09439949484271382
====================
100
2
0.018772928815913303
0.0009014493896346752
0.23639359010893202
0.011351284586804055
-1.9537397344500818
-0.19286414410132355
-1.9351464955737914
-0.19102870561444826
-0.1120344307921124
-1.287188331156678
-0.12628216995545022
-1.4508837546684261
====================
0
2
0.0
0.0
5.164212191210993e-08
3.34222137416852e-08
0.0
-0.0
6.863041690507998e-09
-1.4432463167832721e-09
0.0
0.0
-7.093740647483967e-08
-0.102248284380729
====================
50
2
-0.027483281795440462
-0.002525732257024853
-0.05555874308645414
-0.005105886211758534
-0.6385166790112673
-0.23139272006246672
-0.5692729407107775
-0.20629941008432406
-0.1064098006545473
-0.08116327429350557
-0.09940491878420277
-0.07582035338641635
====================
100
2
0.5611102871557669
0.02775419277218559
0.350897629952474
0.0173564461175178
-0.7212743040825149
-0.08018320231157258
-1.1195848320563497
-0.12446290764223905
0.09867941233737382
-0.8319884253710492
0.0804226387283436
-0.6780614413371168
====================
150
2
0.5688564482435083
0.019187852978217766
0.11232807035980841
0.003788889984540139
0.517675983274902
0.03537654322575653
-1.2941616817580055
-0.08843942573151527
0.010489912477057883
0.008784353129545511
-0.03342160374082659
-0.02798757092180265
====================
200
2
0.8812110102728923
0.022446227020900815
-0.4710414945234618
-0.011998379728668808
1.700005756109011
0.08671683294873331
-1.6320152710046294
-0.08324865672773354
0.16137205688791428
-0.8900862039533031
0.12154501083137563
-0.6704105988777579
====================
0
2
0.0
0.0
-5.415896313643032e-07
-3.505108419493806e-07
0.0
-0.0
6.300803434555746e-09
-1.3250118183944555e-09
0.0
0.0
-8.757416756003744e-08
-0.12396581968060398
====================
50
2
0.21848794759038803
0.02058115290944859
-0.011548834736908375
-0.0010878784677490348
-0.29132007863797904
-0.11946873806406363
-0.25072001280586775
-0.10281887770099597
-0.10346176428073628
-0.0789224788850905
-0.06738898057403397
-0.05140551616740826
====================
100
2
0.25435532478638834
0.01241539472132605
0.19003170204533149
0.009275679966360471
-2.459074617735741
-0.22796044531878493
-2.091503313032705
-0.19388595335250847
-0.09201121896102908
-1.2284143574621196
-0.10843811589668192
-1.4477249618880121
====================
150
2
-0.43084788152251363
-0.014084515701814898
0.05721747281570799
0.0018704522613485234
-2.6649367321029356
-0.14890698956601578
-3.402283764346489
-0.19010726479738385
-0.04128980371565105
-0.033064722173397766
-0.12716233687014644
-0.10183112926588321
====================
200
2
-1.1306124278235856
-0.02744406067025416
-0.6369978567947214
-0.015462246299864632
-3.8788564961375798
-0.15336515179523577
-7.019525406893067
-0.27754328643780923
-0.017228911851043836
-143.4288027113107
-0.19735526796334665
-1642.960973825966
====================
250
2
-1.0482968323240272
-0.020744981414520445
-1.919448509070591
-0.03798439756659535
-4.298508279050591
-0.13179625560336217
-8.848536033153099
-0.27130433188291664
-0.17550358820243428
-0.12690332178344374
-0.2472083134413645
-0.1787516510033199
====================
300
2
0.2510108521582808
0.004244329906039407
-0.4608272465012746
-0.007792104791588108
-5.335494377121144
-0.1339470796153533
-12.241420957348424
-0.3073197105426869
-0.014327505811264555
5.151399162962125
-0.31086114322264413
111.76891875594643
====================
350
2
-1.0551613130858897
-0.015103003345050754
-2.4217416007698205
-0.034663487983943864
-5.024887037994077
-0.10823491232829478
-16.024337153924776
-0.3451605406967418
-0.005825269224640328
-0.004801207726170146
-0.4817814209345207
-0.39708596998945966
====================
400
2
-0.9911374491104823
-0.012434706135173876
-5.40119459731028
-0.06776281902849939
-6.050752423152225
-0.11281837610803161
-24.440342440622306
-0.4556986557778792
-0.05503754643784346
-1.4510770144753236
-1.2268350698693733
-32.34577639557709
====================
450
2
-1.0960264678090965
-0.012283144156428474
-12.05936526528042
-0.13514903730798053
-6.25408305895359
-0.10296563170710488
-30.363691515879683
-0.499900089017256
-0.0904243713794417
-0.0696702041119199
-4.10758724131384
-3.164815382669239
====================
500
2
0.8457495965700446
0.008701540925751509
-9.989689543442665
-0.10277946658248169
-7.005177005457675
-0.10351710912318118
-33.097697350754856
-0.48909227357350266
-0.10906584220752166
-1.1860519641119869
-4.947370272408939
-53.80087945055273
====================
0
2
0.0
0.0
1.2744709267931142e-06
8.248234944432424e-07
0.0
-0.0
7.617960484651576e-09
-1.6020000908137714e-09
0.0
0.0
-7.172775851898258e-08
-0.10174781258209645
====================
50
2
0.28276388194298185
0.02666124618898502
0.22968986805921965
0.021657002575304805
-1.1437356057263428
-0.3554849857825819
-1.0544569940743065
-0.32773625973530834
-0.219461975421263
-0.15465506298462092
-0.202011243794761
-0.14235751579612105
====================
100
2
2.863624685123753
0.1592635006151264
1.1827540069409181
0.0657801088566317
-5.212139135504669
-0.3892987196957794
-3.1974190632155057
-0.23881771289671275
-0.29064850852659607
-1.0940941930729886
-0.11210028600707003
-0.4219814255504204
====================
150
2
4.742751783368902
0.1854568943739992
1.650002453599626
0.06452041867911172
-8.03463042110372
-0.3487247960682106
-4.166080623406682
-0.18081922125319672
-0.25583790827823116
-0.17578316469105038
-0.03402603772382151
-0.023378883267313442
====================
200
2
6.357001206492512
0.18744160938230991
-0.4478144371379713
-0.013204191107600582
-10.97238441081457
-0.34202637453097084
-2.426403588707
-0.07563479290576389
-0.18520271506937513
-1.1560257864704673
0.1738280877882064
1.0850259501905515
====================
250
2
7.505283115228174
0.17768891484720853
-2.1159530961216717
-0.050095566515617106
-12.523140747268645
-0.30951687463421257
-1.8893054052061586
-0.04669530719571896
-0.38532339392740966
-0.2431211107571519
-0.03753567895736931
-0.023683264771768974
====================
300
2
11.128052902612303
0.22910880213047374
-0.6403374606457959
-0.013183523645308004
-15.123144909149097
-0.30761217871263136
-1.5172675916274727
-0.030861966367077182
-0.26894324138683295
-1.102466258803455
0.03229671388083932
0.13239238562102704
====================
350
2
12.394328998653648
0.2182991481299379
-2.447870503443049
-0.043113914895438574
-16.62091159373307
-0.2891106315591916
-1.4312689352262282
-0.024896051185924622
-0.2848985926277321
-0.1919183320766405
-0.003023696367130624
-0.0020368747986206086
====================
400
2
13.385109104686435
0.20360209886290548
-5.600655326607438
-0.08519207206953125
-19.499473453603933
-0.2933526756681093
-2.448506566935521
-0.03683565889666207
-0.09301807696382133
-1.3674755182972993
0.13778940959828084
2.025666950517305
====================
450
2
15.407341441476348
0.21050776682570066
-6.559409942429028
-0.08962005183826978
-21.33371623585834
-0.28394093965374984
-2.6160671733445895
-0.03481852684195065
-0.28356804994134177
-0.19119339609280891
-0.08329188943989352
-0.05615886279252613
====================
500
2
17.55357187729072
0.21670923928036184
-7.094589918306113
-0.08758691364640595
-25.171334334656713
-0.2958733331100213
-2.9579384370306343
-0.034768721151724205
-0.22322376549606354
-1.126099231608609
0.048682686570559686
0.24559005094247802
