====================
0
0
0.0
0.0
1.2567562198476929e-08
0.0
0.0
1.432953073821429e-07
====================
50
0
0.054197467479756956
0.004074506032885505
0.011144485912700342
0.5087055134133879
0.23251993713324706
0.07319822387119679
====================
100
0
0.07472105558423658
0.052673476282993015
3.332317914583882e-05
0.632268721601069
0.3628221895522942
0.06792335038066988
====================
150
0
0.15723540035363048
0.025137851961908764
0.002412821467536741
2.412349509885563
0.5145598969457305
0.7057740439623449
====================
200
0
0.07664767698571176
0.05260943115972253
0.011423538888603382
4.020143719574779
0.7601927044413603
1.2637430849945441
====================
250
0
0.073784999656205
0.04982167744080712
0.00718997698640611
4.140263126637666
1.3770749359693202
1.0352739773946376
====================
300
0
0.1349662115718142
0.06335553841782549
0.000992177972960473
4.051445898538288
1.5094385610061976
0.1313312198934053
====================
350
0
0.09988679936322797
0.0867094625276168
0.01053400816133343
5.6855853324011605
1.9780183171722296
1.993144120259768
====================
400
0
0.06616594451211466
0.10535447453703904
0.002333076474480649
6.085394486171716
2.7748893823209184
3.2201676627087963
====================
450
0
0.05168382813030892
0.11273643878340667
0.0005245560452691311
4.244934131245686
4.002460510827063
2.7138136721216766
====================
500
0
0.06432839345671981
0.1402724196947931
0.001537733401059782
2.3264873825347534
5.103723581543501
1.24118225624241
====================
550
0
0.07483824717356202
0.15480829329072754
0.003144291106852215
4.186044006291327
6.4029135389776295
2.353497803597208
====================
600
0
0.02171107903227635
0.143308239514059
0.0021380960840990983
5.746314689128471
7.862960981045201
2.618034515577922
====================
650
0
0.00333437271934911
0.13524694612685506
0.0008739758340288173
4.492026303192336
9.624740375631237
1.1692608810809682
====================
700
0
0.07386238954316848
0.1047830167940309
0.005820026098223963
3.901195526419166
10.696048031278814
0.14601976286724905
====================
750
0
0.14762253328405572
0.15726194215091005
0.003146609169058845
5.591208981876613
11.98448883777049
0.6637924084942765
====================
800
0
0.05108452391835001
0.16845016789922956
0.006054985666066735
7.651661465383964
13.795203612200732
1.314983423637681
====================
850
0
0.05132868436175131
0.10539942204210417
0.0013270539126477576
7.028424474228104
15.377104176716099
0.7428011012362709
====================
900
0
0.06352857874331219
0.05707094169957028
0.005294483540716932
8.733218901639173
16.2655146113949
0.9680776941241894
====================
950
0
0.08869673192339822
0.07901217210274569
0.0008086581721877817
8.42837524667785
16.464032794107588
0.5503321333585036
====================
1000
0
0.013789214097491821
0.10279385892164071
0.003454555902802508
9.061419889169219
17.131749490473716
1.0243509628994851
