====================
0
1
0.0
0.0
1.0329908530377089e-08
0.0
0.0
1.8821859730980165e-08
====================
50
1
0.05840586908313661
0.02694927302982353
0.003897818867877101
0.8774197888138466
0.6092728711224755
0.026694710253633576
====================
100
1
0.12451977533576564
0.015823754024372416
0.004328692759584918
1.3459883598252782
1.2310699643106087
0.08920964012407728
====================
150
1
0.08552388509432252
0.016279942492492427
0.007403379674102428
2.7232418669837695
1.2422520219058786
0.7039449542943824
====================
200
1
0.044897637507002416
0.02840981920415555
0.015605953987195586
3.1634724768898987
1.239602212368509
1.171751185334905
====================
250
1
0.13725222819644345
0.08810625120673232
0.005462881389475038
1.7641656682406712
0.8277223283388719
0.3692422938810811
====================
300
1
0.06628367827548454
0.020353216662730933
0.007952000994773556
2.984521205845232
1.3494058700715195
1.7031743174008296
====================
350
1
0.08813623826783545
0.016578979050057008
0.0022454940386658073
2.6596298970099483
1.03360926197881
0.10818801407009415
====================
400
1
0.016988055301959876
0.10267879841589826
0.020822621322600737
3.629251347168925
1.2997564245299722
2.420320102363805
====================
450
1
0.05359140313595856
0.06729785108830266
0.011375707070660379
2.1072916269721502
1.9052362415485982
1.7185400167806597
====================
500
1
0.03215842225410537
0.10232630580345692
0.001758232454602826
1.6110575027185299
1.8929205888184455
0.6090098205523357
====================
550
1
0.07204351144461407
0.151273685508849
0.00436899300501814
2.898489727223755
2.5438645353145932
1.8064907363438578
====================
600
1
0.013610098926703592
0.1523417132860888
0.0030816256062395353
4.720426892727804
4.405928295405204
2.5240170944671996
====================
650
1
0.0351757298573836
0.11430494965120253
9.073772045664619e-05
3.936878676626498
6.203008868314
1.5327936404043256
====================
700
1
0.0083956541750827
0.049830606186291426
0.0009246688011765869
3.408051291466265
6.868312564338474
0.08895121940384859
====================
750
1
0.11782396477423895
0.1156459340011673
0.0016911634207741333
4.538830498156306
7.667524158012919
0.21637510815365965
====================
800
1
0.06547820039004919
0.13326476360216113
0.005224591581687324
6.288382266227171
8.940006742058094
0.4408496731399444
====================
850
1
0.00348307688607008
0.1013968872589961
0.006925347766811862
6.039921841980942
10.276419603665572
0.62997910923178
====================
900
1
0.12778402630320285
0.1303360580211761
0.0018684247173332835
6.786915198820157
10.470249867133997
1.272991970116422
====================
950
1
0.12037987306152509
0.1427802886187881
0.008988569257698975
7.0096595573944205
12.12288314098066
0.24043380756341376
====================
1000
1
0.04349735579728967
0.12627168374527126
0.001053985843971511
8.059848668036047
13.711849242604263
1.09281231489259
