====================
0
4
0.0
0.0
1.037878657376652e-08
0.0
0.0
8.538365076814928e-08
====================
50
4
0.012051327973536141
0.052150665507291416
0.0012439508929993348
0.39066935400671
0.5679585347392251
0.027968755811521924
====================
100
4
0.09140209051783987
0.08446360581846823
0.005154672802645699
0.16443720935731387
0.8802773238352883
0.08154981772843714
====================
150
4
0.007183809567882671
0.1240154689634847
0.0018509405865971829
0.03195849526878021
2.33591521127262
0.34634473595426923
====================
200
4
0.0038387031463284903
0.06254515526100725
0.008739754979681203
0.4230589435743928
3.2992487173444496
0.4854826716366348
====================
250
4
0.012227856002015036
0.14407546560101814
0.009370883552545672
1.4280223983783351
4.733047659291367
1.2548331493987912
====================
300
4
0.06859495682751016
0.15397476131233434
0.01038441011550617
3.14421717640829
6.253230206190363
1.7926731752654528
====================
350
4
0.006312459552246352
0.1499774668016547
0.01533632628531234
1.6344429692518476
7.907043738820247
0.21723453887494099
====================
400
4
0.07946128357517859
0.15355243896349532
0.008991145088518771
2.480107601805986
9.535940928895272
0.3903869290368818
====================
450
4
0.10628027003762375
0.19609394695167381
0.004772245567121747
2.6124023666157363
10.789767140384592
0.3175189856972345
====================
500
4
0.0322512501969765
0.16309369299078025
0.013333702925996782
3.350513750279385
12.132926204639043
0.911459913583944
====================
550
4
0.04172513699209235
0.1251976143396598
0.0019596139114923528
2.8440468001424435
13.595197386121383
0.4659074394668681
====================
600
4
0.05962990475135289
0.06931449390657513
0.01295662418305365
4.986943667110181
14.467582833119017
1.4659534619899508
====================
650
4
0.04722078689669518
0.11108589224677567
0.0014996888549976273
3.8808114806557326
15.094121035534949
0.974245012251228
====================
700
4
0.0836202606693619
0.13828515009368791
0.012644525567795828
3.4024202617169252
16.54013421029524
0.30019449793393405
====================
750
4
0.020633309576571834
0.17405099904319377
0.0017871437548966362
3.790744094873056
18.32674708154869
0.4556677515283729
====================
800
4
0.008430534095901212
0.1535439607621315
0.013146570588058884
3.8671576838668926
19.174641403787092
1.225776852978843
====================
850
4
0.04517413737272058
0.22058192320819225
0.0008903566870503976
4.408057308607844
21.291854265759287
1.8151063785069883
====================
900
4
0.12209258011862678
0.20969293060364258
0.008241984068239283
6.770709327083878
23.490986202552815
1.8857267432359983
====================
950
4
0.15355779998430563
0.15238533418439526
0.008060814638202407
5.593123197229859
25.0132724339394
0.8505813639111568
====================
1000
4
0.05486884481431923
0.1029976057103562
0.0012250289337717912
6.887332805603906
26.241886153388595
0.6647570028105889
