====================
0
2
0.0
0.0
1.043465131089069e-08
0.0
0.0
8.978090825068819e-08
====================
50
2
0.036605627058877266
0.05920237535101447
0.005875181754989134
0.4498490987563158
0.4026740898052257
0.06513074229240548
====================
100
2
0.0826375195140363
0.03688644206198255
0.007661488786574466
0.5977915518257491
1.2403704624991054
0.4659436776818138
====================
150
2
0.10591097374562763
0.025452519487378478
0.0052537762561977175
0.46922761050972833
1.5328083499783032
0.4393219914574755
====================
200
2
0.13866585339200488
0.07187150659604812
0.005700394038812569
2.489876265234364
1.41048119840835
0.7562633280441655
====================
250
2
0.052778948169363016
0.060071196911737346
0.006410296613421407
2.9699972315458316
1.2393061651012625
0.46921109036733727
====================
300
2
0.04512675380963449
0.02437926037124294
0.0023441109466930676
4.473583841509765
1.1130576475870524
0.9316777585761289
====================
350
2
0.026252233997272167
0.0019342427808539675
0.0015247224896053346
3.829844538763439
1.0567757249107
0.40317089061488515
====================
400
2
0.10730044162457007
0.05289817381990666
0.0021952636811507394
4.16053501486724
1.2445637213927043
1.1158890638664543
====================
450
2
0.11638726901093377
0.1056729302390742
0.0036917365978659245
2.6950002330194462
1.4900531019099912
0.2543310859485232
====================
500
2
0.05357855123160915
0.1662628530987309
0.006056724132718738
4.471309948970023
3.1714105490550693
0.7564153491327447
====================
550
2
0.0011392628566377905
0.12910842358788144
0.002005860101781165
4.442776031892293
5.05855037601751
0.1626179669903928
====================
600
2
0.08762616212859566
0.1212842016950607
0.00034479166180112486
5.095802369942433
5.551446064040381
0.5105567072849597
====================
650
2
0.021179635303449018
0.13038971582005354
0.0022657417575091543
5.272350177138765
6.83975165701102
1.7423613410364653
====================
700
2
0.07996755988159254
0.09185155869617434
0.005207748185786176
7.660427235563151
7.38885032773727
2.9136043538718854
====================
750
2
0.10317398241370124
0.04416423987548379
0.012489566999058788
5.634123304311811
7.799060768295298
2.2702345119803775
====================
800
2
0.015601520473171673
0.017414417245574854
0.01688158007402505
5.640154962173544
7.18670107984058
1.6891089609884926
====================
850
2
0.022882987444433844
0.05141444396471884
0.009459438394891606
6.649990012984997
6.986949456885904
2.0368794341322896
====================
900
2
0.09443298641761189
0.06184438452210461
0.000794485389274513
8.722397976804777
8.068476068895793
2.478410511254737
====================
950
2
0.04256949649665143
0.08180510132454666
0.0018694134175953891
7.629216758896108
8.905597498057151
1.7675141564364711
====================
1000
2
0.030866859841977047
0.0046483112386327095
0.012490830324358847
7.626409982209204
8.825080444333258
0.24501244633190447
