====================
0
3
0.0
0.0
1.1029793520898532e-08
0.0
0.0
2.818395202249153e-08
====================
50
3
0.011844913858197081
0.007654409367556347
0.0010353940201508482
0.034585368913524636
0.2649340745213228
0.0027396011458130443
====================
100
3
0.08314310372434175
0.044767448029700674
0.010156008364166969
0.2153863516256757
0.21410350468302794
0.16077129889624608
====================
150
3
0.09925789142888153
0.03620760645959198
0.00044893444611604494
1.6260888248680132
0.7624317205233231
0.727913933043865
====================
200
3
0.03626481279051309
0.001479908936072135
0.0001978826905707741
2.6692148025034887
0.8229118750131608
1.234034372236341
====================
250
3
0.01647011874721449
0.04525243651754218
0.0005320277402187656
2.321934191130682
1.0338528974862404
0.6018874461775469
====================
300
3
0.1405971126917569
0.01652106046039714
0.0018067868704059187
2.7116627139455423
1.4356481844967073
0.45469702391459454
====================
350
3
0.10663989131371543
0.040475459592537844
0.009146658964101828
3.4401223862752923
1.672472155956539
1.7418506023212526
====================
400
3
0.08255185311748414
0.002052194008455844
0.0072145076511118365
4.0710651935007744
1.4666873323233551
3.1325422360192645
====================
450
3
0.037089381114251196
0.07358701667130774
0.005727339484035143
2.3158679818548897
1.5704869320377854
2.0417501588598177
====================
500
3
0.005233759958391815
0.09152832035951963
0.0038749972097487095
0.9450689971583247
2.606315901274184
1.1919186078823698
====================
550
3
0.01904604423297096
0.02945117620667337
0.0008847419904975951
2.73934087556359
3.260194583273452
1.7474175953599702
====================
600
3
0.07557917134220916
0.012450266203749942
0.003035977928423042
4.105480049743672
3.1427384339644338
1.6326110472851199
====================
650
3
0.05705047882948522
0.027889835283482878
0.002667645020052678
2.924236638639299
3.0463317582005476
0.35648291763805284
====================
700
3
0.010421198218778738
0.09543948442423433
0.002538384210549971
3.337733393865083
3.433584721386784
0.7335376624239758
====================
750
3
0.012697638250928733
0.053425336620229746
0.0047980165398768815
3.1748348500312993
4.0078738057327605
1.0043093407681545
====================
800
3
0.024335710771754178
0.04264221363931324
0.007650614144550202
2.5508502245427076
4.294794245458034
2.1294087335315064
====================
850
3
0.043510226654985384
0.0963453871148301
0.00788905261450723
3.7430786607687216
5.003307531383519
2.452283407851328
====================
900
3
0.08000964736567484
0.08220662972481785
0.0012295018024048865
5.732453164270351
6.201035773932805
2.7686312612997046
====================
950
3
0.11751338332344785
0.055731638843999676
0.0025830088091760572
5.008952243371835
6.909322491356203
1.5987854387599538
====================
1000
3
0.010125812334294128
0.028794231853371044
0.0010637485744494357
5.529335416091477
7.193664118498536
0.2802657175370205
