====================
0
2
0.0
-1.1222355502885668e-08
0.0
1.1222355502885668e-08
0.0
5.041989019196053e-09
====================
50
2
0.006308834626514104
0.0029167889010297543
0.006308834626514104
0.0029167889010297543
0.32614125485768697
0.3422902485724151
====================
100
2
-0.05799799511368464
-0.04025597338774567
0.05799799511368464
0.04025597338774567
0.48655623829467337
0.7547515857650652
====================
150
2
-0.025810247558419652
-0.011223261882177926
0.025810247558419652
0.011223261882177926
0.430629373625133
0.7696201799935616
====================
200
2
-0.15446202188156494
-0.1564606942727858
0.15446202188156494
0.1564606942727858
1.6159039676328542
1.8065465592895826
====================
250
2
-2.296902968341682
-2.3132162370441645
2.296902968341682
2.3132162370441645
14.475185493538834
4.611970516425592
====================
300
2
-2.689134286282
-2.7791772519485534
2.689134286282
2.7791772519485534
21.76642443719131
9.794024707001288
====================
350
2
-2.7809446901018586
-2.957027970338694
2.7809446901018586
2.957027970338694
40.47404381695635
28.746615768805338
====================
400
2
-2.658193667035743
-3.218011194061141
2.658193667035743
3.218011194061141
56.48079783642498
43.438953676683624
====================
450
2
-2.7591104099193995
-3.331238110428866
2.7591104099193995
3.331238110428866
76.63507556484369
63.986018874423685
====================
500
2
-3.4160984325301147
-3.8552220691288195
3.4160984325301147
3.8552220691288195
89.79441928951678
75.98968969955453
====================
550
2
-3.331257097734018
-3.7588230660980306
3.331257097734018
3.7588230660980306
105.8280432437564
90.56210725330405
====================
600
2
-3.2683685804716505
-3.7483611725541452
3.2683685804716505
3.7483611725541452
126.85782740722362
109.75178383579
====================
650
2
-3.2721900520825216
-3.832033268645632
3.2721900520825216
3.832033268645632
149.04529212529476
130.86208005946446
====================
700
2
-3.292880028643702
-3.8249507675651904
3.292880028643702
3.8249507675651904
164.17286957973934
146.5433846519117
====================
750
2
-3.5837400663076826
-4.083715965161312
3.5837400663076826
4.083715965161312
181.40023192311997
162.0301488315356
====================
800
2
-9.528838276652566
-9.697249109151958
9.528838276652566
9.697249109151958
193.67011041711314
168.9519975526449
====================
850
2
-10.246145024164603
-10.516096430390078
10.246145024164603
10.516096430390078
209.69389660005922
184.68103885655304
====================
900
2
-9.107715457707489
-11.754603726831565
9.107715457707489
11.754603726831565
213.9815985464163
175.42079056486017
====================
950
2
-9.773304277740186
-12.820880568305967
9.773304277740186
12.820880568305967
230.71821404814528
171.40061552472372
====================
1000
2
-9.730311732951696
-12.733032562089297
9.730311732951696
12.733032562089297
248.65309046294823
173.94949974201967
====================
0
2
0.0
-2.0428098056230508e-08
0.0
2.0428098056230508e-08
0.0
2.1905348956265206e-07
