====================
0
4
0.0
-1.2739934645474806e-08
0.0
1.2739934645474806e-08
0.0
1.6002076965069945e-07
====================
50
4
0.016887514391413783
0.010116677581913036
0.016887514391413783
0.010116677581913036
0.6267301191390868
0.8795365927762822
====================
100
4
-0.0515721449476132
-0.04818643516970811
0.0515721449476132
0.04818643516970811
0.8506272503934164
1.0644881292318522
====================
150
4
0.02996318677810894
0.017539335499360043
0.02996318677810894
0.017539335499360043
0.5028699169737845
0.7449308627077594
====================
200
4
0.4246574796527686
0.4025687289254895
0.4246574796527686
0.4025687289254895
2.976406223268375
1.653654241125393
====================
250
4
0.14128881067997345
0.017529445859006287
0.14128881067997345
0.017529445859006287
9.829724556952401
2.8858313241520426
====================
300
4
0.9121119331848069
1.0984707761879957
0.9121119331848069
1.0984707761879957
14.83103301576764
3.5619795529000347
====================
350
4
2.5868997000309837
3.0293453933528864
2.5868997000309837
3.0293453933528864
33.161978482212504
17.79242205911303
====================
400
4
2.662995355897179
3.4193465714041023
2.662995355897179
3.4193465714041023
47.72565384394558
36.31730931125506
====================
450
4
2.709715744485942
2.9276021212709606
2.709715744485942
2.9276021212709606
67.52550311913593
55.86414142944438
====================
500
4
2.5728801631505984
2.145611979783464
2.5728801631505984
2.145611979783464
84.2001753835776
75.21245853240589
====================
550
4
2.55197086181089
1.6673430548500972
2.55197086181089
1.6673430548500972
102.80515418497461
92.23856203122698
====================
600
4
2.5968863394083783
1.1824702193245493
2.5968863394083783
1.1824702193245493
119.84827205612298
95.71677676432476
====================
650
4
2.5637864150875216
0.6600604835883415
2.5637864150875216
0.6600604835883415
138.7248372140978
96.79890533928796
====================
700
4
2.5617378469039127
0.32049123109732736
2.5617378469039127
0.32049123109732736
155.9666519120981
102.89200478417578
====================
750
4
2.6173204274329214
0.7985387747707536
2.6173204274329214
0.7985387747707536
174.70953864410828
111.31630543412616
====================
800
4
2.7469515299411262
0.907158283515469
2.7469515299411262
0.907158283515469
191.72475334669474
112.87802936729491
====================
850
4
2.2268258854893004
0.5642476619027974
2.2268258854893004
0.5642476619027974
208.02670015706187
115.29316887408882
====================
900
4
-3.064577858439997
-5.220579456946975
3.064577858439997
5.220579456946975
217.83671632422792
110.55218629922037
====================
950
4
-4.037003086226245
-6.830888334535439
4.037003086226245
6.830888334535439
233.11726788410846
104.603409846038
====================
1000
4
-4.28850319120082
-7.101345065459053
4.28850319120082
7.101345065459053
251.3152268072167
104.86555726572787
====================
0
4
0.0
-2.4775098505497027e-08
0.0
2.4775098505497027e-08
0.0
3.349351872469885e-07
