====================
0
1
0.0
-9.23710012198509e-09
0.0
9.23710012198509e-09
0.0
1.3428462667864177e-07
====================
50
1
0.06382242576269137
0.05002762098486757
0.06382242576269137
0.05002762098486757
0.28850579307480756
0.2320159452422656
====================
100
1
0.11271393484566294
0.08883314927377128
0.11271393484566294
0.08883314927377128
1.381681888704331
1.1834420680210946
====================
150
1
0.21516624536089113
0.23463359815707086
0.21516624536089113
0.23463359815707086
4.620602963577551
0.25340033585988125
====================
200
1
0.7573096724610903
0.6859213897108963
0.7573096724610903
0.6859213897108963
8.96704674331127
2.2063965405766677
====================
250
1
1.336773207913238
1.0605596081527928
1.336773207913238
1.0605596081527928
23.066486285842835
13.717487809034619
====================
300
1
1.2203048785980133
1.2359996250111658
1.2203048785980133
1.2359996250111658
29.08083706306954
18.50926556954583
====================
350
1
1.744079196319021
1.6848354820471545
1.744079196319021
1.6848354820471545
38.64435428985422
28.70881901254625
====================
400
1
3.3209708236442057
3.3027201196231033
3.3209708236442057
3.3027201196231033
43.103311253239184
31.477224074016554
====================
450
1
3.1865859759592494
3.143865225680031
3.1865859759592494
3.143865225680031
55.24337595437592
42.86906748692815
====================
500
1
2.839716058065201
2.5408240317296156
2.839716058065201
2.5408240317296156
72.84174811267553
54.85018166823832
====================
550
1
2.761757060380643
3.0430991364869024
2.761757060380643
3.0430991364869024
93.73635547799198
70.56013439298847
====================
600
1
3.156883800085984
3.6807023729124886
3.156883800085984
3.6807023729124886
110.00205375003715
91.02763164081023
====================
650
1
2.8524220630871113
2.9028208787540137
2.8524220630871113
2.9028208787540137
126.27604841959138
107.49329606172104
====================
700
1
2.728350886027346
2.8385055697284938
2.728350886027346
2.8385055697284938
137.93546378292848
115.39587997450865
====================
750
1
2.675570406966827
3.2223332045019237
2.675570406966827
3.2223332045019237
156.02918773426782
126.1377265342832
====================
800
1
2.841412646858632
3.411374591374538
2.841412646858632
3.411374591374538
172.74804861521702
145.60814623944123
====================
850
1
2.9353554285171573
3.5022901156451023
2.9353554285171573
3.5022901156451023
191.16494616171238
166.1063273175296
====================
900
1
3.187137392836978
3.690024061216543
3.187137392836978
3.690024061216543
210.83224002169376
180.55387996840642
====================
950
1
4.825967856607781
5.490402355122955
4.825967856607781
5.490402355122955
223.332236135308
177.9487934519126
====================
1000
1
4.971910796771711
5.946069903931651
4.971910796771711
5.946069903931651
221.45230244544572
179.53252209673104
====================
0
1
0.0
-2.466002745597806e-08
0.0
2.466002745597806e-08
0.0
2.412185444684016e-07
