====================
0
3
0.0
-1.1581832531843918e-08
0.0
1.1581832531843918e-08
0.0
1.201757076050027e-07
====================
50
3
0.05267277648413171
0.044060775395045715
0.05267277648413171
0.044060775395045715
0.6623701241311857
0.6126334141290043
====================
100
3
0.14750837399626038
0.1391887782511958
0.14750837399626038
0.1391887782511958
1.642011667202296
1.3586728249324964
====================
150
3
-0.23779120785064034
-0.16898325665071656
0.23779120785064034
0.16898325665071656
2.9517592202483165
1.5471995825535698
====================
200
3
0.007859102828020013
0.020348754306317517
0.007859102828020013
0.020348754306317517
4.761763681425232
2.121331542912894
====================
250
3
-2.6965016096222643
-2.7556060638517392
2.6965016096222643
2.7556060638517392
20.817659552646738
4.00615943659485
====================
300
3
-2.751988294142692
-2.710263745217506
2.751988294142692
2.710263745217506
37.50679314430466
22.103902168696926
====================
350
3
-2.7324807226371592
-2.734251611260667
2.7324807226371592
2.734251611260667
58.1775789989663
41.17625270577241
====================
400
3
-2.163989239880252
-2.0937972585933724
2.163989239880252
2.0937972585933724
67.03567635015888
41.259126071919475
====================
450
3
-2.4930302045243162
-2.4495702504347054
2.4930302045243162
2.4495702504347054
78.59247598509592
45.17883285392659
====================
500
3
-2.8410449988895867
-3.0254251741918576
2.8410449988895867
3.0254251741918576
93.99266944870338
56.851805486514905
====================
550
3
2.1265026240476477
2.702303466212099
2.1265026240476477
2.702303466212099
101.03742116332695
48.64593934807974
====================
600
3
2.0903738811354344
2.3159686360208003
2.0903738811354344
2.3159686360208003
119.89709273598713
61.78476284753553
====================
650
3
2.916566144812104
2.8712978422829374
2.916566144812104
2.8712978422829374
139.77440795840866
81.30820044918707
====================
700
3
2.7852504079086637
2.6749062730045736
2.7852504079086637
2.6749062730045736
154.39147798006346
90.80253912630847
====================
750
3
3.008011037470189
2.958842928041058
3.008011037470189
2.958842928041058
170.75274362727077
102.98949988017267
====================
800
3
2.9622759411841106
3.1125964059018436
2.9622759411841106
3.1125964059018436
188.51263206788943
120.77500530475461
====================
850
3
-0.16443277896546427
0.24998590135321352
0.16443277896546427
0.24998590135321352
209.85085972817893
132.96189042345543
====================
900
3
-3.221047963431212
-2.5252136668304526
3.221047963431212
2.5252136668304526
222.80822085121386
128.43057864261553
====================
950
3
-3.1800779163734547
-3.4711914315176204
3.1800779163734547
3.4711914315176204
242.58603921243352
146.91047376861027
====================
1000
3
-1.6511184861662647
-2.292145982675992
1.6511184861662647
2.292145982675992
256.2037937037215
158.00691322945
====================
0
3
0.0
-2.415028180165726e-08
0.0
2.415028180165726e-08
0.0
1.5356335127173157e-07
