====================
0
0
0.0
-1.2352169828753031e-08
0.0
1.2352169828753031e-08
0.0
1.1177934733441553e-07
====================
50
0
0.01255398476079339
0.007084688781993087
0.01255398476079339
0.007084688781993087
0.6182701089247485
0.6553275297568865
====================
100
0
-0.040087635196099036
-0.04520931128563355
0.040087635196099036
0.04520931128563355
0.88997170953353
1.0584914827469165
====================
150
0
-0.12334175960901028
-0.11188290136188273
0.12334175960901028
0.11188290136188273
0.4993398258697377
0.9913876903878154
====================
200
0
-1.320094549850732
-1.7890440557865464
1.320094549850732
1.7890440557865464
9.857569571658834
1.8154933151120174
====================
250
0
-0.28438293835319595
-1.2401186800268573
0.28438293835319595
1.2401186800268573
23.158700712289264
3.237083038889115
====================
300
0
-2.0584599934562053
-2.794103790974484
2.0584599934562053
2.794103790974484
35.654590540770755
11.846447150785627
====================
350
0
-2.147273311021587
-2.8845388047332574
2.147273311021587
2.8845388047332574
55.0316357819571
33.46714237894531
====================
400
0
-2.0933521186608712
-2.304640925749069
2.0933521186608712
2.304640925749069
68.77403301168347
46.92368933810138
====================
450
0
-2.1236041157550636
-2.1079687600691166
2.1236041157550636
2.1079687600691166
85.6048881204531
65.64692256700926
====================
500
0
-2.161562006016757
-1.852344213799571
2.161562006016757
1.852344213799571
101.60400323408946
75.54499928199742
====================
550
0
-2.171341127221366
-1.6162493691477888
2.171341127221366
1.6162493691477888
120.15767108763508
86.57235443290851
====================
600
0
-0.8074178483997055
-0.6000158180197481
0.8074178483997055
0.6000158180197481
133.74076451260595
98.13191849389476
====================
650
0
-1.761863816597078
-0.9397863986502868
1.761863816597078
0.9397863986502868
146.12077201332974
105.81854110692232
====================
700
0
-0.09152028199934259
1.186803108636135
0.09152028199934259
1.186803108636135
153.9882154306481
102.37436297382992
====================
750
0
0.014616401970129811
1.4803696842119192
0.014616401970129811
1.4803696842119192
156.00878493788554
88.85975792673861
====================
800
0
0.24362299136975385
2.0039725462319735
0.24362299136975385
2.0039725462319735
156.72202659255765
79.38335802092813
====================
850
0
0.13790471578484942
1.9539849759479488
0.13790471578484942
1.9539849759479488
157.13283323798987
71.12045609940125
====================
900
0
0.23672248117850403
2.075937099693235
0.23672248117850403
2.075937099693235
154.4983060582216
50.72155471059058
====================
950
0
0.2641205869930594
2.6686585257969133
0.2641205869930594
2.6686585257969133
152.66666501308785
28.237633708625186
====================
1000
0
0.36914024815193747
2.989714603824183
0.36914024815193747
2.989714603824183
153.03868682934106
20.38361612166585
====================
0
0
0.0
-2.3439078584986623e-08
0.0
2.3439078584986623e-08
0.0
9.917821154922453e-08
