====================
0
1
0.0
1.1918684640338334e-08
0.0
1.1918684640338334e-08
0.0
6.95836950729702e-08
0.0
6.95836950729702e-08
====================
50
1
0.014192031532677118
0.01639510959537005
0.027346483431724522
0.0022030780626929314
0.4277917926150061
0.39645931704555454
0.28144280010793316
0.03360119237029347
====================
100
1
0.036351426666827
0.03526897163009535
0.03296204497618449
0.0010824550367316554
0.6287332543382743
0.5803843396159684
0.6956323185332816
0.05102574601976226
====================
150
1
0.10405145220786283
0.09440407210703738
0.05118665452192772
0.009647380100825442
0.7699993968593455
0.5302297106740201
0.7379446836307637
0.25149338285024514
====================
200
1
0.07906122830535199
0.06053444254289769
0.06742043280592211
0.01852678576245429
1.0503369937904334
0.635224055337664
0.5151061400692231
0.5737137531898355
====================
250
1
0.0419626248266991
0.010976463965968186
0.06796018793978154
0.030986160860730916
1.8849898904336757
0.7349985950803425
1.4780608420436174
1.1501557931662192
====================
300
1
0.05805835700557793
0.012368055157677471
0.03449379880468184
0.0704264121632554
2.2693864641039077
0.7303533960199036
1.820673028046013
2.974232700702737
====================
350
1
0.16752884427929482
0.08807094212154531
0.051851103054121106
0.0794579021577495
3.203545593280918
0.7904388363992775
2.0678925600589886
3.9772508970428557
====================
400
1
0.13895937596450422
0.013319050357768092
0.07133850799905064
0.12564032560673613
4.5438570399296925
2.088199153183282
2.5982562026830682
6.461245008701854
====================
450
1
0.1100533162640216
0.023246542517997293
0.0778478729270573
0.1332998587820189
6.025169346334079
1.902533021003063
3.5185406413409006
7.850028499824099
====================
500
1
0.06562698768291586
0.0700543547186494
0.019974141882726837
0.13568134240156526
6.776414612851327
2.466063647057519
3.8706233558933087
9.125100674262988
