====================
0
2
0.0
1.1590646189288333e-08
0.0
1.1590646189288333e-08
0.0
4.3138123965971985e-08
0.0
4.3138123965971985e-08
====================
50
2
0.06958046418596697
0.0704652906384775
0.03630275423934304
0.0008848264525105343
0.10774180775069023
0.10268505944549841
0.18025203735094522
0.008682132605015712
====================
100
2
0.06357292526920899
0.06475011138710807
0.05093473423024264
0.0011771861178990761
0.60525050970813
0.5937484583961338
0.2969227894981364
0.01162618816668748
====================
150
2
0.036988884300721336
0.03359354057693298
0.004090208615361357
0.0033953437237883577
0.7350581121059339
0.7933171507467373
0.6707845274684462
0.05835331274699053
====================
200
2
0.010937145989903673
0.004800301482772808
0.010002405015187085
0.01573744747267648
0.6362539844428111
0.7262054112966203
0.5105658894382025
0.4050807757348214
====================
250
2
0.07157175738405175
0.07705038409199494
0.03522405246377747
0.0054786267079431905
0.9324734709043578
1.02100450753572
0.8988747067568778
0.13762445858852257
====================
300
2
0.03391901362341443
0.030785855324483524
0.02985048197745499
0.003133158298930905
1.5508770801666543
1.391785076451154
1.2344555827769708
0.1732055765028722
====================
350
2
0.033370989975350485
0.026636457707087224
0.005169396491865763
0.00673453226826326
1.8225000382158465
2.0537889063077492
1.730651276077804
0.23733884556820878
====================
400
2
0.0410803126064882
0.03129402246585978
0.025925366387755687
0.07237433507234799
1.8470860632121042
3.7336892806730084
1.7487847211766987
2.5475944988015065
====================
450
2
0.017708897352377795
0.040761938662634556
0.0435455929835773
0.05847083601501235
2.3274606375244375
4.0349066419131665
2.070994600978316
3.0022991841231335
====================
500
2
0.028676013769431297
0.011991841045450702
0.02259095682393797
0.040667854814882
2.078310984140312
4.094232994763057
1.5701055480572463
3.2251277246376002
