====================
0
0
0.0
1.2799150074664468e-08
0.0
1.2799150074664468e-08
0.0
1.7808284564679104e-07
0.0
1.7808284564679104e-07
====================
50
0
0.05548265500079341
0.05556132520910628
0.03441319355193051
7.867020831286986e-05
0.45290260775953617
0.44290916446024114
0.23927695752198994
0.021606790877566395
====================
100
0
0.031040746419782828
0.024836223022540516
0.024737915603394
0.006204523397242312
1.0942388557236922
0.9617125578313789
0.7366543405980823
0.1364958249336584
====================
150
0
0.02865111635470652
0.024667575850573442
0.0662717886367139
0.003983540504133076
1.8011197597142357
1.61056911062486
1.7269193167757781
0.19071979000891537
====================
200
0
0.0447299849621711
0.02944632440838975
0.04945766370540625
0.015283660553781352
2.2570052566401295
1.779956200510228
2.352388282978442
0.4771502199663603
====================
250
0
0.08868118559407923
0.054357426908500095
0.02745086992805046
0.03432375868557913
3.1004760546549672
1.9984126059991862
2.6872697861085126
1.12145696165495
====================
300
0
0.014745231732415931
0.0511686171911343
0.03826616545011863
0.03642338545871837
3.437914453766924
1.9672721225285346
2.788209446390231
1.470642341222734
====================
350
0
0.03561747111128488
0.04602696363952341
0.027736552031180084
0.010409492528238529
3.015180472470162
2.1839454640133313
2.291045135027607
0.8416195754156062
====================
400
0
0.0436398661288117
0.046002391358195185
0.03105348396526815
0.0023625252293834904
3.165140380559606
3.2907934990434016
2.3986616929515057
0.13819952989849726
====================
450
0
0.001722198838167932
0.006321082782338561
0.011203176867291553
0.008043281620506493
3.53007404201541
3.149333334010491
2.584535505782138
0.3948746890243624
====================
500
0
0.0516639818125868
0.05164377840106393
0.04210803966572341
2.0203411522867754e-05
3.072279204793604
2.988122455146482
2.078395437184544
0.17602120792264955
