====================
0
4
0.0
1.2754806306098618e-08
0.0
1.2754806306098618e-08
0.0
1.5878931935181942e-07
0.0
1.5878931935181942e-07
====================
50
4
0.06758792295240568
0.061799216135083324
0.0330891711670116
0.005788706817322353
0.2882521539092532
0.25526418317636684
0.04439879529971096
0.04812417600817224
====================
100
4
0.03346495203734534
0.027287688528482068
0.04491674732667539
0.006177263508863273
0.7077498247148063
0.6097596344882845
0.5300161692529224
0.10094722793019732
====================
150
4
0.029364335671660635
0.03263741996869873
0.07980777136502004
0.003273084297038098
0.8638771629398128
0.9079531594345474
1.0724613923809705
0.05069369380255547
====================
200
4
0.05695753372408946
0.057898655241742876
0.06847573543237394
0.0009411215176534185
0.8963262143947494
1.0078587334143994
1.184981721790238
0.1332845901675296
====================
250
4
0.16043737996039575
0.12999110444127315
0.10745566966924902
0.0304462755191226
2.020882809200242
1.201878392097518
2.1156781363259345
0.8355196398500643
====================
300
4
0.15317557817302774
0.10802479893241257
0.126446760354189
0.04515077924061517
3.4214659246783072
1.7059499821957125
3.17565466665116
1.742265843335461
====================
350
4
0.0839192712132315
0.0367133810587994
0.11197164909093771
0.047205890154432106
4.422880816520991
2.3884849126253185
4.253456260203544
2.0645988826099897
====================
400
4
0.10138467301572475
0.07310460054548246
0.09503411375296553
0.028280072470242303
4.698121107300316
3.347894381202982
4.683118467702581
1.3658485429083524
====================
450
4
0.1499596538133201
0.0916724930633297
0.11757551487034168
0.05828716074999041
5.959820917152022
3.411308190415882
5.713512096961993
2.5876902064002163
====================
500
4
0.04980675012363278
0.013998501269964159
0.05196501913961127
0.06380525139359694
7.202437793787247
3.8654457242987603
6.722924165804164
3.36377500470502
