====================
0
3
0.0
9.75612723107237e-09
0.0
9.75612723107237e-09
0.0
1.5526839175898546e-07
0.0
1.5526839175898546e-07
====================
50
3
0.022204373019175216
0.02300126922665613
0.01358075389943414
0.0007968962074809127
0.17171197039129873
0.17055158644539647
0.13826090265785854
0.0013546729971947663
====================
100
3
0.005239570400000559
0.004305933772972281
0.01370959808380734
0.0009336366270282781
0.4250484267467652
0.4447559430020645
0.07616997278796768
0.020714076060290045
====================
150
3
0.040864439703397926
0.03819217186289059
0.020369342766880072
0.0026722678405073363
0.37979228884364324
0.39702876592952774
0.49358348775719896
0.06937269383320524
====================
200
3
0.017545450470313154
0.030183359786284607
0.008847820190344014
0.012637909315971453
0.8106236735166876
0.9322435334436101
0.5166593630651691
0.31882334796829914
====================
250
3
0.07220654014199979
0.07589077455153936
0.02503074605961708
0.0036842344095395774
0.9998868620171146
1.0914372554313714
0.7212059992488703
0.1297381192583667
====================
300
3
0.029188511509245618
0.025948131980638944
0.008977412467177981
0.003240379528606674
1.5010937742244606
1.3522985181948544
0.3971189193941173
0.18025851773619037
====================
350
3
0.010481479150867834
0.014728888409553331
0.02210263780431676
0.004247409258685497
1.4290897071084467
1.720365382942342
0.4827590027379373
0.29560410762653755
====================
400
3
0.05407581624861032
0.06858335956400397
0.05226095203018425
0.014507543315393643
1.5918534200107621
2.603207841038746
0.7011937527173273
1.0114776468224904
====================
450
3
0.08991147221263951
0.09401479213769215
0.054889035910829165
0.00410331992505264
2.2397733157082276
2.819405000472192
1.2528958337275606
0.6746427796811642
====================
500
3
0.07120872023317304
0.07774090676781231
0.0527400150759858
0.006532186534639273
2.7738064674967875
3.0593201686418747
1.4724218458462592
0.3494862459913569
