====================
0
1
0.0
0.0
-1.607537178927032e-07
-1.0403803064361425e-07
0.0
0.0
-2.98046032298771e-10
-6.267687512055865e-11
0.0
0.0
-1.2680264254048775e-08
-0.01836471283451149
====================
50
1
0.39282650191883484
0.037427236218051906
0.27174693633349634
0.025891167545989906
0.6209242769437093
0.05663664888160666
0.1703555486396766
0.015538718248913811
-0.11387308134674745
-0.0866975107413058
-0.15872341990610273
-0.1208444106320759
====================
100
1
1.6034783799771155
0.08333841596750001
0.5199802725134859
0.027025205195620634
-0.5104665824225698
-0.028051589757877964
-0.3943981302988284
-0.02167329837716654
-0.06951468851566214
-1.5614847210476908
-0.06939933614783415
-1.558893600181782
====================
150
1
2.482339121111824
0.08918449849119324
2.3991976067582357
0.08619742303548272
-1.2348503113657294
-0.047953841917456316
-2.935918570477927
-0.1140126651104071
-0.18563928709295752
-0.13401440275681187
-0.2559969613260702
-0.18480613892086778
====================
200
1
4.189781296355754
0.11611900192796823
2.134738360707864
0.059163872834687554
-4.129282249823127
-0.11883518117963998
-3.4948134694479798
-0.10057602428332092
-0.17582365549329665
-1.1657283641198222
-0.1996803956850126
-1.3239009299153328
====================
250
1
7.14170592224113
0.16763816756966987
6.679742439135886
0.15679444022566255
-6.685953957021006
-0.15149331768306162
-10.010966224694798
-0.22683292411840406
-0.4108323334241182
-0.255110083886034
-0.5937627370172629
-0.36870238616905965
====================
300
1
10.37824193664386
0.21042300297271382
7.373754553106501
0.14950582051570036
-9.544067269748375
-0.1797562173618876
-8.984173359070702
-0.16921098453160532
-0.1752149484761229
-1.166399918950374
-0.2558083899141591
-1.7029077019838939
====================
350
1
10.876065007923778
0.1865691936802867
10.44277699912299
0.1791365243854264
-11.002926653857728
-0.17925222895103413
-15.645207501132951
-0.2548811243775999
-0.1990256427612005
-0.1423029394568293
-0.42618099191017333
-0.30471856313616585
====================
400
1
11.70376274449606
0.17358746498812166
13.805073839454721
0.20475361847981174
-13.28262455849167
-0.19039148631055142
-22.961724352320047
-0.329130497398312
-0.11829646975154111
-1.2679135222485163
-0.39430778216228357
-4.226230672660192
====================
450
1
12.720090504937062
0.1676374493150854
14.409906428396326
0.18990745054744912
-15.058332936882401
-0.19214527991991215
-26.784020050113675
-0.341765788515971
-0.16978418907382742
-0.12398763978551651
-0.545631729533696
-0.398456362197279
====================
500
1
13.368130446199885
0.15692870119252855
16.04131927913562
0.18830930847215202
-16.70764031433029
-0.19400066893713105
-33.07630824340124
-0.3840653619821355
-0.09184956542025466
-1.3738992163300117
-0.5695156851524575
-8.518898809575246
