====================
0
0
0.0
0.0
-1.7191166623575782e-07
-3.438196266410695e-08
0.0
-0.0
-2.4676836436556325e-10
0.00026481942036617504
0.0
0.0
-1.2809083863151695e-08
-0.01819237323099617
====================
50
0
-0.35596670918206286
-0.0243949245787518
-0.4074505996347231
-0.02792319166726484
-0.07957988452363285
-0.011282542307135998
-0.43379361712966347
-0.061501657951985644
-0.11957515388733886
-0.08958640253838426
-0.10828723947615959
-0.08112943124139135
====================
100
0
0.44135735271278875
0.018659179565545195
0.2951719806186297
0.012478928820892956
-1.3651284190470925
-0.09352676971406565
-1.765899244782693
-0.12098411380250954
-0.10573577445540915
-1.0976262895464202
-0.12672065872207416
-1.3154670418633598
====================
150
0
1.8366132765299419
0.05807877604782658
1.85536493003546
0.05867175503713842
-2.5872028366246873
-0.11350339543135655
-3.5372342829425243
-0.15518230571900773
-0.25608239422478807
-0.17405723761396635
-0.27937598817788634
-0.18988971461751517
====================
200
0
4.487838667805626
0.11557452517065822
2.360124979015758
0.06077988626238424
-4.552035772428255
-0.1467636340212531
-4.17139821792016
-0.134491377488706
-0.18011941021068223
-1.0550887221351657
-0.1370827698572846
-0.8029922166983292
====================
250
0
5.151612761858196
0.10838350125929536
7.665474522356227
0.1612720144064589
-5.978229764051932
-0.1516618443181959
-11.98938397444763
-0.3041589496505598
-0.12872529256474663
-0.09578510062174501
-0.34163672517282273
-0.2542135072662803
====================
300
0
6.7807928121919545
0.12160397103209863
7.233320536795375
0.12971941856722355
-7.529745405215024
-0.15943770474689398
-10.968950694958608
-0.2322607509511281
-0.1349093630550295
-1.0749330774065673
-0.2738240915363753
-2.181780172390194
====================
350
0
6.497112552293444
0.09932998437545218
9.329202881873641
0.14262790878770032
-9.040066412544022
-0.16226117576560803
-19.258645114342883
-0.3456756020696592
-0.19901127088176196
-0.140725279983838
-0.5089948194522679
-0.35992151680846196
====================
400
0
8.231590463210324
0.11194261283387512
12.103486512803798
0.16459709830054092
-10.373700535434416
-0.16387141660209473
-23.277754407534808
-0.3677143539134024
-0.12643471735590955
-1.0803592923017884
-0.5061428205730126
-4.32488885073094
====================
450
0
7.221801047886487
0.086067849997197
11.897834059790014
0.14179579170894435
-12.342466460786447
-0.17083346622592768
-28.57197071924419
-0.39546785971684806
-0.10899957322252507
-0.08231532374770995
-0.5227341615996306
-0.3947633047903462
====================
500
0
8.25620221042692
0.08903202335624923
16.35802117940885
0.17639923134002794
-14.012070695821606
-0.1747678275082582
-35.08069065625825
-0.4375496118008997
-0.13966985464427054
-1.0721946808610219
-0.5478828993399603
-4.205897771592745
