====================
0
3
0.0
-0.0
1.342907625101475e-07
-3.3198902291591476e-08
0.0
0.0
-1.3075673876983274e-10
-4.4491287725467395e-11
0.0
0.0
-9.237055325116027e-09
-0.013223846901385453
====================
50
3
0.3161792619173358
0.06346169846706694
0.09526414330936372
0.01912087560949176
0.021423530548785763
0.002198086498467677
0.012772496147025691
0.0013104773402579449
-0.16090766373516097
-0.11827207946025431
-0.12451378865808604
-0.09152146246001631
====================
100
3
1.9601385501893471
0.14744838629655488
1.088300871602577
0.08186574735109062
-1.9378381601144898
-0.10881570084565274
-1.609237026728941
-0.09036371483155146
-0.14403760580709482
-1.2099805585258798
-0.10869867621722651
-0.9131176835616709
====================
150
3
2.077077944334391
0.09170795006863626
2.288494390808321
0.10104249091714197
-2.476709440778638
-0.09837456044305527
-3.7250176484658226
-0.14795719181949885
-0.14388546963766036
-0.10710026444286475
-0.17964426647340748
-0.13371710495435996
====================
200
3
4.066182445100203
0.13281577383981508
2.1359784850242107
0.06976854561347538
-5.37436063901799
-0.15725215074748045
-4.18945090212247
-0.12258205376595409
-0.29026843803465335
-1.0942290974761402
-0.24257784259676568
-0.9144491752860825
====================
250
3
4.934345572418273
0.12581489607095472
5.150139059004083
0.13131715258888982
-7.980928831810054
-0.18299727934888876
-11.01543527494605
-0.2525764517689263
-0.295786358707665
-0.197801980842311
-0.3878206405276494
-0.2593483054562346
====================
300
3
7.1865933182454285
0.15315937460169554
5.201708742724492
0.11085787418542327
-11.7023912581042
-0.21899630124513195
-10.773235145342134
-0.2016082522997268
-0.29899119478948344
-1.0912292691559728
-0.26874878181074846
-0.9808534226848618
====================
350
3
8.268525894882046
0.1494876552299007
8.432946070009478
0.15246022697542827
-14.253798118506523
-0.22691027199597003
-17.130209674195044
-0.272700686806617
-0.1672646634244468
-0.12237287137910009
-0.15453269517748258
-0.11305800785209874
====================
400
3
10.11355710458011
0.15946227700264615
12.194896296071278
0.19227912702465505
-15.029793743942697
-0.2156490329944467
-23.98864075105395
-0.344191495169442
-0.09641740155953638
-1.3499857362034304
-0.20683325620199616
-2.8959704485791287
====================
450
3
11.34321937571562
0.158280577865999
14.205358290308425
0.19821818167399485
-15.145620686666184
-0.19761913445218945
-26.578996444179012
-0.34680112360998583
-0.09986073512514415
-0.07684903149772115
-0.2790567346976731
-0.21475147131210084
====================
500
3
11.66807801782565
0.14352605921746864
15.392414639124311
0.18933817648628257
-16.914610705822682
-0.20014405427868678
-31.8951110157307
-0.3774025273995606
-0.11118576678295884
-1.290016457636123
-0.28512934556096703
-3.308171171285566
