====================
0
2
0.0
0.0
1.1832772495168342e-07
7.65803951563985e-08
0.0
-0.0
-2.0612755946558536e-10
4.3347083464891234e-11
0.0
0.0
-9.420503597671754e-09
-0.013726398052734148
====================
50
2
0.9968923022951479
0.10078095760341572
0.15357105734964271
0.015525286115895607
-0.5506260156104208
-0.20981944162432126
-0.2640582569744785
-0.10062102854558269
-0.15686703960849213
-0.11564556337139875
-0.04913959304623061
-0.03622670470390496
====================
100
2
2.129347549747994
0.1137794235811947
0.7518085084122994
0.040172088741789846
-2.7182732733696895
-0.24950493543354285
-1.402643839315255
-0.12874590792366347
-0.1442563132579257
-1.2095956612694834
-0.043311268714050666
-0.3631669320906761
====================
150
2
2.256273001082306
0.08040939759127472
2.3179046182592593
0.08260583446190059
-3.077016166555847
-0.1701662036182066
-4.450659256491242
-0.24613188500828084
-0.06247539992705531
-0.04950291255872559
-0.14108335112288994
-0.1117885888250861
====================
200
2
2.7993539186733685
0.07470478647920512
1.660975431981214
0.04432551888693149
-4.976888655039012
-0.19079486542281796
-4.20491543133701
-0.16120036622157197
-0.1070487701137902
-1.304639064473388
-0.0650071013317785
-0.7922632252146984
====================
250
2
3.7118983357914033
0.08063784298606883
6.046294916782173
0.13135062871892897
-5.73875896013875
-0.1704114472201267
-12.538457020213702
-0.3723272961215841
-0.1597217726093576
-0.11750283783955297
-0.4040510368590886
-0.2972490392970707
====================
300
2
4.879857512263463
0.08901724544890105
5.720458455888
0.10435129574343419
-7.181982094418132
-0.17422751662547492
-11.514584771111846
-0.27933201214794506
-0.03595125317085018
-3.2817551384002135
-0.2193264113381453
-20.02087587810269
====================
350
2
5.051120341939679
0.078776026548934
8.73611019317785
0.13624621904136167
-7.352546631722042
-0.15247467133060835
-18.0084504683047
-0.3734532678081359
-0.10173664778484381
-0.07817980094954567
-0.38618451352316663
-0.29676452934530556
====================
400
2
5.242960354839582
0.07096238067973705
11.382254877061925
0.15405645835835724
-8.568241444156861
-0.15427193226720076
-23.619725102503473
-0.42527520436159744
0.017138987411136786
-0.4067602503919058
-0.42264030617515835
10.030538715129179
====================
450
2
4.464769003229563
0.05306742289884592
12.72960113084119
0.151301696919894
-6.907824933116757
-0.1137868784140236
-29.67741432180468
-0.48885146450203404
0.06214271203218491
0.054633985322728465
-0.41750537986773717
-0.3670580515385359
====================
500
2
4.419976117451924
0.04695400407848323
14.228447216722529
0.15115071911963554
-6.949019407418788
-0.10394573135707143
-34.33736737091405
-0.5136297015425791
0.016259961720593567
-0.3941204204893163
-0.6277877435989051
15.2167621140136
