====================
0
4
0.0
-0.0
9.594369743126663e-11
-2.371887158041962e-11
0.0
-0.0
-2.1060886368218235e-10
7.166172616795821e-11
0.0
0.0
-1.0430697371643232e-08
-0.015051725685312602
====================
50
4
0.038177383547250976
0.007319712495343562
0.06081162623300873
0.011659353759772471
-0.666831562092181
-0.1444192524457254
-0.8045843573239342
-0.17425310681107825
-0.09293529657335786
-0.07154347332525232
-0.10971833745223236
-0.08446339806543539
====================
100
4
-0.15808614538254773
-0.010313806191239113
-0.6224429711841335
-0.04060922704109976
-1.7617557396850145
-0.1483025668104884
-1.757816987709571
-0.14797100721069245
0.10757353773591481
-0.8532145116672121
0.11556557159129659
-0.9166029565084269
====================
150
4
-1.2828058511527978
-0.04956770485488381
1.1760427158821862
0.045442370086789294
0.40222401828108545
0.024221868705387433
-3.393504437736256
-0.20435631689342731
0.09877761014973774
0.08920649925038149
-0.13099466240541824
-0.11830186249655833
====================
200
4
-1.7864309159572542
-0.04921410737941149
0.19247935643764436
0.005302583845491907
0.11382760240784506
0.004935843025775595
-3.6751964525136067
-0.15936550006120714
-0.09146970122851236
-1.2536459859758495
-0.2922965413685975
-4.006095798716164
====================
250
4
-2.067185004301905
-0.04493153210383154
4.149296639873704
0.09018750368004198
-0.1808875151214977
-0.005980448905460016
-12.068555942470606
-0.39900698579530425
-0.06896454372226346
-0.05408840493522359
-0.5250900118260065
-0.4118243905370427
====================
300
4
-0.9328469452989907
-0.017026242533227102
4.156906499073131
0.07587150131952484
-1.1341281250776447
-0.030351117229784785
-11.642602031959719
-0.31157500754824136
-0.09924579407145298
-1.2292169758486193
-0.5822751502654231
-7.211816944159447
====================
350
4
-0.32051907608251184
-0.005039293271007244
6.877744676357111
0.10813388360806941
-2.628465770095964
-0.05745079293945077
-19.1830270975558
-0.41928646371275174
-0.33186953002957864
-0.21578851902905027
-0.836728702170693
-0.5440585264167536
====================
400
4
3.820585543944233
0.05506869713525597
10.729645295049664
0.1546536729319831
-6.826366507231647
-0.1216458674157283
-24.59068873793889
-0.4382061318723226
-0.5022236977092523
-1.0382594782433612
-0.903345138450738
-1.8675077587926041
====================
450
4
7.161132578350646
0.09489277940756739
13.049972260885752
0.17292629698978731
-9.918006530483453
-0.15004846467226057
-28.525962341645794
-0.4315662466552169
-0.5447869338548421
-0.3111545889873926
-0.9057367499841817
-0.5173107662071731
====================
500
4
12.361515004635265
0.15417051219872013
17.463498020563478
0.21780149387854472
-13.358815561986823
-0.17645484325216215
-33.61878933684498
-0.4440661805108537
-0.4896791608478717
-1.0392781020675836
-0.8020483387648161
-1.7022396334666876
