====================
0
0
0.0
0.0
4.978781158628971e-08
0.0
0.0
1.0072815004755087e-06
====================
50
0
0.024675950113125733
0.00011488023690131577
0.09525224681115807
2.9284103709276277
3.069106271760942
0.7077515510819085
====================
100
0
0.08911669582939963
0.0006232908645715796
0.3106641744402028
4.902424286007185
4.995849402557835
3.553337601869331
====================
150
0
0.1343454691341579
0.05153746196604403
0.5076407294549554
8.075129469083693
7.864885752065257
9.595134357656246
====================
200
0
0.10940535589765164
0.10142763306751651
0.8123557735106568
9.794694925299556
9.682122398787254
12.881272879062564
====================
250
0
0.1314527491217372
0.10114180416898844
1.2293699004250396
12.431217790486755
12.197539427917553
23.916312770069847
====================
300
0
0.2080438626926817
0.10187997527046111
1.6000014222551813
15.073784707114875
14.90626720728035
32.95117980507419
====================
350
0
0.23765488819365177
0.15279414637193445
2.1026375976083087
18.74108513427611
18.029745532549864
47.528949603219935
====================
400
0
0.21271279582767388
0.2026843174734067
1.8425498358648966
20.84072467862365
19.996056758152594
61.23724092962713
====================
450
0
0.234761883359609
0.20239848857487863
1.1810728292130004
23.620925369778906
22.570625083089134
65.39320061109353
====================
500
0
0.3113539864410031
0.20313665967635153
1.1293373254341326
26.887460916982075
25.842917127113463
78.16434496163852
====================
550
0
0.3409653445346128
0.25405083077782575
1.1607164287262361
31.236469628690166
29.494617918543273
91.68555220225726
====================
600
0
0.31602259577569297
0.3039410018792978
1.1381202357463536
33.80453815998569
31.727231387083332
102.30396123631996
====================
650
0
0.3380713002978353
0.3036551729807695
1.5720348364555337
36.9568158578587
34.61749352428869
122.11025105327839
====================
700
0
0.42160279453539795
0.3043933440822424
1.5538260809201918
40.938441365412736
38.52214103896486
135.7071676976115
====================
750
0
0.45121434614339995
0.3553075151837177
1.5451494992492272
46.09035333500969
42.82805859294249
148.78261914711516
====================
800
0
0.4262716917247427
0.40519768628518954
1.7001004875577737
49.28811358299925
45.498948444274745
162.64532804277064
====================
850
0
0.4483204538312813
0.40491185738666124
1.7450221252233988
53.011993847526114
48.89360989481187
177.18327652368384
====================
900
0
0.5249122199445995
0.40565002848813414
2.824757524058746
57.73004330493103
53.47015688224211
188.0347672074088
====================
950
0
0.5545235170068836
0.45656419958961036
2.806593538763185
63.631829806008035
58.488163948477876
198.35441305654444
====================
1000
0
0.5295803083769381
0.5064543706910818
2.6237221440711593
67.55542946215672
61.73921914749163
220.35346940251293
====================
0
0
0.0
0.0
5.1300963411302724e-08
0.0
0.0
8.283475857540546e-07
====================
50
0
0.01530440321412474
0.039600376464334675
0.023972936669000466
1.0215403209678462
0.8213028864993885
0.26659879004613724
====================
100
0
0.022480054311847297
0.07720454722893733
0.1821449757200635
1.781657630844949
1.734946301979419
1.9308830023205696
====================
150
0
0.012640294102182814
0.0646327179935402
0.0699233291132988
2.319785056184289
2.8678907625845107
1.2671242548325754
====================
200
0
0.05174625397329739
0.05308488875814263
0.11187221095065249
3.1802551222511326
3.483426201330558
3.006329818625593
====================
250
0
0.0668060993950561
0.09171305952274578
0.3766494041557997
3.7239333541442896
4.371134891301938
7.919775979516732
====================
0
0
0.0
0.0
3.8541108379274324e-08
0.0
0.0
5.160087591220206e-07
====================
50
0
0.3102943769887132
0.3288565346537101
0.014840030093070222
3.2550680058469066
3.0598872824449934
0.3992451581457857
====================
100
0
0.571898676531502
0.6598938842053481
0.2527342455308439
9.411836361002255
9.330743574102163
3.7837469531463928
====================
150
0
0.8813090707812092
0.940755233756988
0.40871043279522234
18.1367677572096
18.93957717709824
10.585300156040347
====================
200
0
1.2452744160015
1.2226405833086256
0.7889831093936133
21.728805533350496
22.884872931497956
12.742482190171307
====================
0
0
0.0
4.005961931632763e-08
0.0
4.005961931632763e-08
0.0
6.50279614302692e-07
0.0
6.50279614302692e-07
====================
50
0
0.009898586040283819
0.015879923624461334
0.03411642463899889
0.005981337584177515
0.08372057280947848
0.2938392373577514
0.114603434024157
0.281679884199302
====================
100
0
0.028699483977844942
0.009684275332510595
0.13641153656902727
0.038383759310355536
0.943939899049087
1.3420897073638816
1.165044793081175
1.0482158044143206
====================
150
0
0.01771894958838871
0.030305785566527632
0.08499072748379088
0.04802473515491634
1.1880869632736384
1.6774666396627622
2.6173000788427268
1.3773748354768132
====================
200
0
0.07275412875562202
0.06145138607975164
0.08417617447144053
0.011302742675870385
1.7806016459688379
2.491056943052005
3.0971123598405867
0.962095299338041
====================
0
0
0.0
2.0022519400494087e-08
0.0
2.0022519400494087e-08
0.0
2.6051093784006314e-07
0.0
2.6051093784006314e-07
====================
0
0
0.0
2.4419784751373507e-08
0.0
2.4419784751373507e-08
0.0
2.0486010952618724e-07
0.0
2.0486010952618724e-07
====================
0
0
0.0
2.278679717401062e-08
0.0
2.278679717401062e-08
0.0
2.1993300640215722e-08
0.0
2.1993300640215722e-08
====================
50
0
0.05196674130652079
3.0226315273996214
0.020445375140083932
3.074598268706142
0.1726862927424524
19.458986511150936
0.35969836683075296
19.2940432401749
====================
100
0
0.11178128925781339
7.378081584254757
0.032447307750991694
7.489862873512571
0.5823305438047377
6.806559056273438
0.6244641362251746
7.373358082030307
====================
0
0
0.0
2.0474899646361585e-08
0.0
2.0474899646361585e-08
0.0
2.1616949322738554e-07
0.0
2.1616949322738554e-07
====================
50
0
0.01740255744343777
0.0785218373539418
0.002747577575102911
0.06111927991050403
0.5850701330755217
0.7763585484525798
0.28899378982201224
0.4494957605749383
====================
100
0
0.10389461142510736
0.16556709381702683
0.002816843392873025
0.06167248239191947
0.6369584520538167
1.1936146149375804
0.569673698237101
1.2555122145423987
