====================
0
2
0.0
0.0
5.7283714323463427e-08
0.0
0.0
1.225135740990665e-07
====================
50
2
0.11700450864405543
0.08983769867653857
0.0822475090633592
2.6821932833409816
2.459406556524542
0.5055429450911895
====================
100
2
0.29465470471429445
0.18911707377262887
0.1532585437991143
3.826503780250594
3.592650083042962
1.9760195367155047
====================
150
2
0.424364968111008
0.3385724488687212
0.3178326474835629
8.228344462049048
7.0983646492846555
6.723342186409828
====================
200
2
0.49953242919189117
0.4870038239648081
0.8693207791494031
14.577582268233794
12.645867026449979
18.51982923943717
====================
250
2
0.6226598737687752
0.5852591990608975
1.2150517735999373
21.97562934922696
19.8779665543688
32.411111270792446
====================
300
2
0.8003230488690836
0.684538574156988
1.370096154375704
25.94563277268004
23.135804596202966
42.015359904785306
====================
350
2
0.9300249093522202
0.833993949253085
1.7974930852895596
33.508801793527276
29.786989955293066
61.44267394006217
====================
400
2
1.0051879418356058
0.982425324349172
2.8676440698748094
45.54021220073152
40.754359433676996
88.39340265748906
====================
450
2
1.1283192150049133
1.0806806994452614
3.302940471797096
58.601457103374045
53.574791331881265
106.07883872295787
====================
500
2
1.3059861974787927
1.1799600745413517
4.891108392361632
65.25319182359452
59.557407964154116
100.35009186217319
====================
550
2
1.4356851869437914
1.3294154496374486
4.806242611251125
75.37623188330035
69.11907092431402
96.34649886075039
====================
600
2
1.5108499360435628
1.4778468247335406
5.133291302870759
92.70580809111611
85.27589052067235
105.50890790451736
====================
650
2
1.6377208459544326
1.5761021998296298
7.021620100779011
110.90119749456615
103.07691022970796
93.12749809005538
====================
700
2
1.8153882497764142
1.6753815749257228
4.50316227505805
119.15824017936086
110.83005926401313
136.08447416027667
====================
750
2
1.9450879531052214
1.8248369500218171
5.330082481724871
130.46339263368273
122.06377474656901
139.58513309522698
====================
800
2
2.0202527782834903
1.973268325117914
2.345760286094585
152.2772784711233
142.72798905015577
169.18180615230335
====================
850
2
2.143383442859393
2.0715237002140032
2.0508988322426602
174.5537508136563
164.55644605233206
178.5926288968435
====================
900
2
2.32478837038302
2.170803075310104
2.6309080354550174
183.12059901892525
172.8089181882418
202.68283967825488
====================
950
2
2.454487581029784
2.3202584504061887
2.7499697132754766
194.09213143344456
184.2711596616603
224.27510306829026
====================
1000
2
2.5296490655826758
2.4686898255022864
2.504196926587207
219.04823710810913
208.30905106566172
237.53839449363676
====================
0
2
0.0
0.0
5.135488834688645e-08
0.0
0.0
5.604291638884956e-07
====================
50
2
0.28783786195955796
0.3070049498861499
0.17634596540928937
4.456347885587452
4.209776679208184
1.273660059018503
====================
100
2
0.5244947637732942
0.6136890108643904
0.5884922040811058
11.103308006812528
10.958616557305925
7.723372990301237
====================
150
2
0.8092016173671772
0.8701970718426348
0.8559322211412299
19.95960034051095
20.666991493527892
17.171858353995848
====================
200
2
1.1484615671358065
1.1277291328208778
0.8341598627529945
22.802459569167155
23.850031412618673
19.0810384786525
====================
250
2
1.4396334736522363
1.4354371937991188
0.872664357165424
32.92002661793768
34.34480349466346
25.173404076079215
====================
0
2
0.0
0.0
3.1715956714820756e-08
0.0
0.0
1.605258192058269e-07
====================
50
2
0.07202544702386948
0.04568346636508225
0.033781651130638135
3.1798443815752955
2.941885974748175
0.22285697704342175
====================
100
2
0.2046364801972569
0.10079452350199603
0.08081355648846023
4.608292819635296
4.4181676217362895
1.373357337747605
====================
150
2
0.28922844922158264
0.2060815806389007
0.3528079810018896
7.9782596934306484
7.342144687107623
7.822180036749864
====================
200
2
0.3192779633086341
0.31034463777580923
0.5865658339794491
13.208719666325146
11.751027361739636
15.731059662756904
====================
0
2
0.0
4.099351025686155e-08
0.0
4.099351025686155e-08
0.0
3.8016576503878367e-07
0.0
3.8016576503878367e-07
====================
50
2
0.01483681444630136
0.01291427506537457
0.05560536345580602
0.02775108951167593
0.6652344065573988
0.8510295194946509
0.569007912869468
0.30244086328098907
====================
100
2
0.010607008511974936
0.06987079259112372
0.1275911154970304
0.08047780110309866
1.2378995834258713
1.301618030963361
1.5428261240040724
1.1011269566408357
====================
150
2
0.0147568856052529
0.04433090088903402
0.07182318200409954
0.02957401528378112
1.0348223943064043
1.953970419944513
2.4524789127784397
1.1951566517984014
====================
200
2
0.08380101368899262
0.017253430069440884
0.08461980988580642
0.06654758361955174
1.0833562618227275
2.4271324723510954
2.9363496882477005
1.5370589145388938
====================
0
2
0.0
2.1265896330942198e-08
0.0
2.1265896330942198e-08
0.0
5.6067870448798813e-08
0.0
5.6067870448798813e-08
====================
0
2
0.0
2.4403625558031818e-08
0.0
2.4403625558031818e-08
0.0
2.043883053139772e-07
0.0
2.043883053139772e-07
====================
0
2
0.0
2.002262595581012e-08
0.0
2.002262595581012e-08
0.0
2.604936708128824e-07
0.0
2.604936708128824e-07
====================
50
2
0.06069343596653143
3.1359972521268116
0.09142584732110293
3.0753038161602797
0.7024516137719335
19.350528547460076
0.5360090601847488
18.698612073150333
====================
100
2
0.002460015043345365
6.915313464108652
0.11105446889161863
6.912853449065307
1.5076588679410508
6.124409137763323
1.554330272543932
4.628324563247735
====================
0
2
0.0
2.5032451609799086e-08
0.0
2.5032451609799086e-08
0.0
2.7254130458082965e-07
0.0
2.7254130458082965e-07
====================
50
2
0.055484076399687776
0.01742391845712965
0.0699465373440391
0.07290799485681743
0.1261668654636419
0.563140726673585
0.2691492968439855
0.6886015208498665
====================
100
2
0.05002573875373573
0.07433631212954595
0.04235000408255418
0.02431057337581022
0.5965670833500758
0.8132420482688106
0.8682354930085083
1.33270124154499
