====================
0
3
0.0
0.0
5.1446983198712674e-08
0.0
0.0
5.572437955114192e-07
====================
50
3
0.10159194023535223
0.12426061387698084
0.01905500376201985
2.2542617249506773
2.0376365228502817
0.050661311947332595
====================
100
3
0.15033837656538962
0.2467299970708572
0.025668157530352342
4.81722707889338
4.761041273521086
0.9899031857470367
====================
150
3
0.24687675820768828
0.31902338026473487
0.05179403003406291
7.761217186310312
8.632603629677744
1.8982168950737834
====================
200
3
0.3979635321478389
0.39234076345861324
0.2792158287663048
9.185868951207363
10.356103733501458
2.8033357699471737
====================
250
3
0.5012314151109458
0.5158341466524914
0.6076885808110346
13.08299463033027
14.57531338024084
13.581006557585658
====================
300
3
0.5499672438377907
0.6383035298463662
0.6129456804500548
19.92936971822614
21.365657745929298
14.952959154543743
====================
350
3
0.6465147812617111
0.7105969130402439
0.6640728622734986
27.307856823555333
29.70577708914072
20.546451323491894
====================
400
3
0.7976080449979507
0.7839142962341225
0.773522777375966
31.2422981622813
34.01735322868996
28.528262192792976
====================
450
3
0.9008736187701104
0.9074076794280006
0.808718166277687
38.16239209458388
41.15387192040306
31.80919317190379
====================
500
3
0.9496076241538809
1.029877062621877
0.9307107110921389
49.24098971566007
52.07928052948169
33.72713956036537
====================
550
3
1.046157002178971
1.1021704458157553
2.6102503431350637
60.9966281422372
64.63883173985465
46.80792727461962
====================
600
3
1.1972486518367533
1.1754878290096331
3.709589238857577
67.33557886522584
71.19051642965468
69.17257331821214
====================
650
3
1.300514779962202
1.2989812122035111
5.056468013991558
76.60528272901193
80.6557272559564
80.86336980322918
====================
700
3
1.34924735336907
1.4214505953973886
6.504746136636849
91.77705702436464
95.57679756479227
78.49027453480761
====================
750
3
1.4457967283457778
1.4937439785912674
7.7564604208311705
107.5861554341362
112.00024779638899
90.92329169493613
====================
800
3
1.5968885291566128
1.5670613617851448
9.206816818180744
115.61851683341521
120.07713883044588
110.27240370005303
====================
850
3
1.7001529302215648
1.6905547449790217
10.636137607149749
126.35744635965223
131.06310422112986
129.0523761941733
====================
900
3
1.7473160743693414
1.813024128172899
11.985758508287756
145.23214988878684
149.60281006988097
121.951519304095
====================
950
3
1.8438661965186915
1.8853175113667782
13.406603831225524
164.580051105579
169.36716924883112
125.05459373460052
====================
1000
3
1.9949591606315091
1.958634894560655
15.090382319811665
173.46969021568958
178.16297889847428
141.49398464323446
====================
0
3
0.0
0.0
6.038390851879778e-08
0.0
0.0
3.517745379616575e-07
====================
50
3
0.032118706996613566
0.006867043498600234
0.016482824138359886
1.1560724547893815
0.9481360284829059
0.199615550055145
====================
100
3
13.270128149295621
0.01714262955762269
0.15571576287874977
2.988587933618488
1.4778077165318164
2.374256607052042
====================
150
3
61.139029606716484
0.07759421561665203
0.1805368817763897
12.877117953832572
2.369969613352252
1.8696113951220905
====================
200
3
65.3127954622776
0.13702180167567812
0.31780736136677723
19.043263289512822
4.016097192167716
5.691495211548309
====================
250
3
63.75551159226821
0.14627338773470355
0.42665498455709217
27.00935858388323
5.982772166713596
10.515295719415063
====================
0
3
0.0
0.0
3.234668400829884e-08
0.0
0.0
1.4949077057873755e-07
====================
50
3
0.07507304364506284
0.09834412912408896
0.04115107933962858
2.1127221408442365
1.894864257438852
0.36208926146256676
====================
100
3
0.09507083564416163
0.19264260932111643
0.04164539198704631
4.238105698184612
4.176031549593614
0.8670082505701533
====================
150
3
11.800001640965808
0.236765089518145
0.014408060904506304
6.632828151622679
7.311819083539543
1.091724310761606
====================
200
3
5.342687179044386
0.281911569715174
0.37196365661817765
8.488161922267798
8.721200641038598
13.200620673675312
====================
0
3
0.0
5.045360945202278e-08
0.0
5.045360945202278e-08
0.0
5.9429580063746e-07
0.0
5.9429580063746e-07
====================
50
3
0.06260032563401863
0.07566219018181108
0.025504415988954143
0.013061864547792457
0.2531634296461962
0.431796939608714
0.2509630972362481
0.19096682439610524
====================
100
3
0.14197505404640198
0.15602471780373017
0.015273827166973675
0.01404966375732819
0.4885510847567326
0.9247345641015496
0.2411226063777936
0.5741349767104102
====================
150
3
0.1284369027802006
0.11701824887481327
0.028570988463180846
0.011418653905387322
2.150763104833162
1.1308422577180914
0.8586911338700355
1.6729004833233965
====================
200
3
0.0752709146398669
0.031077922590892638
0.04893666369583552
0.04419299204897427
3.215180367259948
1.2178711625226404
1.421629895137106
3.820368138737856
====================
0
3
0.0
2.209482102710635e-08
0.0
2.209482102710635e-08
0.0
5.261867803840151e-08
0.0
5.261867803840151e-08
====================
0
3
0.0
2.080276131908783e-08
0.0
2.080276131908783e-08
0.0
1.8205902695905736e-07
0.0
1.8205902695905736e-07
====================
0
3
0.0
2.532451046652115e-08
0.0
2.532451046652115e-08
0.0
3.1000679046734165e-07
0.0
3.1000679046734165e-07
====================
50
3
0.002173348884579651
3.2585255374834916
0.008038288046211983
3.260698886368071
1.0461793691738388
19.32448970192986
0.7592441531441202
18.4567375060495
====================
100
3
0.0056938313240695315
7.071972437897605
0.08770584404739568
7.077666269221674
1.45798933949456
7.426482381690807
1.4263657509707066
6.006785551744369
====================
0
3
0.0
2.60673974562318e-08
0.0
2.60673974562318e-08
0.0
3.719683307419075e-07
0.0
3.719683307419075e-07
====================
50
3
0.017805967635744935
0.07563319360654353
0.03813896603497802
0.09343916124228846
0.4567968622385453
0.7191963116107999
0.30347424334480877
0.5985797761242091
====================
100
3
0.03912970115965164
0.029307703700583332
0.14820967389195738
0.06843740486023497
1.109440533665371
1.3085035133476202
1.2414245484011184
1.379009157392036
