====================
0
4
0.0
0.0
6.354744626903668e-08
0.0
0.0
7.116269891004124e-07
====================
50
4
0.17550014966043315
0.1320251898636957
0.05171612943905535
0.9776233777800736
0.9342622815530064
0.37713980380842876
====================
100
4
0.40763289686832715
0.28497658691719296
0.25726090966637516
3.580325701588415
3.1840215324217636
3.298781155099263
====================
150
4
0.5908950208427886
0.4881039839706971
0.6934310439883968
9.480091446768323
7.643374504453097
13.605957633914791
====================
200
4
0.7196086460652426
0.6902073810242001
0.8498698005326552
14.628927098100396
11.896828741559878
20.99204965840195
====================
250
4
0.8952664244101469
0.842134778077698
1.315291752873608
22.87107958966185
19.91788593895049
37.112441098945744
====================
300
4
1.1274091464018672
0.9950861751311955
1.6032099897647356
29.55463237274574
26.220265538295017
49.292894361780604
====================
350
4
1.3106651813602972
1.1982135721846996
1.1499466382560826
40.406264637504734
36.24087270834722
55.928631235054596
====================
400
4
1.4408366937572068
1.4003169692382045
1.8770175490074388
53.16563322011608
47.85870831587277
93.34241601683466
====================
450
4
1.6184397540277273
1.552244366291701
3.1308254445336834
68.15725724477397
62.51333243714415
117.13493183410863
====================
500
4
1.84864059247057
1.705195763345201
3.4507083010714465
77.40989998364864
71.48977235962802
119.24696481193227
====================
550
4
2.0333557714702555
1.9083231603987016
3.231501225302175
90.16601772313555
84.0962360078315
129.2355334511013
====================
600
4
2.1635269207722585
2.1104265574522065
3.7963739291185554
109.09461808119163
101.9617565993173
148.47978810470468
====================
650
4
2.343072594466608
2.262353954505703
3.2610955488525217
129.25304526759535
121.73717617457736
176.13623994780815
====================
700
4
2.5732739536705287
2.4153053515592147
3.2887052995343886
138.62625682124673
131.06930499630172
183.5929862343307
====================
750
4
2.7579874601743755
2.6184327486127006
3.3877074541452625
150.4200753235527
143.45249625919342
194.16905733132745
====================
800
4
2.8881578300839825
2.8205361456662055
3.4255820344977477
172.93887436668334
165.31388034367322
215.54962052302122
====================
850
4
3.0623597153557807
2.972463542719705
3.5842122016299625
195.59578089219664
187.72870211802217
230.72130998049505
====================
900
4
3.300331318325817
3.125414939773224
4.824273624691503
202.8574401387944
195.22479578427314
225.37687973600714
====================
950
4
3.4865061940370143
3.3285423368267057
4.963618077932989
211.27126391657762
204.90936128225388
225.61161176927632
====================
1000
4
3.6166758389499343
3.5306457338802
5.01248295818952
233.94021698155754
227.6484448077033
239.00374457744067
====================
0
4
0.0
0.0
6.316162639452213e-08
0.0
0.0
4.955703807189852e-07
====================
50
4
0.13136065331471403
0.10435306602652683
0.000487247814017433
1.1660596803126182
1.3126164334308965
0.3423569260609569
====================
100
4
0.31619178921730473
0.2110014491294523
0.07336263933347498
3.276014272917046
3.1797075082478297
1.2941612735572126
====================
150
4
0.45370649340903
0.3678258322323682
0.2989645051827263
7.818410783824903
6.552233489349706
6.657524248719856
====================
200
4
0.536671700492007
0.5236262153352851
0.4211603141622227
11.210258249192961
9.257876701612576
12.113108018459425
====================
250
4
0.6763652793594694
0.6292505984382046
0.7349645894181618
17.070984268049145
14.9740299233632
22.433389486176168
====================
0
4
0.0
0.0
3.828832484912778e-08
0.0
0.0
5.320977041200027e-07
====================
50
4
0.08995057602787382
0.06357056174379383
0.03577069211978268
0.6290620686542577
0.48210619781735586
0.38921932926327707
====================
100
4
0.23716387881729428
0.1332200841124913
0.10930601726744982
1.4932420670010131
1.2280927152186139
1.6473544226706063
====================
150
4
0.33680554388732276
0.253045606481185
0.49370938209759596
5.0495324695888435
3.552476075432311
10.427261548908554
====================
200
4
0.3756090654159804
0.3718471288498824
0.7062360459444197
8.56058470864025
6.465751755960151
17.520721552539243
====================
0
4
0.0
4.329673498200975e-08
0.0
4.329673498200975e-08
0.0
2.322355357763847e-07
0.0
2.322355357763847e-07
====================
50
4
0.027639498108816385
0.0472420553847126
0.002376973563792184
0.019602557275896215
0.2847593099690489
0.22045424650681597
0.3930862367463673
0.2649210714475978
====================
100
4
0.05974191016980024
0.050004920496981686
0.043449384282217896
0.009736989672818552
0.43505167259524175
0.788642256933437
0.14536536477477374
0.5696928652597251
====================
150
4
0.05323693871402457
0.016916143806248174
0.05834463742791596
0.0363207949077764
1.2505605155337869
1.2624404703529277
0.6737552254668308
1.417677809485755
====================
200
4
0.016533428949357606
0.011087368544019946
0.029026101657456352
0.02762079749337755
1.6492956821671627
1.8629355557825207
0.954589393898684
2.4275562625557217
====================
0
4
0.0
2.1925690370888167e-08
0.0
2.1925690370888167e-08
0.0
5.720318087850104e-08
0.0
5.720318087850104e-08
====================
0
4
0.0
2.465991262116622e-08
0.0
2.465991262116622e-08
0.0
2.412051960352572e-07
0.0
2.412051960352572e-07
====================
0
4
0.0
2.13843426111893e-08
0.0
2.13843426111893e-08
0.0
1.1665921220020888e-07
0.0
1.1665921220020888e-07
====================
50
4
0.0033178977476859828
3.251947931004194
0.026604699223882644
3.25526582875188
0.8422115264691289
18.899897327330443
0.6667187567207551
18.436634357830606
====================
100
4
0.04621976841069397
7.209716092501424
0.044838348554606444
7.255935860912118
1.0506284164165427
6.378683909804663
0.8812698999375238
5.4360325817365345
====================
0
4
0.0
2.326047057170131e-08
0.0
2.326047057170131e-08
0.0
9.25427611902437e-08
0.0
9.25427611902437e-08
====================
50
4
0.08493535410056663
0.06455632494562757
0.09793668510241083
0.1494916790461942
0.9775522277814345
0.6694459207167757
0.7507067598848345
1.1963969178557001
====================
100
4
0.059142539805744576
0.12096784384495107
0.1344705753672919
0.18011038365069565
2.124836856762084
1.1783540706427944
1.9328616990931442
2.535287085487857
