====================
0
1
0.0
0.0
6.019346356130933e-08
0.0
0.0
1.545116874322809e-07
====================
50
1
0.24661759353901314
0.26621535034379984
0.00818768150893856
1.8809778169002371
1.986865047732669
0.30398123564545326
====================
100
1
0.4465858933933795
0.536636047546416
0.03793403564789788
4.835402048410582
5.019940553576769
1.4733173368963706
====================
150
1
0.6937800426244609
0.7568807447490277
0.01580587505363029
10.918992109398944
12.001189686881645
2.2549540329582523
====================
200
1
0.9955306563488812
0.9781494419516418
0.21720211373841475
16.13149705352649
17.485379628367117
3.063806050663939
====================
250
1
1.2500316961634041
1.2495941391542538
0.3261160350571801
26.57270944081091
27.68517403780994
2.638807749686932
====================
300
1
1.4458952607067477
1.5200148363568649
1.7588398710271531
37.99234761138094
39.093605851439044
10.38354726631486
====================
350
1
1.6930962638602267
1.7402595335594797
3.0756216512410934
52.592473440045616
54.25213532440346
36.76847589098416
====================
400
1
1.9948515205327264
1.9615282307620903
3.2921712575470483
61.64368424283708
63.27771686529671
54.72241259379187
====================
450
1
2.2493499569068
2.232972927964707
3.4691808509465427
74.73175601554817
76.4197933955943
73.56944240021082
====================
500
1
2.4493104275996633
2.5033936251673183
3.548826644674682
93.89673045391082
95.31620608849649
86.36323997494327
====================
550
1
2.6965121137417167
2.7236383223699314
3.576393551127081
114.35827516569661
115.85910131829664
104.26254443096924
====================
600
1
3.0003033552491787
2.94490701957254
3.7696983463533242
122.76630053398404
124.11730813040982
121.31003062394664
====================
650
1
3.2548032339493576
3.2163517167751574
3.779019569981226
133.16131274169862
135.01606386722707
141.09635330274372
====================
700
1
3.454762460486766
3.486772413977773
3.69339692850846
154.95954377503983
156.6263098761391
158.26418139392874
====================
750
1
3.7019650067658834
3.707017111180383
3.345285847882868
176.09354935247842
177.51497979972123
179.49827434510746
====================
800
1
4.003721352023682
3.928285808382992
4.434200889984266
180.48613786215222
181.87497668970218
196.60050705836562
====================
850
1
4.252755950940852
4.19973050558561
4.215978249310217
185.04823309341793
187.22310367886635
216.29982625802648
====================
900
1
4.452716852074931
4.470151202788225
4.648888725718605
202.93691995122694
205.34274992239278
220.35479677922388
====================
950
1
4.699918922014156
4.690395899990834
4.50434799152608
218.92413982034424
221.05354320448393
228.20973715305044
====================
1000
1
5.001674860811171
4.911664597193444
5.501536097873628
218.91800230221975
221.15162905089537
240.4020371392475
====================
0
1
0.0
0.0
6.139535675246664e-08
0.0
0.0
4.802298005578652e-07
====================
50
1
0.34821261338862364
0.3167932457510989
0.01528648053601045
1.849531722461234
1.8314709751680853
0.3779038912212498
====================
100
1
16.335458755272935
0.6432267291500628
0.05080473663658269
3.865586362951007
6.127376717056704
1.1751677823217472
====================
150
1
52.98011538923122
1.0198362125490337
0.028849072685920962
13.052871957659963
15.791458365242049
2.6090897869569454
====================
200
1
55.24108494426617
1.3954216959480052
0.0512306172682931
22.00048375980438
26.420769318074093
6.695037180077669
====================
250
1
71.44107420181899
1.7208311793469684
0.5133729395030324
33.34795363733634
42.613375532783905
10.963237559311827
====================
0
1
0.0
0.0
2.9742768559551377e-08
0.0
0.0
3.802412221815077e-07
====================
50
1
0.12316481418503145
0.09605442051079494
0.0018433646409499183
1.7885637849461762
1.5882880871189309
0.18754834950231863
====================
100
1
0.3043861460212809
0.1989164984184182
0.04533196404545148
2.7626103653992593
2.492705506957094
1.2094610472407383
====================
150
1
3.954876184927987
0.3519545763260439
0.3512240852106412
8.951961747401574
5.89329454214279
7.758250978734401
====================
200
1
3.969687247921013
0.503968654233664
0.854403329831622
23.346784562195488
10.846031845465102
18.351929864834496
====================
0
1
0.0
4.78897137432702e-08
0.0
4.78897137432702e-08
0.0
2.8274472350286126e-07
0.0
2.8274472350286126e-07
====================
50
1
0.016012629116789467
0.02232342013662203
0.03772009816514088
0.006310791019832562
0.46189147510206524
0.6501931907854508
0.38772382567031144
0.21432488299796584
====================
100
1
0.016970358208395542
0.002324509736668645
0.12955220340954332
0.014645848471726897
1.7183438405257203
2.1014013937866167
1.7578313568114394
0.6883826807164303
====================
150
1
0.022869384502822054
0.034304601810016155
0.11373903585713951
0.011435217307194101
2.404863953435022
3.127343711559222
3.3414271003084277
0.9214309557417796
====================
200
1
0.030557205507204404
0.04334118962267001
0.03931174738213662
0.07389839512987442
3.288670754261764
4.0129839459570995
3.530898071859579
1.636423662044799
====================
0
1
0.0
2.4793894458479707e-08
0.0
2.4793894458479707e-08
0.0
3.323090787451428e-07
0.0
3.323090787451428e-07
====================
0
1
0.0
2.0022625955801225e-08
0.0
2.0022625955801225e-08
0.0
2.6049365638833337e-07
0.0
2.6049365638833337e-07
====================
0
1
0.0
2.343916465826725e-08
0.0
2.343916465826725e-08
0.0
9.919503909496416e-08
0.0
9.919503909496416e-08
====================
50
1
0.011320239627319761
3.223791507748407
0.051485655958026344
3.212471268121087
0.718514106595497
19.579228159942897
0.6991700186157147
19.13735348713727
====================
100
1
0.03384209502078539
7.448133489226231
0.06040254058409511
7.481975584247016
1.1322798377813363
7.319169118331123
1.3942406236952893
6.248538727912302
====================
0
1
0.0
2.3377904241400322e-08
0.0
2.3377904241400322e-08
0.0
9.808110835733856e-08
0.0
9.808110835733856e-08
====================
50
1
0.01790217489332524
0.06764532037096238
0.010462158540229582
0.04974314547763714
0.671556578054467
0.9907488056495317
0.4677029575806267
0.3375081126004061
====================
100
1
0.06218851498103062
0.09268485010881644
0.033189681094268675
0.030496335127785823
0.5129519710990333
1.1032092592699272
0.75408425191992
1.3960211754789185
