====================
0
4
0.0
-2.0985289335255523e-08
2.0985289335255523e-08
0.0
2.0985289335255523e-08
2.0985289335255523e-08
0.0
8.805741149713296e-08
1.1061052275877068
====================
50
4
0.0036087259979165065
0.0060030641550787855
-0.002394338157162279
0.0036087259979165065
0.0060030641550787855
0.002394338157162279
0.030525430947356574
0.030830820278632178
1.3567643961003162
====================
100
4
-0.04803481345234717
-0.04135152106945705
-0.006683292382890116
0.04803481345234717
0.04135152106945705
0.006683292382890116
0.03850062001659422
0.12369770536543463
13.589040481226911
====================
150
4
-0.02722208556498318
-0.03386624308277253
0.006644157517789351
0.02722208556498318
0.03386624308277253
0.006644157517789351
1.6882567186096225
0.7825110425471395
28.52472525004182
====================
200
4
0.19218782931294537
0.1722588690093607
0.019928960303584695
0.19218782931294537
0.1722588690093607
0.019928960303584695
3.374010313381266
1.5962676293975513
23.27583134849144
====================
250
4
0.18057148750168128
0.1867938300080656
-0.006222342506384315
0.18057148750168128
0.1867938300080656
0.006222342506384315
1.180045926572254
1.4972821317135183
21.6403478154595
====================
300
4
0.025200097967156943
0.03293907721455902
-0.007738979247402078
0.025200097967156943
0.03293907721455902
0.007738979247402078
2.564826654832118
2.5722965606701047
36.139690129715106
====================
350
4
0.20046248071136552
0.19718935475712152
0.003273125954244005
0.20046248071136552
0.19718935475712152
0.003273125954244005
3.409755883391394
2.893481774028611
49.95629383142934
====================
400
4
0.32489243999165435
0.32031196255405736
0.0045804774375970275
0.32489243999165435
0.32031196255405736
0.0045804774375970275
4.817538185155327
4.233921606628666
45.923625977649486
====================
450
4
0.2575569097798647
0.2543671252700279
0.003189784509836757
0.2575569097798647
0.2543671252700279
0.003189784509836757
7.713827191591608
6.601692993854642
42.743244601768424
====================
500
4
0.2353576060793885
0.24862807118851027
-0.013270465109121776
0.2353576060793885
0.24862807118851027
0.013270465109121776
9.42319206840862
8.978090488562021
58.05393250550897
====================
0
4
0.0
-3.4739013667901915e-08
3.4739013667901915e-08
0.0
3.4739013667901915e-08
3.4739013667901915e-08
0.0
9.796183616365468e-08
9.796183616365468e-08
====================
0
4
0.0
-2.3562381603694346e-08
2.3562381603694346e-08
0.0
2.3562381603694346e-08
2.3562381603694346e-08
0.0
2.0303013484398108e-07
2.0303013484398108e-07
====================
0
4
0.0
-2.1339347088755624e-08
2.1339347088755624e-08
0.0
2.1339347088755624e-08
2.1339347088755624e-08
0.0
1.2908897599280212e-07
1.2908897599280212e-07
====================
0
4
0.0
-9.85050490797763e-09
9.85050490797763e-09
0.0
9.85050490797763e-09
9.85050490797763e-09
0.0
7.39628719466915e-08
7.39628719466915e-08
