====================
0
2
0.0
-2.1925796024780195e-08
2.1925796024780195e-08
0.0
2.1925796024780195e-08
2.1925796024780195e-08
0.0
5.719012398412761e-08
6.300424701393879
====================
50
2
0.0011936915516175262
0.015324926537110262
-0.014131234985492735
0.0011936915516175262
0.015324926537110262
0.014131234985492735
0.16678750075658028
0.20591133330794106
8.754301962173638
====================
100
2
-0.007077760275519651
0.0038334479756527706
-0.010911208251172422
0.007077760275519651
0.0038334479756527706
0.010911208251172422
1.1969188120873362
1.1525763830897375
6.078585604330641
====================
150
2
0.018403080421736995
0.027680268540460684
-0.00927718811872369
0.018403080421736995
0.027680268540460684
0.00927718811872369
1.2088510483092594
1.3086231237585968
20.33704643745457
====================
200
2
0.16722804376079708
0.1565226352285343
0.010705408532262803
0.16722804376079708
0.1565226352285343
0.010705408532262803
1.4844593324742015
1.2652975010792102
16.149714459790943
====================
250
2
0.06284620816487685
0.04797395632054324
0.014872251844333606
0.06284620816487685
0.04797395632054324
0.014872251844333606
2.580126108662941
1.2263385868237031
12.488632497324925
====================
300
2
0.04943937468320003
0.052700213185159495
-0.003260838501959462
0.04943937468320003
0.052700213185159495
0.003260838501959462
4.522907822791765
2.9251788976672004
27.123868587700933
====================
350
2
-0.16994231414751138
-0.15442803945628514
-0.015514274691226237
0.16994231414751138
0.15442803945628514
0.015514274691226237
2.8807414575497465
2.9364701689895094
42.9403184180705
====================
400
2
0.0026546462458751294
0.006889239836575696
-0.004234593590700567
0.0026546462458751294
0.006889239836575696
0.004234593590700567
6.272913612423733
4.662938841796155
38.79282512710104
====================
450
2
0.1309883105039622
0.1277669160601398
0.003221394443822412
0.1309883105039622
0.1277669160601398
0.003221394443822412
3.517021057191296
5.528709043855921
38.82745307792134
====================
500
2
-0.04520254129871315
-0.03128174194676614
-0.01392079935194701
0.04520254129871315
0.03128174194676614
0.01392079935194701
4.674739690732653
6.490364309906346
52.875915055813735
====================
0
2
0.0
-2.944656886187374e-08
2.944656886187374e-08
0.0
2.944656886187374e-08
2.944656886187374e-08
0.0
4.0835334359398856e-07
4.0835334359398856e-07
====================
0
2
0.0
-2.410436326190392e-08
2.410436326190392e-08
0.0
2.410436326190392e-08
2.410436326190392e-08
0.0
2.5666573801339914e-07
2.5666573801339914e-07
====================
0
2
0.0
-2.0443506209213858e-08
2.0443506209213858e-08
0.0
2.0443506209213858e-08
2.0443506209213858e-08
0.0
1.358947990269377e-07
1.358947990269377e-07
====================
0
2
0.0
-1.0070772472885344e-08
1.0070772472885344e-08
0.0
1.0070772472885344e-08
1.0070772472885344e-08
0.0
4.25388185576745e-08
4.25388185576745e-08
