====================
0
0
0.0
-2.465993268048581e-08
2.465993268048581e-08
0.0
2.465993268048581e-08
2.465993268048581e-08
0.0
2.412022295578354e-07
5.000054512867009
====================
50
0
-0.028018966860067662
-0.034197080807241154
0.006178113947173491
0.028018966860067662
0.034197080807241154
0.006178113947173491
1.055357755439813
1.0521668925814618
7.449334486453553
====================
100
0
-0.09870653781399241
-0.09135636766072608
-0.007350170153266333
0.09870653781399241
0.09135636766072608
0.007350170153266333
0.7320523982720761
0.7939043387608847
7.526800136834238
====================
150
0
-0.06587407296682946
-0.06796974464105321
0.0020956716742237536
0.06587407296682946
0.06796974464105321
0.0020956716742237536
2.856652326638565
1.8718109926121458
22.57298860315419
====================
200
0
0.09345227349514845
0.0943269377261
-0.0008746642309515433
0.09345227349514845
0.0943269377261
0.0008746642309515433
3.087889416596548
1.31807435104762
17.690367417376585
====================
250
0
0.05948676059911251
0.05762427696378736
0.0018624836353251517
0.05948676059911251
0.05762427696378736
0.0018624836353251517
1.1642547842171052
0.6143234302625993
16.91665816313824
====================
300
0
0.09854168729286616
0.10231010305538346
-0.0037684157625172965
0.09854168729286616
0.10231010305538346
0.0037684157625172965
0.654423532048638
1.8024358929418403
31.179347786271286
====================
350
0
0.2650413701055412
0.267560465117616
-0.0025190950120748123
0.2650413701055412
0.267560465117616
0.0025190950120748123
1.8558062385182668
1.945175771282989
45.606756976578836
====================
400
0
0.4708580200992809
0.4599265340466633
0.010931486052617623
0.4708580200992809
0.4599265340466633
0.010931486052617623
3.939668557971333
3.6726689933664645
40.37797042625937
====================
450
0
0.3129884861896709
0.3133549672743
-0.0003664810846291111
0.3129884861896709
0.3133549672743
0.0003664810846291111
10.268891664931052
7.552203213258666
35.56068224622608
====================
500
0
0.2770017730069103
0.3034160724327606
-0.026414299425850274
0.2770017730069103
0.3034160724327606
0.026414299425850274
11.007430899071126
10.574183240047315
51.69470004917489
====================
0
0
0.0
-3.447911735347617e-08
3.447911735347617e-08
0.0
3.447911735347617e-08
3.447911735347617e-08
0.0
6.06772873871916e-08
6.06772873871916e-08
====================
0
0
0.0
-2.08028002731142e-08
2.08028002731142e-08
0.0
2.08028002731142e-08
2.08028002731142e-08
0.0
1.8206194365939118e-07
1.8206194365939118e-07
====================
0
0
0.0
-2.135213120792723e-08
2.135213120792723e-08
0.0
2.135213120792723e-08
2.135213120792723e-08
0.0
1.345401762162933e-07
1.345401762162933e-07
====================
0
0
0.0
-1.2858406511343744e-08
1.2858406511343744e-08
0.0
1.2858406511343744e-08
1.2858406511343744e-08
0.0
1.7639732884318118e-07
1.7639732884318118e-07
