====================
0
3
0.0
-2.4419769960864605e-08
2.4419769960864605e-08
0.0
2.4419769960864605e-08
2.4419769960864605e-08
0.0
2.0486313910115808e-07
6.983965378097949
====================
50
3
0.032813609401030064
0.029171253565098088
0.0036423558359319763
0.032813609401030064
0.029171253565098088
0.0036423558359319763
0.2594456765249294
0.24346533803928322
4.478271756722789
====================
100
3
0.005712330735053506
0.004019368190592676
0.0016929625444608298
0.005712330735053506
0.004019368190592676
0.0016929625444608298
1.1539214072767934
1.055941068749449
19.23845849546697
====================
150
3
0.03320459086067862
0.031248683335466154
0.0019559075252124636
0.03320459086067862
0.031248683335466154
0.0019559075252124636
1.3407198911906295
1.0171249282518362
33.169336016419486
====================
200
3
0.1335964079690123
0.13070247794798906
0.0028939300210232555
0.1335964079690123
0.13070247794798906
0.0028939300210232555
2.182037071453534
1.9518420138302126
29.509547671235712
====================
250
3
0.10082995435570474
0.11091555109104356
-0.01008559673533882
0.10082995435570474
0.11091555109104356
0.01008559673533882
2.9409334829507023
2.76698482738191
26.772920114531427
====================
300
3
-0.21659869373397944
-0.21450838148093965
-0.0020903122530397944
0.21659869373397944
0.21450838148093965
0.0020903122530397944
3.0137290543447377
2.7474321453411497
41.60629004464837
====================
350
3
-0.22588677166766447
-0.22794726342208516
0.00206049175442069
0.22588677166766447
0.22794726342208516
0.00206049175442069
0.037177661399710175
2.4283663144164342
58.24590205189566
====================
400
3
-0.10203712955674192
-0.0977025041058039
-0.004334625450938018
0.10203712955674192
0.0977025041058039
0.004334625450938018
6.432666359052089
4.794546143475095
53.855539381454285
====================
450
3
-0.01869930744451853
-0.016150777251832782
-0.0025485301926857495
0.01869930744451853
0.016150777251832782
0.0025485301926857495
3.332360444573935
7.578819074820285
56.48313787763588
====================
500
3
0.01267151025959068
0.022022843942402393
-0.009351333682811713
0.01267151025959068
0.022022843942402393
0.009351333682811713
5.023319484409989
8.79765601971881
69.58693510954909
====================
0
3
0.0
-3.1569471696250545e-08
3.1569471696250545e-08
0.0
3.1569471696250545e-08
3.1569471696250545e-08
0.0
2.3232669367431495e-07
2.3232669367431495e-07
====================
0
3
0.0
-2.3590422258379946e-08
2.3590422258379946e-08
0.0
2.3590422258379946e-08
2.3590422258379946e-08
0.0
1.0564344157221332e-07
1.0564344157221332e-07
====================
0
3
0.0
-2.5020860829513068e-08
2.5020860829513068e-08
0.0
2.5020860829513068e-08
2.5020860829513068e-08
0.0
3.572931715104895e-07
3.572931715104895e-07
====================
0
3
0.0
-1.1336171280730675e-08
1.1336171280730675e-08
0.0
1.1336171280730675e-08
1.1336171280730675e-08
0.0
8.269240656332597e-08
8.269240656332597e-08
