====================
0
1
0.0
-1.948131009233268e-08
1.948131009233268e-08
0.0
1.948131009233268e-08
1.948131009233268e-08
0.0
2.4509069797749616e-07
3.2101351213126197
====================
50
1
0.033008339141186616
0.04048003657398902
-0.007471697432802404
0.033008339141186616
0.04048003657398902
0.007471697432802404
0.1617635194053871
0.19693524581551972
0.7443562416137854
====================
100
1
-0.0013286926178768255
-0.002830269442796851
0.0015015768249200256
0.0013286926178768255
0.002830269442796851
0.0015015768249200256
0.7703332246915363
0.7814453761847996
15.565022618398551
====================
150
1
0.08780540416427773
0.10129647443335887
-0.01349107026908114
0.08780540416427773
0.10129647443335887
0.01349107026908114
0.7127986017106555
0.6843569037185179
29.78802130249913
====================
200
1
0.1166832964787712
0.11261920218494306
0.004064094293828126
0.1166832964787712
0.11261920218494306
0.004064094293828126
1.3040812827780675
1.244557380294722
25.895830448487562
====================
250
1
0.3018530978160162
0.3047596759718184
-0.0029065781558021975
0.3018530978160162
0.3047596759718184
0.0029065781558021975
4.387251131632118
2.865366671167774
21.780280364453095
====================
300
1
-0.061141486526555155
-0.07606989971222688
0.01492841318567173
0.061141486526555155
0.07606989971222688
0.01492841318567173
6.357022191749525
3.6517940348865157
36.060891611462615
====================
350
1
0.05668344963670591
0.06027080205414892
-0.0035873524174430127
0.05668344963670591
0.06027080205414892
0.0035873524174430127
5.419948967993637
3.2042405834059577
50.23504072237914
====================
400
1
0.1987214696649074
0.1957214114048226
0.003000058260084766
0.1987214696649074
0.1957214114048226
0.003000058260084766
5.780022358284044
5.110806797606933
48.26111998028074
====================
450
1
0.1888653343753275
0.18578156544331814
0.0030837689320093453
0.1888653343753275
0.18578156544331814
0.0030837689320093453
8.609203904171837
7.060171579051925
44.33125008081827
====================
500
1
0.14390451640376067
0.13550229904019284
0.008402217363567832
0.14390451640376067
0.13550229904019284
0.008402217363567832
9.78088482208903
8.402036256623482
59.18829198315147
====================
0
1
0.0
-3.6731383176738e-08
3.6731383176738e-08
0.0
3.6731383176738e-08
3.6731383176738e-08
0.0
4.03082402924017e-07
4.03082402924017e-07
====================
0
1
0.0
-2.019022851726815e-08
2.019022851726815e-08
0.0
2.019022851726815e-08
2.019022851726815e-08
0.0
1.700846363623117e-07
1.700846363623117e-07
====================
0
1
0.0
-2.1405457767905686e-08
2.1405457767905686e-08
0.0
2.1405457767905686e-08
2.1405457767905686e-08
0.0
3.4869373665591015e-08
3.4869373665591015e-08
====================
0
1
0.0
-1.2266143615056432e-08
1.2266143615056432e-08
0.0
1.2266143615056432e-08
1.2266143615056432e-08
0.0
1.985103859463135e-07
1.985103859463135e-07
