====================
0
1
0.0
0.0
-2.7254057899384065e-07
-1.7638523966543546e-07
0.0
0.0
-6.320179934959924e-10
-1.329087072355421e-10
0.0
0.0
-2.5032451609802898e-08
-0.03561710051550175
====================
50
1
-1.4104625450953332
-0.11468367944837264
-1.4854451637845631
-0.12078046141245803
-1.334561037758732
-0.10330058888787697
-1.2008771140319325
-0.09295289578497298
-0.16281318811759515
-0.11950136962150733
-0.10173720759639981
-0.07467291679379329
====================
100
1
-0.07095580021784897
-0.0033926737107903334
-1.306352466093184
-0.06246180939589469
-3.475382109592992
-0.16421813734189888
-1.9684077547733452
-0.09301085314503278
-0.2495239155489659
-1.1111059396905485
-0.10217827263839198
-0.45498999719551364
====================
150
1
1.2819829356146357
0.04415573044836304
-0.5029527043198314
-0.017323353863188642
-5.993198299978975
-0.19643097804299872
-3.9161117362067124
-0.12835311297332663
-0.26474628000173905
-0.18079181573087538
-0.1435029597859585
-0.09799631806833248
====================
200
1
4.163490548727594
0.11531005931588513
0.8937509137136246
0.024752901361921025
-7.7630731201970455
-0.2022502036955392
-4.70489426367012
-0.12257591915727087
-0.2835402373365667
-1.096490403105278
-0.16114314162198914
-0.6231634351953007
====================
250
1
6.489208436856032
0.15002932131711635
1.6995253791046352
0.03929271831370212
-10.281959822412091
-0.21541096422372208
-5.956479214937232
-0.12479050231954537
-0.24707496535995377
-0.17078525639337566
-0.04254863146115628
-0.02941082647808647
====================
300
1
8.493323525732265
0.16587218590269248
0.9384525362507574
0.018327710357697476
-12.147267751057647
-0.218082538594183
-4.923497903315898
-0.08839262816321639
-0.2630103345074366
-1.1048116121252536
0.01034817913577249
0.04346897050629186
====================
350
1
10.067955260621268
0.17035131480656066
2.5810156612074806
0.04367117255106747
-13.653042986896693
-0.21321042987164132
-6.35364483100588
-0.09922061674973219
-0.09881209991958984
-0.07610081865484937
-0.045232523767756216
-0.03483613941361797
====================
400
1
11.139386306180015
0.16385087813055105
2.726107279560793
0.040098714539266216
-15.105593337287665
-0.210997717656348
-6.78626292226329
-0.09479177388410749
-0.06070302419178117
-1.6979070025525886
0.03994523453058138
1.117296779379609
====================
450
1
11.089111141224492
0.14307253570702647
2.291173075140037
0.029560885216969115
-15.092058362554951
-0.19248316106850555
-6.756995107220021
-0.0861782896883758
-0.1451276606574321
-0.10792148049225771
-0.0015763843976257519
-0.00117224888243904
====================
500
1
11.971175933717575
0.1382671286767811
3.765237895671291
0.043488512365201126
-17.811107257166043
-0.2041869883125731
-8.957316207081334
-0.1026869016776865
-0.17927122243852156
-1.1616858888243875
-0.368018150897576
-2.3847747949371536
