====================
0
2
0.0
0.0
-2.964662646487426e-07
-1.9186970169816268e-07
0.0
-0.0
-4.490328109341135e-10
9.442824038103837e-11
0.0
0.0
-2.524905508710808e-08
-0.03652534864082279
====================
50
2
-0.17308500954378303
-0.015647303783708703
0.2683901619774183
0.024263120232588
-0.16146392662603049
-0.07223940747036314
-0.6759517345065142
-0.30242267607186135
-0.006261662289870795
-0.005192774984330744
-0.102587789250014
-0.08507570051757922
====================
100
2
-0.34569071741398005
-0.01631406384533722
-0.16346212330059373
-0.00771421210198925
-0.270236918623203
-0.03199345931263249
-1.037311715064689
-0.12280775816835283
0.049224010419993136
-0.6632138450500443
0.005475154771293289
-0.0737688460800148
====================
150
2
-0.9321640580462898
-0.0298309155779851
0.4703819756790111
0.01505306376572354
0.8949185042571326
0.06342225543298483
-2.690092252522355
-0.1906449773539885
-0.036209912987669846
-0.029301036220698604
-0.16511165941493067
-0.13360823912015324
====================
200
2
-0.4795423705961497
-0.011767589354354138
1.1557935979282306
0.02836225800423592
0.2952653610205118
0.014186673144899513
-4.1918497086271
-0.20140663125297556
0.1354655341258672
-0.8442221914269494
-0.000936932696199072
0.005838971359827997
====================
250
2
-1.6054732621910546
-0.03126585647603933
1.0181622662453051
0.019828243817838417
1.5375971598796596
0.05824332614039499
-5.403652569332241
-0.20468735710310057
-0.009485319651027835
-0.007845169912265299
-0.17045572958808886
-0.1409814545356728
====================
300
2
-1.4086969571926389
-0.023052656265335886
0.22306413426296245
0.0036503385529678615
-1.1535909730630962
-0.032778556071312984
-6.244628844745574
-0.1774371692494473
-0.2087455457141379
-1.1360355243219997
-0.20173613542425498
-1.0978888943346954
====================
350
2
-0.306473531087903
-0.004411111853209525
1.132839348642861
0.01630509839085391
-2.5124728641294496
-0.057915963725264495
-8.332556338788429
-0.1920769125692452
-0.22950131875660573
-0.16059364963401354
-0.2534631597315249
-0.17736095848853556
====================
400
2
2.2676974130250045
0.029504672792781305
1.6021592108591989
0.02084545451559332
-4.979743923374073
-0.0958539689999335
-8.628635096686807
-0.16609065321357996
-4.794740130264228
-1.0052406190949044
-4.734255605050731
-0.9925597438192038
====================
450
2
11.742326343696092
0.15278279301157335
9.402014731255932
0.1223323239818156
1.482826392141277
0.028342677952559014
-2.232568310502444
-0.042673211757638316
-55.06160638006171
-0.9786783806757895
-54.95949435443639
-0.9768634167025861
====================
500
2
20.275666080388888
0.2590196673403553
20.222019172610743
0.2583343332974962
16.423034973461306
0.3777119135997867
12.494099614369105
0.287350680411728
-54.6560165699906
-1.0004575497573525
-54.68517435548108
-1.0009912719065108
