====================
0
3
0.0
-0.0
-9.254184440976587e-08
2.2877877676244617e-08
0.0
0.0
-4.06081834825045e-10
-1.3817340446641556e-10
0.0
0.0
-2.3260470571705863e-08
-0.032955248776108045
====================
50
3
0.8475215528750999
0.19542928760532496
0.7060756278229006
0.16281338978673435
-0.05980703511363039
-0.00599198427618065
-0.3724756870051671
-0.03731782482703093
-0.04279393804384335
-0.033993050016956565
-0.07288087790402531
-0.05789238946256922
====================
100
3
0.5299940591137933
0.03653242528750896
-0.24869313001076954
-0.017142386853971323
-1.630787474856767
-0.09152162817356277
-1.20938312714312
-0.06787194198403732
0.006490583458792384
-0.43392196141940664
0.060166245566070885
-4.022358768363888
====================
150
3
0.3702857364093859
0.015412463192939105
0.246587054411048
0.01026373291290843
-2.255009161576389
-0.08868403452773467
-3.187827363324537
-0.12536950925729254
-0.057376302105565546
-0.0450545589905101
-0.06944236643567359
-0.05452939768164648
====================
200
3
0.5078964150475542
0.015052918652803376
0.4769592188928584
0.014136009056150967
-2.7476780243736236
-0.08536721960606213
-3.8031642774129004
-0.11815997259789937
0.07793201086017375
-0.9019973552619641
0.09117552290797461
-1.0552798473938463
====================
250
3
-0.8521245715932864
-0.019166686605637803
0.7755152714963387
0.01744352722849419
-1.1790746859533527
-0.03135620375619627
-4.853918017534134
-0.12908464933297198
0.0884948105059915
0.07847971423117671
-0.08842568550016883
-0.07841841221050257
====================
300
3
-2.86770172895244
-0.05091125880825212
-0.8714765230299406
-0.015471611416679807
-0.7608304151929346
-0.01751015873647141
-5.243057513673001
-0.1206665342178554
0.09519241525004779
-0.9183157888248875
-0.12641593595949546
1.2195273084072973
====================
350
3
-4.872602261971835
-0.07198382671456771
-0.3371390609532199
-0.004980615785485374
1.5150538593261942
0.03145905610501526
-7.684856488220575
-0.15957078352939963
0.2129263781082913
0.21225094163665922
-0.15651607369842135
-0.15601957972002473
====================
400
3
-4.593178670662695
-0.05944779940424065
0.4132166278879481
0.005348108786204767
4.430386502665428
0.08600911695515587
-8.177291834520133
-0.15874950173050317
2.5330560758382124
-0.9966683889483974
2.0697864539381143
-0.8143881022575019
====================
450
3
7.739599303058384
0.10418207156975516
10.65361405637924
0.14340737015411856
13.887157628195197
0.28318875916839925
-0.9781790394079337
-0.01994715663427449
3.0413043284801313
-1.6662894477699195
3.038381643406573
-1.6646881482052494
====================
500
3
25.454101458325624
0.3831837952254702
21.77839559310803
0.32785004377199234
29.75323848782122
0.7544137422425441
12.70508138613937
0.3221460412767113
2.7551481091213486
-0.9969361267284155
3.073571777347566
-1.1121560880107646
