====================
0
4
0.0
-0.0
2.78289551403077e-08
-6.8797787750788655e-09
0.0
-0.0
-3.1115110488144637e-10
1.0587220729949862e-10
0.0
0.0
-2.214969950310786e-08
-0.03196250346973326
====================
50
4
0.5552399455636419
0.11706155045116866
0.5480164509269141
0.11553861700841597
-0.6845500975960044
-0.14964285299894864
-0.920922783403737
-0.20131399175053222
-0.14149434537274663
-0.105508231379541
-0.16353220536885482
-0.1219412246942489
====================
100
4
2.392821805444701
0.18605191979053104
0.24929101307809098
0.019383420639250394
-3.1604250863937207
-0.24027859512890715
-1.5013047374156834
-0.1141401499183246
-0.3503093614274889
-1.076837843581419
-0.19246191527391104
-0.5916207119632091
====================
150
4
4.802710869629074
0.24106123219099662
0.7602525434000853
0.03815916049564689
-5.016908144666139
-0.22972601725793568
-2.220457151358712
-0.10167552667191271
-0.3794278851301025
-0.24029517070220818
-0.17307346150914849
-0.10960901559225802
====================
200
4
8.463621912373458
0.3228200815649617
2.567310025537413
0.09792252541844898
-7.699678526967919
-0.2514249328987705
-3.1867447067137213
-0.10405980863288421
-0.23123375242554067
-1.1212018285961343
-0.07535047928982291
-0.36535797338906617
====================
250
4
11.080932293763844
0.3350497134860986
2.906074836171605
0.08786982136660351
-10.294739877306146
-0.2570585335032974
-4.383271517312274
-0.10944981239117119
-0.4455456228041548
-0.27082777843228295
-0.27945965658702066
-0.16987135341733567
====================
300
4
14.774252439417552
0.37560390289129075
1.4807256764113959
0.03764429675559223
-13.930273762146463
-0.27980021385143566
-3.646990685362425
-0.07325260013564633
-0.3426913348619612
-1.078680342714311
-0.024225633054725637
-0.07625437677456494
====================
350
4
17.048598268447904
0.3663815485271626
2.551755520377732
0.05483829956560079
-15.90867756938897
-0.2715073479033919
-4.329771481968592
-0.07389456269822327
-0.34474112619920216
-0.22323155368483077
-0.15316729299312604
-0.09918100914016899
====================
400
4
18.865816918770193
0.3450814413074667
2.337048109724016
0.04274778736488584
-19.789757116461317
-0.28857412059429877
-5.746684045714801
-0.08379811258249392
-0.3060292039442483
-1.0889445840209557
-0.10538556533049123
-0.3749937558950471
====================
450
4
21.07899999632709
0.34037099806959414
3.0512879049878805
0.049270359590083565
-22.17963878358939
-0.2850977372817399
-6.5610978642375954
-0.08433654729139274
-0.40061049031769524
-0.25035180525790457
-0.1651761537371721
-0.10322282933945341
====================
500
4
23.928574267366173
0.34661316013603805
4.836287257062111
0.07005518969770458
-25.40036128948205
-0.2915557874330444
-8.783207708811219
-0.10081726832723564
-0.25131615542740005
-1.110447029807313
-0.14527692863591346
-0.6419099226984701
