====================
0
0
0.0
0.0
2.1616920520273197e-07
4.3233376448948064e-08
0.0
-0.0
-3.672765057905982e-10
0.0003940716481979191
0.0
0.0
-2.0474899646353115e-08
-0.029360294824754003
====================
50
0
0.5361950128774637
0.03888529426692309
0.22455251923990183
0.016284729584044005
-0.34110024583972365
-0.04740939541351862
-0.5488867308945462
-0.07628956114690266
-0.07748996204252778
-0.06055226586581401
-0.058680550163616285
-0.04585420073776074
====================
100
0
1.5157043192389459
0.06662757056886078
0.09788071338720528
0.0043026559044253496
-2.564338442574247
-0.16493975007097225
-1.391023816376892
-0.08947146632706286
-0.1332863471468218
-1.2014202244642327
-0.049061190737309565
-0.4422291408674596
====================
150
0
2.0595693819833762
0.06505488473359512
1.0535291283130057
0.03327744945396587
-2.8546342910319176
-0.12580187917111138
-3.05265315763625
-0.1345284420126001
-0.15062322406494877
-0.1113374215786012
-0.07621336495116915
-0.056335266995966055
====================
200
0
2.5915055243676974
0.06310543169565296
1.4040814314318695
0.03419061392430459
-3.3615438298482836
-0.11462080303174556
-4.730222540611031
-0.16128955431414688
0.1433027791333925
-0.8651017325808081
0.07957027795410286
-0.48035624805262805
====================
250
0
0.9949783793830136
0.019091346786418453
0.5342704404729162
0.010251421003867408
-1.838993581457622
-0.05305953618126434
-5.444087416350509
-0.15707545483266946
0.12836016355283486
0.11953043315612036
-0.00041471324145514465
-0.0003861856514876448
====================
300
0
0.2312673925377382
0.003681446949940623
-0.09448269015532418
-0.001504029632875044
-0.29926418771869123
-0.007624869955212845
-5.246635934217629
-0.13367759438814228
0.32101257384415194
-0.9349201869891023
0.1329495196469188
-0.3872034926231693
====================
350
0
-2.72176348866401
-0.03618084580123092
-1.034764814521921
-0.013755297383731855
3.3157595122123453
0.07804082855083952
-8.242978860938862
-0.1940095165724212
0.35215185665886006
0.41425806757799427
-0.1589608141090768
-0.186995463542998
====================
400
0
-5.456620585851951
-0.0620770535148101
-2.1409932665914226
-0.0243569351201817
6.562560443766962
0.14464601103088245
-10.73659081051241
-0.23664620632736025
0.3951860459068617
-0.9464814534922505
-0.33315399758659764
0.7979129909532103
====================
450
0
-7.487603370288696
-0.07533887108626607
-1.483605057298135
-0.014927757872197094
12.063038978053491
0.2581797642758098
-11.918682811616371
-0.2550901745720626
0.41660390373701806
0.530282461647413
-0.6206419368007955
-0.7899962796702421
====================
500
0
-8.899536908488784
-0.08036652648115764
-2.031979122316386
-0.018349618145527703
16.918837652187555
0.352499918359143
-13.09025413932671
-0.272732300544091
0.5968899668574187
-0.9639140746998408
-0.5377148404669676
0.8683525133283073
