====================
0
4
0.0
0.0
1.2644192640790906e-08
0.0
0.0
1.5057855247763447e-07
====================
50
4
0.05181141332163164
0.08313310396479134
0.002606343299604408
0.8624105087562465
0.8039188292071421
0.09722805168247331
====================
100
4
0.02226580382298371
0.11035602616686413
0.0011272492016369817
1.8235091406958652
2.2788001156979516
0.3921605999852705
====================
150
4
0.07125098829245102
0.021404056937421423
0.005992203544204822
1.5286491417981565
3.1308839051840422
0.5542023269943167
====================
200
4
0.035836346377598666
0.005397024084011038
0.011535649983063355
3.5840790070475546
3.2563091363045795
1.084769215363711
====================
250
4
0.07545737955491405
0.02965151919606379
0.002966134877605553
3.0850240537010496
3.28996157662811
0.6495328111649369
====================
300
4
0.1542302036599601
0.017408525006329167
0.013163896984793588
2.8020451384579994
3.1836145958915414
0.8923331388090276
====================
350
4
0.09841071000961787
0.027584085422994287
0.0009570923526900366
3.1096665355770856
3.121639689498959
2.9475237186461953
====================
400
4
0.03533950972621253
0.0811202689400821
0.006474489121582976
4.8531749798006025
2.7257768977911585
4.276771302653387
====================
450
4
0.0651872209109452
0.06557009875832875
0.006226278882568215
4.015677608814153
2.657570735966742
2.8439238207537114
====================
500
4
0.02735914837815212
0.07797145991587717
0.003895442045220854
3.2608920213319323
1.8995666527499284
1.1662357378501322
====================
550
4
0.06984183432013191
0.07293545507216703
0.001720584977766837
4.313313603745651
1.257888418140697
3.0929920398314352
====================
600
4
0.13598154164390885
0.12632202121107516
0.014617205957656025
6.933701788939484
2.372250782895958
2.941930840078958
====================
650
4
0.2296034135957259
0.04190961390589787
0.0003913081134774288
6.877545046142039
3.084018445924583
1.9264306505862283
====================
700
4
0.07657877553120374
0.0810393718445579
0.004810740604896502
8.479349149947293
2.9563401841757733
0.30257368871201173
====================
750
4
0.0352036809398224
0.15076767702612148
0.012288578175802645
9.323183329151105
3.6011148639549506
2.5868029367674983
====================
800
4
0.1273130520428818
0.2344037611102126
0.001543876748361997
11.784342480928139
5.973778133443887
3.1476734065000245
====================
850
4
0.11652329864436162
0.2605657304824358
0.002360252570666077
12.486684286769394
9.037129019090028
2.419511880255137
====================
900
4
0.061080921750976014
0.23792453839063876
0.006975900874509833
14.50246833139146
9.95779415633204
1.3278797529890523
====================
950
4
0.09868689649071083
0.21045321054519017
0.002201980917646784
14.946767558093503
12.142476753956393
1.6063460568746377
====================
1000
4
0.24276636569594412
0.21419540578029395
0.009095401585512523
18.488255433152794
14.045622615271794
2.693220035818798
