====================
0
0
0.0
0.0
1.2352169828753031e-08
0.0
0.0
1.1177934733441553e-07
====================
50
0
0.040312086939309655
0.0004901349059895921
0.0056708230841482354
0.24269428120226563
0.07287732826818215
0.00875196301665632
====================
100
0
0.18498680499967834
0.09868228332942097
0.013994170008659435
0.42064946414136395
0.3747662802920791
0.22961713056518993
====================
150
0
0.09709468570103863
0.13759048972211607
0.0017216699486932718
2.6378172777852242
1.8778777081514806
1.306731771754588
====================
200
0
0.031302136885754304
0.12972274314672866
0.0069880082942285066
2.83077941699139
2.680102187794566
1.5248281188592132
====================
250
0
0.05454262366788698
0.13481769580221914
0.0029741580667612677
3.150334750948253
3.920187136156716
1.2106184473515293
====================
300
0
0.15485363484780335
0.2042875908524744
0.002297396694757037
2.7782036236084338
5.448768363020694
0.9957373561570728
====================
350
0
0.05525166636242629
0.24518071187740698
0.005764028488307593
3.9741401151029563
8.047246412963137
3.7775361866714654
====================
400
0
0.02292925512433685
0.2933600107325861
0.00584457091543495
3.388469105568466
9.98045886899984
3.674436416547888
====================
450
0
0.058939783257620615
0.28231387633499816
0.010309339870501422
2.3244511898967533
13.03023190690739
2.6440518895036798
====================
500
0
0.015717248507380432
0.2977927126763067
0.0026822692901635747
1.059813394141965
15.423813069544222
1.5736506779597244
====================
550
0
0.14169770586593855
0.28572065057098284
0.004908577329390207
2.7746214550881785
18.02455827461242
3.3938775641474987
====================
600
0
0.1828751598068688
0.3283635313485887
0.0017460219017841477
5.471057677509797
20.4903709597911
2.5837825281554854
====================
650
0
0.2076470807164139
0.28106922981932825
0.00396726160454719
6.450744996265243
23.791781104893698
1.304221092134288
====================
700
0
0.15860464415821163
0.24431482804712035
0.004959483706190593
8.723418881770167
26.233871018175545
0.4500436757607761
====================
750
0
0.16526004651445736
0.24938243717059594
0.006948668895337962
10.000172486421544
28.672338147386924
0.7128364426656999
====================
800
0
0.19496535797950082
0.24577274818553946
0.012822463899791255
12.347776923420033
31.022194305538832
0.9707590645525324
====================
850
0
0.2300723211504856
0.16714578224979193
0.0033771207389738933
14.093392711014816
32.71216990538077
0.8630775552172706
====================
900
0
0.14641231480352435
0.21699453853858275
0.007630040600066668
16.27485844735572
34.17918483047947
1.0844677401238487
====================
950
0
0.1436528956696259
0.23601441915050114
0.0011721508347821707
17.644574108006648
36.45670842136774
1.87647957537952
====================
1000
0
0.22712978750536522
0.26097589948910566
0.011737304324630368
18.990176028426507
38.696993914623484
0.2068950245269339
