====================
0
1
0.0
0.0
1.0060806494660926e-08
0.0
0.0
1.2676279454469317e-07
====================
50
1
0.011994642013600787
0.009326862793569868
0.002481195132632008
0.1622931462480411
0.3611504390103606
0.02234650647449726
====================
100
1
0.0287676643440693
0.045827598298145755
0.001775837879638864
0.3474650530199247
0.09859843500132359
0.08735380203289009
====================
150
1
0.008276615627464068
0.0668170196240041
0.007749106491508062
0.6775450469252206
0.9257502519520768
0.2125329868247557
====================
200
1
0.02589250615750699
0.013227965802770095
0.003839552845422249
0.9737696410595061
1.3693025252121866
0.40892348563418207
====================
250
1
0.07839034406830847
0.012445591423075442
0.01316712910497575
1.412926917878004
1.3101014870071408
0.46082161641856073
====================
300
1
0.06751767164936595
0.06232335223979657
0.0037335584503153108
3.318471059487205
1.8155959828159727
2.0328097100285443
====================
350
1
0.003074436444569395
0.03303650471701869
0.00810470603711444
2.709941922410285
1.6489200972462432
0.8579949655470703
====================
400
1
0.13928789331017122
0.035477056464725557
0.008247819027303295
3.2800887641394705
1.7454517649847265
0.6370536560721646
====================
450
1
0.17415208580907482
0.008036283795743726
0.006472001380077863
4.396516602306823
1.4192413410188416
1.8056471601019577
====================
500
1
0.1321687114339185
0.06500661871851898
0.005790212903561631
6.5819342518326724
1.7979438594765422
2.302470050986434
====================
550
1
0.11000001220887912
0.04894884861812687
0.0057313499298576875
7.340468719506294
2.56353451803659
1.3161988751338909
====================
600
1
0.1438086091054877
0.005316192394445085
0.006153951261001062
7.912673604403757
2.262376314780728
0.5240847405459469
====================
650
1
0.167683265806724
0.003539350418541254
0.00787570041830521
9.212678525986636
1.5946605741956321
0.6808228112306282
====================
700
1
0.1129043606215192
0.08293671066971964
0.011441191368186221
10.48114645452507
2.360993080826292
1.2778389302020012
====================
750
1
0.1078302802560338
0.06356838606636428
0.01353151519556528
10.965062621229325
3.147103564179466
0.14488077874056582
====================
800
1
0.17544113999914707
0.03516928054898501
0.006931645913291817
12.789403255490388
2.4967695111790102
1.7856584362142958
====================
850
1
0.11629116696147879
0.048385963639858476
0.005756356738512158
13.290493200638515
3.0288629076271842
1.044026923004746
====================
900
1
0.10109682380510199
0.10164942267413579
0.0069194391197728855
15.331299610058153
4.104839196615934
0.7770086513170482
====================
950
1
0.07998651811446655
0.09957796936321017
0.007815917217964152
15.392429222845363
5.452928201865054
1.1125926889006441
====================
1000
1
0.1978477902479327
0.07102947262787769
0.006186873919218589
17.75960823182519
5.527146077370477
3.1958825618220117
