====================
0
3
0.0
0.0
1.2092348402175841e-08
0.0
0.0
9.790846474444842e-08
====================
50
3
0.0503791328145029
0.02259927321348787
0.0054753005919701
0.01482986118641813
0.30340847023128426
0.05562043443795477
====================
100
3
0.09555619597049914
0.10828461843433557
0.0058274759812797505
0.31769968604779575
0.858659798656862
0.12458588756561809
====================
150
3
0.06481066181352135
0.07170090502948101
0.0038712816554331564
1.403154631487788
2.183173205783908
0.7059672855068444
====================
200
3
0.0020173537608874532
0.01950736179581157
9.321372272193262e-05
2.6789406788870287
2.51933278926562
1.389228507864086
====================
250
3
0.046140386197523364
0.09804314889969468
0.0018788194377361567
1.6665378047558443
3.2631514729306073
0.9321460625706489
====================
300
3
0.06812698628922798
0.07491705311191632
0.003508915950728664
1.6706327500671105
4.454670869299841
0.29411603168244166
====================
350
3
0.008400057754073043
0.11134395828376542
2.7241357615448436e-05
2.138521747884273
5.442285253520736
1.414095191292138
====================
400
3
0.060545305159882254
0.06255326640735666
0.00527551996092847
3.879174115250044
6.337633459302141
2.785828047537377
====================
450
3
0.07359858912333572
0.10123413804865855
0.007535582740281654
2.6652619846919907
7.10868099944826
1.1145927738583072
====================
500
3
0.08027705241285155
0.1668749489748893
0.005797230307679424
3.749935810818532
8.232609293842877
0.43259207800205124
====================
550
3
0.1598643546320644
0.20620964482489235
0.008725795895146327
5.6221965023950435
10.303258369200424
1.0256780649316546
====================
600
3
0.24603438905256186
0.21808708211687028
0.00909058797881487
7.746728545070268
11.570427953330261
1.610546982102802
====================
650
3
0.2544561944719639
0.26269646596239216
0.0008081822757026735
8.65044211733681
13.17098529747791
0.5749618910770923
====================
700
3
0.16588215580471743
0.25255927678726753
0.005916339010405558
10.939012286177665
15.906090369945797
1.7107650478760135
====================
750
3
0.15485880793951656
0.24502418919748148
0.010937647575396836
11.918894845043123
18.351544572648038
0.6899060829835374
====================
800
3
0.24267706261122524
0.25288319767011597
0.0026470970030540546
13.44380010785093
20.438314357604597
0.6909753661332524
====================
850
3
0.18515888113581025
0.2621213391375249
0.002613958332084554
15.435223295997208
23.295624307183186
0.5361032528703288
====================
900
3
0.09457125139870204
0.27925811111868626
0.005064765790431913
17.00508787447534
25.988801954576164
0.8374049350559306
====================
950
3
0.018678027136664888
0.1689363587400825
0.009100927007050785
17.174894796248395
28.277715290650097
0.8896697664153823
====================
1000
3
0.14833320737816436
0.15049534036210738
0.0028519758594246526
18.363501809778317
29.345061326277325
2.7044110991652
