====================
0
2
0.0
0.0
1.1581854474475409e-08
0.0
0.0
1.2018162019516024e-07
====================
50
2
0.06861637632055295
0.06780970062328295
8.268775924857863e-06
0.6182355243876562
0.2082526043885734
0.05627661866643886
====================
100
2
0.055215418987117904
0.06320093500873547
0.006694719077716016
1.2518620535532405
0.9459528095964033
0.44445434743538875
====================
150
2
0.09618299566147992
0.005483836939830455
0.004529868276868854
0.9646460874672231
1.417325495920587
0.6567986646718394
====================
200
2
0.03714643036734874
0.018725438649064043
0.0071234686860028665
3.0218194938730507
1.8024656515663116
0.8879822540613411
====================
250
2
0.08120221833899555
0.016180048042384154
0.00692044962056837
2.0823906072037053
1.7396239219618561
1.009493314031407
====================
300
2
0.04600780669665072
0.013862682041112517
0.009851225619219584
4.558367786015436
1.755389038870327
1.7817053740867785
====================
350
2
0.1558375685285318
0.058667749366527966
0.0029038039271509497
3.273258987869115
2.069456988202461
0.701821918906983
====================
400
2
0.24442803699267224
0.015066415632148264
0.0038077952845683577
3.2329849381254587
2.2297453692208893
0.30891528853716876
====================
450
2
0.15787187712039286
0.059649920161161996
2.932948534128954e-05
4.937610273030027
2.095381861014279
2.28294945559035
====================
500
2
0.08399861132105846
0.10162543329306262
0.014137102792198597
7.064547082207557
3.470820282328331
2.71619447386135
====================
550
2
0.1400729899908122
0.12856043894653446
0.000295853558596626
7.415255961738028
5.030011647385723
0.7289149838605604
====================
600
2
0.21063653521651304
0.08877594970393503
0.00258399905492469
8.21548734055233
4.777458400623754
0.4950922978291236
====================
650
2
0.17427207933228517
0.06562835851659976
0.016406022604201542
9.497750280360828
5.089819432391525
1.078562300172189
====================
700
2
0.061735236112613556
0.060845172235540534
0.013569274169614065
10.067537086604823
5.37463797158025
1.5021646335275793
====================
750
2
0.15456786644215703
0.057785792770094435
0.007538500362904044
10.81561894277223
5.912902256315287
0.4689414024207009
====================
800
2
0.1762301605025986
0.016037284191381198
0.0028973174371471934
12.333616789150023
5.9043308786049336
0.7342249957291357
====================
850
2
0.18231019572383
0.04508584716977859
0.00011548964289409547
14.04137757413829
6.478925459838489
0.7943895438560248
====================
900
2
0.19056479795142556
0.1417902894226808
0.00284645007622375
15.948143348244532
7.352888808916452
1.7254801384056957
====================
950
2
0.28188625203674944
0.1802267922142795
0.005707105267786616
18.359620817168572
9.282059608626595
2.083374892011159
====================
1000
2
0.3564076064164533
0.15477930503114057
0.008168542952786642
19.976465491685705
10.167621465212028
0.9564259356072804
