====================
0
1
0.0
0.0
-5.3670343588274605e-05
-3.473485115831766e-05
0.0
0.0
9.249905676966819e-07
1.9451867166821595e-07
0.0
0.0
-6.738514132114061e-07
-0.9776274671843191
====================
50
1
-0.38735205092965685
-0.034427405220873154
-0.37104210426662654
-0.032977795901517976
-0.14203354840854487
-0.012077838948804081
-0.5636458733941918
-0.04792969097294981
-0.02850324277146865
-0.023141699141294166
-0.06622059075782172
-0.05376430326061859
====================
100
1
-0.5093837761030535
-0.023907159792092514
-1.164950134919092
-0.05467517877855615
0.3485888081071451
0.020024904052517237
0.4488850439658165
0.025786484611584438
0.06823063987480038
-0.7612762353256763
0.10606330322843407
-1.1833902237485674
====================
150
1
-0.816759502529969
-0.026294899747534073
-1.3395819109422114
-0.043126736747752865
0.47776457255759297
0.019790052104151305
0.437197184411513
0.018109662281937198
-0.08141832275668026
-0.06338037505900707
-0.03405603555162351
-0.026511038709743945
====================
200
1
-0.3984891161682782
-0.009820640988953822
-1.901705134586777
-0.04686693471883976
-0.20999766382754714
-0.006781128114703024
0.9794541019837908
0.03162798874504539
0.02378230073792619
-0.5264096746654977
0.11366358377178382
-2.5158882151044875
====================
250
1
-1.800574387917095
-0.03501280156600711
-3.3032402809658876
-0.06423266778557854
1.0979498466183983
0.030061816030071097
2.204420660535554
0.0603569357507638
0.07399324802890361
0.06552791083017802
0.17676113352243927
0.1565384424153818
====================
300
1
-2.7001356032931696
-0.04336927832704228
-5.3532568165116174
-0.0859834167396151
0.9118579192129133
0.02128137287230149
4.1044799008177435
0.09579229984816746
0.05983930253040412
-0.7366168656763856
0.26705258344260807
-3.2873952179894648
====================
350
1
-4.986650590516305
-0.06739346401791989
-9.241691889861158
-0.12489939259601779
1.8330648854631661
0.037570843111151636
7.155732936966203
0.14666524990583032
0.1599660344569438
0.1533396230595261
0.4239332082115628
0.4063722562746498
====================
400
1
-6.693097151456044
-0.07816027439762613
-13.355574105809552
-0.15596297397548095
2.487030469673691
0.04582349544795518
9.224728143857426
0.16996546414010605
0.23969841181797186
-0.9180525903751775
0.5047578521552727
-1.9332387318246516
====================
450
1
-8.97114883121769
-0.0921455807315244
-17.434461434400617
-0.17907501077497484
5.806480769289152
0.10042730948157234
13.793583303961483
0.23857005893371383
0.3672450742841259
0.43932256939454184
0.5316654508374451
0.6360129741032444
====================
500
1
-10.884106222824528
-0.09966689563336101
-22.339351428882352
-0.2045637704922725
9.555764456005214
0.1587151682902781
19.73700995067545
0.32781917870523936
0.45739106247841155
-0.9553120524181321
0.6268370863578702
-1.3092188995901137
====================
0
1
0.0
0.0
2.190532608636886e-07
1.417688631914671e-07
0.0
0.0
-3.1653524246166853e-10
-6.656501920002563e-11
0.0
0.0
-2.0428098056230508e-08
-0.029413289405643257
====================
50
1
-0.4580939701891378
-0.0403725854249829
-1.8255156839222533
-0.16088574111413798
0.031135496869904244
0.0026949945014307012
-0.5044864699662277
-0.04366682402037895
-0.045083240780377176
-0.036221246098698846
0.08851191413260562
0.07111316242951748
====================
100
1
-0.1852626205554806
-0.008809734597418921
-0.8289036827698268
-0.039416593752858234
-0.48202637010820126
-0.026530182257021986
-0.9025110635091664
-0.04967318074009567
0.02072546350340085
-0.4532948434829569
0.07276798989644107
-1.5915376071210212
====================
150
1
-0.9686569044672915
-0.030962593810572748
-1.2375191990381644
-0.03955663157501176
-0.21169816159800803
-0.008561189007130808
-0.8261341938972464
-0.033409316953060056
-0.02133446781263415
-0.017474175740886187
-0.07934852821273886
-0.0649910810500254
====================
200
1
-1.1778737516108038
-0.028417118632615583
-2.329741305884923
-0.056206817566057866
-0.8478820534745743
-0.026945480148859096
0.17953410782057944
0.005705549160402909
0.02167661154519314
-0.4644361444024187
0.2123622152713534
-4.550004887606849
====================
250
1
-1.7783313141298933
-0.03451599688221943
-4.532692621119459
-0.0879759598987699
-0.36696802821320773
-0.009704382570899008
-0.5310421221351689
-0.014043283115300766
-0.008864130924185254
-0.007335162035380548
0.028144795283326696
0.023290115593006207
====================
300
1
-1.8737269874923967
-0.03043107253201808
-5.480137257350158
-0.08900253637645489
-0.8463502379731906
-0.019063321459086888
-0.37118531104945873
-0.008360634389815262
0.039856725687864136
-0.6145695270093694
0.18433137837883995
-2.8422918859529505
====================
350
1
-2.4646004972696005
-0.03440462151043476
-4.7132749199945465
-0.06579502027881749
-0.2485231501294649
-0.004908811557434097
-2.256742544798648
-0.04457501798238892
0.0005394782319450009
0.00044992506994002637
-0.055094889449697426
-0.04594916072817615
====================
400
1
-2.4146711228802076
-0.02961286396172697
-4.7923565895919324
-0.05877214598665333
-0.5915839130315064
-0.010365251576409839
-2.6499963866407157
-0.04643107870082529
0.048331169702270096
-0.6591136334975959
0.07407067477143049
-1.0101346995109692
====================
450
1
-3.1837969366306
-0.0346885115970182
-4.556291311372021
-0.049642287853064626
0.13359097324648417
0.0021145308565731053
-4.32494963841021
-0.0684570165281266
0.033448114689601294
0.02868296907613621
-0.046815526775003447
-0.040146008802939115
====================
500
1
-3.306282195400584
-0.03245894744986773
-4.060926423787194
-0.03986755805988228
0.12577794788792573
0.001815288196442361
-5.863242484717183
-0.08462115222988323
0.0642946508387832
-0.7200574337448438
0.07640126260879394
-0.8556434535572508
====================
0
1
0.0
0.0
1.0445138443060387e-07
6.7599788157074e-08
0.0
0.0
-2.1436630248672373e-10
-4.5079647150491416e-11
0.0
0.0
-9.486773127560893e-09
-0.013659480327466045
====================
50
1
-1.3412443097245852
-0.10967008921994016
-1.677268396980022
-0.13714591249998073
0.20820789070787882
0.018302363306502218
-0.0763601879000202
-0.006712386818517722
0.08315274336648737
0.0744811353711027
0.07456020967281751
0.06678467654955389
====================
100
1
1.7186498957446261
0.08986218948869865
-2.1114999441652422
-0.11040294393742403
1.8885261871168453
0.11953886594524393
-0.3203534323103252
-0.020277550960787077
-0.15196209246203285
-1.1968747845196197
-0.17439831996041225
-1.3735856636440644
====================
150
1
7.852619326629714
0.3495728470944519
-1.5668796907566787
-0.06975234272401333
6.289470702620381
0.34507306059518233
0.3446279195065536
0.01890807932392947
0.10692836386851945
0.09786138129010033
0.13189955573555223
0.1207151428193871
====================
200
1
15.006016792583175
0.593931858604091
-2.1841802995337574
-0.08644894129864639
11.322304103810946
0.5867575753297348
0.9047774302160398
0.04688842538577837
0.32384746641373957
-0.928345146747415
0.3065366779884744
-0.8787218268588007
====================
250
1
20.137360910532458
0.6801725516119017
-4.574674062452537
-0.15451715563302443
16.470048706260922
0.7851234928490657
1.9169715898899433
0.09138160166913689
0.20447746871276207
0.20548389211214846
0.2207438764044013
0.22183036189291605
====================
0
1
0.0
0.0
1.7678606489823778e-07
1.1441399370920745e-07
0.0
0.0
-3.150137928287222e-10
-6.624506959755692e-11
0.0
0.0
-2.088124467190584e-08
-0.029403849951733393
====================
0
1
0.0
0.0
-1.2041948209695619e-06
-7.793415429762762e-07
0.0
0.0
5.471305186688369e-09
1.150574994366666e-09
0.0
0.0
-7.065764671414333e-08
-0.10243941216403137
====================
50
1
-1.2796102189564689
-0.105292085720965
-1.4194430791402635
-0.11679816255824343
-0.7330986838490414
-0.0594175116759983
-1.1296164022317008
-0.09155519883980902
-0.17603647125239452
-0.1277625200614518
-0.18585932611094025
-0.13489168302408763
====================
100
1
2.9288911002257123
0.16375023873305988
-1.6074983248384065
-0.08987300157216412
-1.8967264531778731
-0.09664064461660732
-2.9481294436696253
-0.15021097500489913
-0.041223448585767514
-2.234062694308324
-0.10112585939132591
-5.4804126691630115
====================
150
1
7.539040678052874
0.33163410285930867
-2.7936227557496167
-0.12288839069769456
1.866015633905711
0.0821529707511394
-3.530297829984214
-0.15542445041709593
0.3753717751298308
0.4542071411226262
0.34946198765858083
0.42285579487305563
====================
200
1
18.010832677240973
0.8111857978206837
-3.292413693383928
-0.1482862717390205
5.8889866931969514
0.23730779169235494
-4.191952663226882
-0.16892261457110205
0.6027417369432816
-0.9635959349721999
0.6348136071723838
-1.014868846545315
====================
250
1
24.22127126775433
0.9517393828719491
-4.937624636351515
-0.19401672902737863
12.914445149588357
0.5241161803581493
-4.380156943241651
-0.17776304749215002
0.08889450613567162
0.07987571662853957
0.1098112314594637
0.09867033619940839
====================
0
1
0.0
0.0
-1.0308729847530174e-07
-6.67169603301359e-08
0.0
0.0
-3.5416913846120224e-10
-7.44791490451488e-11
0.0
0.0
-1.5895876944330033e-08
-0.022721343177482325
====================
50
1
-2.0247385994936398
-0.15711303472780022
-1.9964442262270499
-0.15491748471914882
-3.7930337055704992
-0.24609475317538124
-4.00290357153721
-0.25971126092963015
-0.284526636470978
-0.19122354541423223
-0.30134427532334573
-0.20252627814510585
====================
100
1
-2.7245528072693617
-0.11584450024085738
-2.9034704857770635
-0.12345185106763472
-7.953029211197393
-0.30929246908419955
-8.439546921872804
-0.3282130916535381
-0.041842286538213036
-2.0246487774750843
-0.06806061805950361
-3.2932915131807143
====================
150
1
-0.7246180681454462
-0.023401195304250354
-1.5274989617143717
-0.049329851271308366
-11.180436208769652
-0.3122488540941671
-11.489677567466178
-0.32088539189005144
-0.5648682462365888
-0.3194471188269616
-0.5605766484902155
-0.3170201129820109
====================
200
1
1.091933609082517
0.027940595005073694
-1.563173344931542
-0.03999876273627732
-18.47544709584791
-0.37519762393351
-16.876908905107456
-0.342734662262202
-0.23311324167234176
-1.0999155638416287
-0.1557807940435998
-0.7350321186687542
====================
250
1
3.6796141952895596
0.08009827053194113
-2.196818706211708
-0.04782060555833011
-24.555085317047983
-0.39486077826224
-20.221030623899757
-0.3251665301229564
-0.7824323342217594
-0.39400721777135284
-0.6154992119741027
-0.3099451817665336
====================
0
1
0.0
0.0
2.450903660022874e-07
1.5861978775432654e-07
0.0
0.0
-4.03395539194662e-10
-8.483109685540127e-11
0.0
0.0
-1.948131009233268e-08
-0.027975661128686855
====================
50
1
0.22255007542176486
0.020983575316307075
0.05874824869423101
0.005539195162438374
0.24305305349220951
0.02127818280449949
0.13194405694210687
0.011551098508093537
-0.10210183573316889
-0.07791477874054159
-0.07724196553429219
-0.05894400047631865
====================
100
1
-0.9980760582629422
-0.04593447645372077
-1.8791829648814051
-0.08648567906017976
-1.5591452470406004
-0.08030856664642844
-0.758693415891603
-0.039078835579935314
0.0011920994341170152
-0.06835318245171765
0.08792611376473852
-5.041550666352986
====================
150
1
-0.7312955578228184
-0.023686900494345648
-2.292583174116512
-0.07425751317563177
-2.3123231153260413
-0.08539106150427686
-0.7872309697977613
-0.029071407760672612
-0.12642690231385267
-0.09471920297651641
-0.03699949542476122
-0.027720071068945674
====================
200
1
-0.8006546611258187
-0.019602514281535123
-2.4628441544087423
-0.06029807862744214
-4.132851330537559
-0.11778082830395077
-2.06222518098933
-0.058770705873563416
-0.1369154103432717
-1.1346529108523622
0.024109927517066712
0.19980511594050493
====================
250
1
0.3981372445721689
0.00811570352591707
-2.5549083307294893
-0.05207972585025934
-5.210496780609532
-0.12095327843028499
-1.8567213485894172
-0.043100791287144544
-0.18410315915028863
-0.13221708186346895
-0.07653689775996053
-0.05496638582091811
====================
0
1
0.0
0.0
1.7408310704070118e-07
1.1266467042346805e-07
0.0
0.0
-3.185629537938439e-10
-6.69914318867125e-11
0.0
0.0
-2.0086077914205863e-08
-0.028382593862882638
====================
50
1
2.0861739792465777
0.23822911203152952
1.9060332682071515
0.21765807526346978
1.3106087249829326
0.12680925478127775
0.8716323050473083
0.08433565330322054
-0.15534515046721786
-0.11409511217493355
-0.18853254991172164
-0.13846999643122737
====================
100
1
3.954461646090678
0.23533411135279314
1.892387360849483
0.11261793330099189
-0.4977367757959108
-0.027180775587337915
-0.22385344057517642
-0.012224353169399347
-0.18839173651345897
-1.1081124584427147
-0.2030722355010463
-1.1944625506779916
====================
150
1
3.307229722067895
0.12304828869045664
0.1166243745323925
0.0043391088348205065
-1.416875871799391
-0.05423915146600958
-0.7643456961983404
-0.029259769901963648
-0.0015020954861004743
-0.0012437677312444524
-0.0014919045294206068
-0.0012353293974725864
====================
200
1
3.519483123168328
0.09621298037796765
-0.41692166059876
-0.011397490525321
-1.4975267718241874
-0.046260127008365216
-1.2158263050754101
-0.03755811271700127
0.16127397759879103
-0.8976904736861818
0.1639801286590337
-0.9127535735322031
====================
250
1
3.500707054444632
0.07606006297137748
-0.3114023307914593
-0.006765856303046086
0.5751371444971838
0.015464530151225942
-3.616902588051211
-0.09725280250481019
-0.07522682298521977
-0.05870571534057148
-0.27353395047566
-0.21346117774721227
====================
300
1
4.597656506846093
0.08383229876984122
0.11244962929346514
0.0020503730336206313
-0.4328356226862766
-0.009755764033452205
-4.242507994800661
-0.09562269078141196
-0.1359632819357674
-1.1563181714501642
-0.14061832127008994
-1.1959075848157181
====================
350
1
5.715824294611522
0.09050901735751445
1.6717795262355963
0.026472318664630817
-1.6769025060973846
-0.03193932191806377
-8.383760507730848
-0.15968228609994978
-0.2727343608463675
-0.18441329790655822
-0.44341801261932634
-0.29982352720258987
====================
400
1
8.589830873942333
0.12237469745568712
4.1069674953571536
0.05850975555634052
-6.020241712472256
-0.09553730585010052
-12.937512277645311
-0.20530987399528383
-0.38317198160823857
-1.0503858844908553
-0.4186660328497862
-1.1476854058468686
====================
0
1
0.0
0.0
-1.7809124863710224e-07
-1.1525869204884259e-07
0.0
0.0
-2.6992896806632416e-10
-5.676406457223365e-11
0.0
0.0
-1.279921056404697e-08
-0.018528072565359054
====================
50
1
-0.021506025916721683
-0.0019712085262634433
-0.19058108039208577
-0.017468362219413017
-0.22999487789777895
-0.019467641229419283
-0.2575795487750998
-0.02180251268820875
-0.027472882159509604
-0.022389328676551627
-0.030676117478813936
-0.024999840670737086
====================
100
1
-0.11557521706344787
-0.005514184589011092
-0.9439957887783272
-0.045038782213276805
-0.9249406427329099
-0.049696210540523554
-0.5955957180632083
-0.032000810467629766
0.1066051204963747
-0.8100601743428917
0.14160179501269876
-1.0759893541807304
====================
150
1
-2.111215059301326
-0.06510609037003795
-0.9617854248660223
-0.02965973954763049
0.45782633162885844
0.019030001633615345
-2.471139063307472
-0.1027153249231497
0.023540704292821957
0.02001694300584869
-0.045786015974055516
-0.03893239814821536
====================
200
1
-1.6570596623008953
-0.0395209591572195
-2.579717268958021
-0.0615263910788209
-0.8752506962871287
-0.027791077329082387
-0.665488757013204
-0.021130688140260152
-0.09786524857766715
-1.3430320434093208
-0.018862733592742827
-0.25885854283854637
====================
250
1
-0.8005753880845248
-0.01583911793471016
-1.2636283483984627
-0.02500046683150483
-1.8378042543368451
-0.04678071980458982
-2.4465041635047626
-0.06227498140980017
-0.22189432699435363
-0.15610157666086386
-0.1862416918900316
-0.13102012177517516
====================
300
1
1.3391787557956292
0.02294689316272054
-1.5933450562152842
-0.02730204509150743
-4.554654064946767
-0.09468133132562583
-3.236103715282347
-0.06727154328334652
-0.3301799164044435
-1.0819059955758874
-0.362876919968816
-1.1890448081932155
====================
350
1
2.9284458453074507
0.04420783168624253
-2.497460631652828
-0.03770167695743534
-6.720018265808996
-0.11768969589697055
-1.8447656988202041
-0.032307935113800645
-0.20525714077387058
-0.1461074652877015
-0.04043616912974657
-0.028783535399632586
====================
400
1
5.074212844145492
0.06852191691797128
-4.861615482764492
-0.06565101276377591
-8.907450693240023
-0.1362211533458665
0.21872765964266705
0.0033449900640795355
-0.254778016620957
-1.1087831094236154
-0.05490378686578398
-0.2389389490018032
====================
0
1
0.0
0.0
1.7977540101021816e-07
1.163486589977292e-07
0.0
0.0
-1.737925359179826e-10
-3.654728427773172e-11
0.0
0.0
-8.7805482013359e-09
-0.012591125131227232
====================
50
1
-0.5427090640885321
-0.04747581478078729
-0.5235635158809
-0.04580097542259683
1.3892923174966025
0.136272906277124
0.6918826510262726
0.06786538619026222
0.07936623813465893
0.0708492121731336
0.03934147539477939
0.035119625207883344
====================
100
1
-1.0779909559548564
-0.04917385188638738
-0.6447294087133066
-0.029410106156951776
1.526740567468
0.09447526940165216
-0.8429377939365921
-0.05216130157795329
0.1466769584662348
-0.854395858397245
0.01731947530954797
-0.1008862477707947
====================
150
1
-3.3316808720239273
-0.09901639297292321
-1.559440022132847
-0.046346013312916455
2.8219209822296882
0.13007816801514896
-2.484162158860496
-0.11450896914264816
0.14807640493675045
0.14082353503037634
-0.02935855151970035
-0.027920552299615816
====================
200
1
-4.027493091803777
-0.09091598904147453
-2.96496546080337
-0.06693065914658632
4.219874221872157
0.15985085271632912
-1.0489017511828145
-0.039732899732693346
0.14831544639728672
-0.8557723984955006
0.08059199348709843
-0.46501160358743115
====================
250
1
-4.699473361411968
-0.08631900912913713
-4.778767120562314
-0.08777546141508559
6.876479943449887
0.22493310062726077
1.8342903693943668
0.06000055604490039
0.2253434937755472
0.2313027400031752
0.25156409658140966
0.2582167510177193
====================
300
1
-4.765097277811179
-0.07391851490365657
-5.876773374536533
-0.09116337714528908
9.784382956198769
0.28976979737042774
5.1613291123654435
0.15285555540369647
0.3061385928039168
-0.9245131182170688
0.40840645002731873
-1.2333535512674152
====================
350
1
-6.864381842844466
-0.0902786199793531
-8.77658723944819
-0.1154274634258186
14.381586408338926
0.3995122805447117
9.187638923460163
0.2552273772109458
0.3815948645168593
0.46650606270874034
0.5613571898976225
0.6862684925384066
====================
400
1
-8.451984551665689
-0.09650741477270036
-14.397171225338553
-0.16439142387257555
17.219276912105357
0.43856351949618855
15.046624725118917
0.3832275147017014
0.20688210630811843
-0.8922006602964304
0.6206694359028382
-2.6767016752699924
====================
0
1
0.0
0.0
-9.69125801830728e-09
-6.272074693780312e-09
0.0
0.0
-2.3587709563344106e-10
-4.960320777587635e-11
0.0
0.0
-1.140968031593225e-08
-0.016569879820672834
====================
50
1
-0.02663133582531252
-0.0024398401567016868
-0.11117993485214228
-0.010185792836343795
-0.7224236047622714
-0.05870192434844096
-0.8877265071465583
-0.07213393073136265
-0.14633463770812938
-0.10872508045019807
-0.1621706068515223
-0.12049103720581178
====================
100
1
2.3097264952362977
0.12461890210604275
0.6345510575242024
0.03423654544466074
-3.8274479127063294
-0.1779016634103676
-2.9728511917570017
-0.13817958706356498
-0.20879357297494228
-1.1359996918829438
-0.15561854886026
-0.8466861361567974
====================
150
1
4.129335850495629
0.1576879588093878
1.9250111062961004
0.07351087027731092
-5.81926799000669
-0.1918320149332447
-5.1805842954504335
-0.17077782388341906
-0.2655677079856287
-0.18125665588665382
-0.3694054731859009
-0.25212854847369764
====================
200
1
6.169072331044312
0.1808979609057539
3.0125194252159986
0.08833720727639716
-9.18463644019032
-0.23075044182985674
-10.460622131802108
-0.26280770005943715
-0.2955583905467969
-1.092386814648928
-0.5545287710239863
-2.0495439723074442
====================
250
1
8.557978020371252
0.20779035282770267
7.467569861968315
0.1813149055408069
-12.569599554479254
-0.25130503264167864
-19.877458922783774
-0.3974116630981848
-0.41135988968267734
-0.2553540235851153
-1.00090636276874
-0.621318396312531
====================
300
1
12.428797319800019
0.26293038043805383
11.223781675026636
0.23743835464008464
-16.328101963273838
-0.2726870472124874
-32.25628650495577
-0.538695283803384
-0.426368277165115
-1.0622773118479583
-1.3314754818737258
-3.317311046404488
====================
350
1
16.86280220348963
0.3223731255172656
14.41933363997503
0.27566033197217055
-19.97438446891867
-0.28391325854217114
-48.93934092123769
-0.695617317944166
-0.570190090406687
-0.32218320939679673
-1.9098341374606216
-1.079142731827824
====================
400
1
21.31808588595775
0.3687705697399414
12.10092082910598
0.20932758655723246
-24.015769437073317
-0.2983401453477075
-68.18680638789758
-0.8470626677968489
-0.5407862191501303
-1.0484623021491557
-2.4765314000293848
-4.801434875874009
====================
0
1
0.0
0.0
-9.79152143809614e-08
-6.33696501640478e-08
0.0
0.0
-1.8241497201643142e-10
-3.836051878614065e-11
0.0
0.0
-1.2092408578943153e-08
-0.01746477003272942
====================
50
1
0.8636285408031519
0.08614802868132684
0.7859225470236098
0.07839675847132943
0.07123057049747672
0.006186974844784419
-0.330433596507719
-0.02870094027307169
-0.09382350829592356
-0.07254003365795139
-0.13020731180776157
-0.1006703218904976
====================
100
1
1.7348895715511006
0.09078839498720045
0.9264721570768302
0.048483155078356155
-0.44233458420465155
-0.02439889322748887
-2.230115895472826
-0.12301176883196785
-0.0014637635808043177
0.062201547379739784
-0.12311605592045291
5.231725454827053
====================
150
1
2.0166413146430493
0.07126079903416505
0.05057384782772445
0.0017870965849342531
0.006832050160898717
0.0002787553267359102
-2.078866740483388
-0.08482009994605105
-0.13584413236624848
-0.1017236136101752
-0.2720249845135012
-0.20369937173554695
====================
200
1
2.7466871244457423
0.07319642145750016
0.920593162501838
0.024532872533479765
-2.4234854658090335
-0.07334520198987028
-6.243314955926174
-0.1889498422784708
-0.13875992027652106
-1.219721969510166
-0.28136652263749795
-2.47325689191611
====================
0
1
0.0
0.0
9.287592361850727e-08
6.010827137123252e-08
0.0
0.0
-1.7335821667074924e-10
-3.64559501534218e-11
0.0
0.0
-1.0328933989769495e-08
-0.01476403313016499
====================
50
1
-0.6129133161941347
-0.05328995801446717
-0.7658613868273747
-0.06658808035426227
0.4380812629062323
0.03930341293324562
0.27113987524175087
0.024325903391983737
-0.011218725245831118
-0.009265560152675325
0.053000049794090565
0.04377281185707059
====================
100
1
-1.20105374133745
-0.05448166706578071
-3.2881523048126446
-0.14915570633241915
-0.9433016845833819
-0.05063278104137177
0.8792998247701043
0.047197409084416664
0.030528784389045736
-0.549819261391347
0.2535449707682359
-4.566310495065197
====================
150
1
-1.4344383629280664
-0.045178409569962955
-3.717458176415896
-0.11708334940965824
-1.4525632074104884
-0.055935531574226025
-0.10010843727041774
-0.0038549913871000637
-0.17666107376397466
-0.12836495082736551
-0.07915392091735973
-0.057514589659547526
====================
200
1
-0.8216043962280466
-0.01999369522110066
-4.589275443383919
-0.1116797511332102
-1.996061471044218
-0.06120117407458814
-0.11017540437809714
-0.003378084392638773
0.1214546020940779
-0.8293193480466883
0.26893590615543544
-1.8363548726330738
====================
0
1
0.0
0.0
1.7977540101021816e-07
1.163486589977292e-07
0.0
0.0
-1.737925359179826e-10
-3.654728427773172e-11
0.0
0.0
-8.7805482013359e-09
-0.012591125131227232
====================
50
1
-0.49576862859924553
-0.043548322854549654
-0.6343939413839728
-0.055725172152212975
-0.10324234032953683
-0.00883359779682529
-0.253653731502153
-0.02170306326456736
-0.1117265952261941
-0.08520251408175042
-0.10171859615286816
-0.07757043077831789
====================
100
1
1.1575600762588856
0.0587997362165216
-0.49971660861400125
-0.025383740656019785
-0.6355754179207196
-0.034688188457210806
0.8051804332683119
0.04394482515173961
-0.045655420995730195
-2.2099374632147266
0.040469442379846204
1.9589116665684903
====================
150
1
0.7476737806647762
0.025286231686058706
-0.7685064531063688
-0.0259907900049682
-0.051846591497273664
-0.002110346522366223
-0.0051293561179477365
-0.00020878361591153261
0.044057492924535424
0.03812777607938935
-0.04282578345792998
-0.03706184291750843
====================
200
1
-0.1638572534435241
-0.004052319307785793
-2.2702810087071015
-0.05614584263036047
-0.5009183341899011
-0.016096545439188363
-0.5020374135952466
-0.016132506016529446
0.05592351868705467
-0.6910981384566145
0.01071724048622373
-0.1324427561661208
====================
250
1
-0.36188472548967354
-0.0072224556273532215
-1.247225813629818
-0.02489199588084832
0.5296170744804201
0.014345733713671436
-2.9369748141431202
-0.07955381470431523
0.027460441363662103
0.023428026263053226
-0.2525540849010769
-0.21546790364897245
====================
300
1
-1.4395154902577048
-0.023545114406832483
-2.0871304280081517
-0.03413768385405546
2.050358252049975
0.049406123110937214
-2.1486787986077047
-0.05177528812037355
0.2260902171085158
-0.9004475522870803
0.11814124841239651
-0.47052012828146156
====================
350
1
-2.755806357801106
-0.03831396544233889
-1.6562275580609338
-0.023026525519314372
4.3346175952632535
0.09413906927721873
-2.968835109548614
-0.06447705429790339
0.10063182944368143
0.09157106523256565
-0.034942994364692614
-0.03179677080382594
====================
400
1
-4.113553424682024
-0.04941788940570002
-2.456723998073599
-0.02951368374327482
5.692147956828215
0.11207213584162741
-4.524606771336771
-0.0890845333875964
0.21922253501305433
-0.8976480358900302
-0.04762333685496542
0.1950027390561986
====================
450
1
-5.493134937203351
-0.058380595351937264
-1.167630098765855
-0.01240947857572508
8.673231755167514
0.15874003458055308
-4.921726131944226
-0.09007887699015472
0.223316675668217
0.2287464180784435
-0.35479454303116387
-0.36342105052975915
====================
500
1
-5.891557042409573
-0.05640784932582449
-0.5113451733972028
-0.004895799410384767
12.04951915140542
0.2100521790174324
-8.461652146426793
-0.14750700414772755
0.3811758349951603
-0.9384589087809075
-0.1699573178816392
0.41843670147809364
====================
0
1
0.0
0.0
1.442522201688945e-07
9.335845051151978e-08
0.0
0.0
-1.134310423367424e-10
-2.3853708839362135e-11
0.0
0.0
-9.105830162731144e-09
-0.013094162692525028
====================
0
1
0.0
0.0
-1.7640504945681812e-07
-1.141673943230269e-07
0.0
0.0
-2.459845660496285e-10
-5.172873400831464e-11
0.0
0.0
-1.2858465326031572e-08
-0.018248931529800897
====================
50
1
-0.6896210450598748
-0.05956209539468186
-0.5477310558661177
-0.0473071546087968
-0.26545714980211166
-0.022402058960301
-0.5748199905813447
-0.048509340698347676
-0.09492491985330598
-0.07332914937384799
-0.0958452465397841
-0.07404009833403448
====================
100
1
-0.820890524094235
-0.0378902819973357
-1.2949835327297876
-0.059773246001564175
-3.1028644567606243
-0.14924922829394943
-2.230635523972378
-0.10729460960905604
-0.1749517701799621
-1.1666917800164942
-0.06186806002026078
-0.4125763174442719
====================
150
1
-0.3445216855341826
-0.011236621511809413
-3.6762505410488977
-0.11990141011966138
-4.639619858419618
-0.15913316404590452
-1.076558668216201
-0.036924617184616544
-0.18389001314154085
-0.13291943902770453
0.062003633567194516
0.044817486554244466
====================
200
1
1.0516735539641289
0.02681479713715577
-3.540870667917119
-0.09028251047220053
-6.3473095858994455
-0.17170666379775815
-0.9053430305343824
-0.024491231956126836
-0.14352699952539236
-1.2108849945512077
0.08623393749069953
0.7275243074393215
====================
250
1
1.2003304866929483
0.024727014723644566
-3.1816023345196243
-0.06554155596530584
-5.981616189045241
-0.13773221158896867
-1.7119099867606309
-0.03941830118582362
-0.08015011550844187
-0.06263049974489998
0.029114206991356806
0.022750277051729047
====================
300
1
0.8307802099328683
0.0141125192626503
-1.2433184649120719
-0.021120334326570272
-6.238944953494553
-0.1253067326465296
-4.516359219986796
-0.0907092820233309
0.038572302256244834
-0.6067819312461776
-0.09335673734224874
1.4685973630262292
====================
350
1
-1.3057742665681218
-0.018527688264861657
-0.8485056407887299
-0.012039483704046576
-4.890891259948347
-0.08849034751419407
-7.397802912930985
-0.13384761913796744
0.1452456099507704
0.13776052253858326
-0.019087571702840478
-0.018103912763127422
====================
400
1
-2.0304484939635756
-0.025018751638569224
-0.584674941460392
-0.007204239454081399
-4.345489544094015
-0.07143935568216007
-9.054842569730951
-0.1488605857685568
0.11621545082531866
-0.8229868897864719
-0.0343575231985743
0.24330492165333545
====================
450
1
-3.9191178383223217
-0.04236069885825826
-1.3634955347006184
-0.014737659372027907
-3.703320563131072
-0.055261475539990924
-10.906701726195841
-0.1627513525738539
0.0410017066464603
0.03538968306307566
-0.0910732584590781
-0.07860779504080952
====================
500
1
-4.366881696415959
-0.04242944269365443
-1.1273320932170918
-0.01095337033863991
-5.4454824763562755
-0.07274279694208571
-13.593998629823226
-0.18159373136425916
-0.06996757769847811
-1.5558294156859125
-0.1262361323947116
-2.8070414120737186
