====================
0
2
0.0
0.0
-2.608221494027063e-05
-1.6880122884354684e-05
0.0
-0.0
8.028371878410212e-07
-1.688306536077221e-07
0.0
0.0
-6.410045077593275e-07
-0.9229469647712294
====================
50
2
-0.9340676548315106
-0.07900673727660726
-0.914530867000753
-0.07735424684361833
-0.4678242178469465
-0.18407526374968086
-0.6053465032373748
-0.23818629517769443
-0.049081611144611736
-0.03930738686033921
-0.07008554858612381
-0.05612855216747105
====================
100
2
-1.0283546233472904
-0.047016085671687045
-1.3013138719826394
-0.05949570615216485
0.4814505188521707
0.06256712576383296
0.2674065356035804
0.03475094051839063
0.322223437739266
-0.9280100001354888
0.3275039521625946
-0.9432179881859232
====================
150
2
-2.607245623298727
-0.07919141819362022
-1.4999204203980803
-0.04555797283058115
4.64483947929085
0.448319290861051
1.245854134010976
0.12024967587499594
0.21026998269752106
0.21254212933862263
0.020106709315952043
0.02032397947239451
====================
200
2
-2.72369138005201
-0.06334864150372005
-1.6022749946490578
-0.03726631620960665
6.058515715027431
0.4025693414534724
1.5919788060940707
0.1057819917818392
0.14369790882541744
-0.8518245229957174
0.06336496342136223
-0.3756201477268517
====================
250
2
-3.670988871016533
-0.06872631552403959
-2.291608343048587
-0.04290228153109795
7.758658709804397
0.3845015733269705
1.7754471981528468
0.087987146565175
0.03162502024634062
0.027077267826017545
-0.04542980182392853
-0.03889688928852944
====================
300
2
-3.242670083757865
-0.05151857627074741
-3.955621668948112
-0.06284573866168915
7.1531837573554995
0.26604921392964076
4.3103084402078515
0.1603138142694023
-0.09513357876328472
-1.3563920909666778
0.12674861812548086
1.8071518532287993
====================
350
2
-3.572787745540637
-0.04911458474987358
-8.137087471088691
-0.1118593380518452
7.991369981159693
0.24306491007299427
7.381830746933488
0.22452521043420295
-0.03670067243473629
-0.02968636792790253
0.4260314329587014
0.34460746979919543
====================
400
2
-4.403647384737354
-0.05271918300975083
-13.38377908342369
-0.1602267023709873
7.327956796491961
0.18484560590674215
11.086738300268344
0.27965978997360413
0.09288421717432158
-0.7879518847053656
0.6276373368657789
-5.324349362461633
====================
450
2
-5.871181803315139
-0.0621487395934644
-17.50159985427581
-0.18526123159705854
8.206920301144336
0.18000117012649045
13.87063246436312
0.3042225320053022
0.04216236592009048
0.036427973382698396
0.4546424548381731
0.39280772988116236
====================
500
2
-5.111967433927148
-0.049311847451946306
-22.684261541342096
-0.21882041682479453
7.99677145011907
0.15406081480208178
17.881370367357754
0.34449133700475054
-0.007991821187069925
0.46998185147697014
0.6078536566188288
-35.74656893311995
====================
0
2
0.0
0.0
3.486780242312193e-08
2.2566057539665552e-08
0.0
-0.0
-3.3101965613013817e-10
6.96109569277853e-11
0.0
0.0
-2.1405457767905686e-08
-0.030300546288582336
====================
50
2
-0.023413877798022398
-0.0021457040621823075
-0.18886286778416483
-0.017307847341464754
-0.0772272099077651
-0.03590482670300729
-0.6040313988282404
-0.2808290332384828
-0.06622575703542433
-0.05231906537304217
-0.044729977418342504
-0.03533716664700663
====================
100
2
0.39421013391617876
0.019276934894715995
-0.613903662158723
-0.030019981499455162
-0.9982159956352348
-0.10880199852851152
-1.8403480907606653
-0.20059140620709875
-0.015123675994692045
1.5318758606892955
-0.08474368046928413
8.583680217853454
====================
150
2
-0.531814329388137
-0.017239885561257464
-1.261771907658268
-0.04090300334228507
-1.1985709562228326
-0.07396772372073773
-0.8205316019387823
-0.05063768191714674
-0.0036576691217833357
-0.003039856721706291
-0.05373118718769421
-0.04465551833680773
====================
200
2
-0.36017961087674877
-0.008864487064480115
-2.2394107102191896
-0.0551148001533857
-1.748647804730826
-0.07650454002664103
-0.3636057677326754
-0.01590800156335885
0.013125253915486919
-0.3442998308739163
0.06499630214645433
-1.70497393654605
====================
250
2
-0.9252076714942774
-0.018259901246566155
-3.9166578470788878
-0.0772991704540695
-1.7382506636208177
-0.05857548678037065
-0.7928961107957164
-0.0267189747877773
-0.03663500071702486
-0.029634821120095835
0.04717542674401698
0.03816119299742335
====================
300
2
-0.4074060537122861
-0.00677806989665088
-3.3972329657311278
-0.056520226656214104
-2.977961227357511
-0.08044664960876063
-0.8184206529120814
-0.022108816895448174
-0.04128367167234995
-2.534708566542276
0.08483524462488407
5.2086602907324
====================
350
2
-0.19067565072673176
-0.0027490003719558777
-3.61720242516553
-0.05214976728450042
-3.432049972804961
-0.0774712750655494
-1.8789014525796972
-0.042412229544227006
-0.13392584579950206
-0.10043141473888761
-0.16841541750200584
-0.12629525348593876
====================
400
2
0.9811920701911276
0.012555975802575434
-4.426951538868664
-0.056650168799653684
-5.045705810568364
-0.09700048239726042
-1.4448448487232355
-0.027776222510198942
-0.11910438825644562
-1.2656130289312253
0.09827876902068959
1.044318285503439
====================
450
2
1.700642895249132
0.019570560008425875
-3.0753931387061044
-0.03539083139598924
-6.069045902241172
-0.10137095338192889
-5.088435094560097
-0.08499186281770273
-0.17912677516548547
-0.129923795905991
-0.38308457513953253
-0.27785797019558045
====================
500
2
3.4550260654041693
0.036330790722330135
-3.2403283235943547
-0.03407316991756877
-8.168189945585517
-0.11999417610116651
-6.029519404076424
-0.088576198398663
-0.13765355410950322
-1.2218794819622183
-0.0282198021725813
-0.250492604297599
====================
0
2
0.0
0.0
-1.5990503765550557e-07
-1.0348877260775893e-07
0.0
-0.0
-2.5356072796967055e-10
5.332192389979257e-11
0.0
0.0
-1.1971866928061244e-08
-0.016982424902233687
====================
50
2
-0.046328116718832746
-0.004254229216766253
-0.8454637297190803
-0.07763744256033944
-0.16468746937477663
-0.0716191355221762
-0.8388044981976912
-0.36477853027373314
0.10494634549659287
0.09530240414405917
0.1592956273434596
0.14465731211155602
====================
100
2
1.0994236637560881
0.05592362264639331
-1.5294757116594724
-0.07779878254889395
1.8711671920092385
0.29093592121580014
-0.7726584640355059
-0.1201357649809869
0.08339800118142551
-0.8189554434827448
0.11776179091338453
-1.1564025316744961
====================
150
2
2.8982666583608996
0.10621193432684761
-2.3126936927677555
-0.08475261236082451
5.547299651992962
0.5750639463308853
-0.8133957950816519
-0.08432113373946801
0.3288836909409012
0.3749005992669147
0.3477548913751014
0.3964122295074639
====================
200
2
8.505836810210951
0.2692125739059011
-2.0036491566303525
-0.06341616453460591
9.901178282989397
0.8639443554897106
-0.058573629142083306
-0.005110942842509029
0.14218547180867863
-0.8852175170055484
0.0731557779594764
-0.4554528342180753
====================
250
2
12.376478304644444
0.333134045820521
-4.648675572273589
-0.12512704042129505
14.598938316106288
1.0692319352974706
1.7190071907909932
0.125900757000386
0.3156784468282732
0.3545112739579809
0.30576938366930984
0.34338325860086916
====================
0
2
0.0
0.0
-9.919368415545193e-08
-6.419705426956592e-08
0.0
-0.0
-5.166489458474643e-10
1.0864740763880683e-10
0.0
0.0
-2.3439164658260367e-08
-0.03344723103473235
====================
0
2
0.0
0.0
2.0865845473672096e-07
1.3504145723054102e-07
0.0
-0.0
3.527268255254512e-09
-7.417581223182003e-10
0.0
0.0
-5.691336378106615e-08
-0.08184128535345109
====================
50
2
-1.5375434584903633
-0.123734911148606
-1.714300852126554
-0.13795958901098482
0.48644244669703585
0.30647512251692444
-0.19172165558047838
-0.12079109930094171
-0.021511515263427317
-0.017616633226758792
-0.03397250036900923
-0.02782142826610953
====================
100
2
0.38276927350745993
0.018707009100863398
-2.301757767972905
-0.11249336478575249
1.7352241617268627
0.2693957891367563
-1.0425998089957593
-0.16186496505369394
0.11438940072430719
-0.8206678467712509
0.10925598550745463
-0.783839007858539
====================
150
2
8.622825679868615
0.39748862498131765
-3.084908348153366
-0.14220581779400568
8.235547610381342
1.2165031084094982
-1.5374843837976941
-0.22710748823348145
-0.6742486726486157
-0.35982414349224395
-0.6815591426683583
-0.36372549876380333
====================
200
2
18.81489782409878
0.8768786730449246
-2.107704526635935
-0.09823073001863762
10.885406136337217
1.06482378421001
-1.5907530388448627
-0.15560941404950862
-0.6067551954545363
-1.0429668515350274
-0.6079267431589419
-1.0449806545149454
====================
250
2
24.230437042165548
0.9497224506446917
-2.0316058758034607
-0.07962967022652498
11.87220846911
0.7390138246628423
-3.054393719181581
-0.1901279943248636
-0.30665444797586594
-0.20359016410250835
-0.2711504668987754
-0.1800188075430689
====================
0
2
0.0
0.0
1.388151149583905e-08
8.983960372811953e-09
0.0
-0.0
-2.7853630513163807e-10
5.857410090471243e-11
0.0
0.0
-1.4811809782694345e-08
-0.021036992812810077
====================
50
2
-0.8736082848615858
-0.07483711966921373
-1.0572461663789632
-0.09056834652805046
-4.378987101797054
-0.6662694960789831
-4.544670001913181
-0.6914783993717045
-0.5246953573743867
-0.3020433550471044
-0.5078090351631555
-0.29232266409109997
====================
100
2
0.3095514753438806
0.015199147178668545
-1.6008906594048433
-0.07860460920827256
-9.930636938444707
-0.5410472398394582
-8.371260513268469
-0.45608830760359087
-0.22668886589041667
-1.0564799305871626
-0.08257043637469116
-0.38481823333950205
====================
150
2
2.16777997207474
0.07772198512021529
-1.5244012753620524
-0.054654759600685957
-15.488314282556688
-0.5018479608519942
-12.213934861702267
-0.39575244874954535
-0.6021726362198478
-0.33184325330341125
-0.39460819563510774
-0.2174593456151919
====================
200
2
3.342462039488744
0.09134194070681446
-3.3894067531875223
-0.09262483373731484
-23.02239113519753
-0.5158840322345779
-16.101301019436683
-0.3607967584839857
-0.17972273285514723
-1.072306799462099
0.12521562424651123
0.747092830970046
====================
250
2
4.926796015304504
0.11098427478096347
-3.8748287083553805
-0.08728696149818171
-28.7878131302978
-0.5020292389005977
-19.70728127405534
-0.34367429627370444
-0.5776488298897566
-0.3226897466015828
-0.26128961724337385
-0.14596321504534224
====================
0
2
0.0
0.0
5.7189023072723444e-08
3.7012106133870277e-08
0.0
-0.0
-3.5485392402279103e-10
7.462312513314495e-11
0.0
0.0
-2.1925796024780195e-08
-0.03101426827976349
====================
50
2
0.645219648988709
0.06382185232903861
0.1940879913135749
0.019198198845725906
0.1775534055706487
0.0855553360168584
0.2949556048722912
0.1421263974284264
-0.026603646396649916
-0.02135981196366631
0.04554403048787958
0.03656686428560769
====================
100
2
0.005682341599996477
0.00027604309220009376
-0.21634649451308263
-0.010509919947804437
0.901407985199266
0.11790289314825343
0.13703089890979658
0.01792344831358392
0.13699244599914964
-0.9601910961455213
0.14232604872944468
-0.9975747475918101
====================
150
2
-2.2180373306753083
-0.06899655947402854
-1.222424242533787
-0.038025990719821406
3.189445941808369
0.2578789938619214
-0.07421875347603901
-0.006000872195762983
0.21037852377253974
0.20860168430357848
0.11698631401981818
0.11599825736673769
====================
200
2
-4.610292478945517
-0.10389374727246466
-2.5234701462783207
-0.05686684105712407
4.263966590887353
0.2424448686842049
-0.2422891062840442
-0.013776315856270347
0.1750526604698745
-0.9685744100017736
0.014957300992933076
-0.08275943333601757
====================
250
2
-6.515360336367571
-0.11714373882111678
-3.0734985131552506
-0.05526035222986281
6.396714061701317
0.2847374265144068
-1.6137126162171782
-0.07183131417840836
0.19888585154863914
0.1949841160539699
-0.036923700536214965
-0.03619933270484384
====================
0
2
0.0
0.0
-9.808053302862163e-08
-6.347664257512564e-08
0.0
-0.0
-3.3522695730425767e-10
7.049572088146164e-11
0.0
0.0
-2.337790424140371e-08
-0.03376413547043488
====================
50
2
-0.2314377429004697
-0.02081274093928247
-0.174648571652817
-0.015705802483517113
-0.14708762506459916
-0.06623340814985289
-0.30528824879061833
-0.13747098830797183
-0.09563321268939018
-0.07383590434475515
-0.12953034955894593
-0.10000699789141441
====================
100
2
0.5749687012027138
0.02836679315216123
0.1501744580031783
0.007409042923559359
-1.2562173842338016
-0.1331781084547169
-1.436505918182161
-0.15229142930878317
-0.049858446886310206
-2.0054002893748413
-0.04814077880811911
-1.9363124561956624
====================
150
2
0.11053574964238067
0.0036594511488202
-0.13722536871592084
-0.004543050866524494
-1.0823961632784513
-0.06728057131864451
-1.3805827413175322
-0.08581552553471915
-0.05054024271706914
-0.04042831667673401
-0.07874008114024811
-0.06298602389605391
====================
200
2
0.36039726132643324
0.009029984307012136
-1.0792712121449028
-0.027041831763119546
-2.6865934763191
-0.1129070826918826
-2.1975936076308074
-0.0923563186492504
-0.005097942569769365
0.2561984614219938
0.042835235774954086
-2.1526961808610707
====================
250
2
1.0134296906701294
0.02079675456113259
-0.8745622999194396
-0.017947034379678945
-3.5028968084885044
-0.11141515444392075
-3.0063846047508136
-0.095622801175428
-0.19518046436663372
-0.13993837579122462
-0.11956845984115372
-0.08572689956613151
====================
300
2
2.329095886281884
0.040597802877451225
-0.43381038767772395
-0.007561624538028759
-5.904675128043422
-0.1478217865713106
-4.83211204324698
-0.12097048857998775
-0.13809935691889785
-1.2210052270635647
-0.05797975384141388
-0.512627894029951
====================
350
2
1.4190586962888716
0.020944872715578773
0.10137289813965822
0.0014962329986047697
-6.224309472564137
-0.13217004487603265
-8.374324754342929
-0.17782452551029884
-0.09386808481316433
-0.07257199701775087
-0.23315486189287804
-0.180258433690671
====================
400
2
0.7654077850365724
0.009767687034331866
1.5696778421578585
0.020031311683341112
-7.516211880814943
-0.1379429453154005
-13.302888074712293
-0.2441442033999669
0.030062234130450796
-0.5460044431733857
-0.3161794772247053
5.742600455302178
====================
0
2
0.0
0.0
-1.7191959655882272e-07
-1.1126445727882353e-07
0.0
-0.0
-2.467626103452858e-10
5.189233062829637e-11
0.0
0.0
-1.2809132363160712e-08
-0.018192619903678486
====================
50
2
1.4029669172346786
0.14860192486329282
0.7069167053412961
0.07487645064275018
-0.6552790696293744
-0.23491780331599177
-0.39290195408636164
-0.14085550454821238
-0.29876249769393604
-0.19853593464268626
-0.1974967738075406
-0.13124206310848205
====================
100
2
4.286227650623211
0.2601886958584899
0.9768129330158537
0.05929588996565491
-4.0270510544246285
-0.32664967336091516
-1.3810423608933302
-0.11202168286089621
-0.32061697368870185
-1.0612702996611807
-0.03647003825034706
-0.12071902487664347
====================
150
2
7.557423199208852
0.3339575577104766
2.4926124153090363
0.11014690226988484
-6.148199066866347
-0.2881095476657244
-2.8570758485010117
-0.13388486960261045
-0.49114906407175285
-0.2893853141312973
-0.3091205456992401
-0.18213400526513882
====================
200
2
11.432899258657809
0.3987742724838848
-0.4135702671923269
-0.014425140875416697
-8.833195696406221
-0.29256769270809135
0.6147276569610192
0.02036063259801977
-0.32263997741028966
-1.0608627432727447
0.12746610905319877
0.4191174547242164
====================
250
2
13.509454509526925
0.3750428215724683
0.6962689805280036
0.019329476467496002
-10.800719936009475
-0.2765883810062043
-0.6388607776909012
-0.016360156474455958
-0.26144642119675554
-0.17815621077151622
-0.016921014846641214
-0.011530407927127432
====================
300
2
14.45354196575326
0.3212419438918411
0.18451097998466537
0.004100909384018482
-14.132662801957224
-0.29110149545657854
-2.102027251807286
-0.043297097303336265
-0.18136267524908178
-1.1136622036006276
0.0702902114189394
0.4316188633237884
====================
350
2
16.053577599445134
0.30392867107223576
-1.2842620671964013
-0.024313836649406766
-15.392095811127135
-0.27147199212258843
-1.0669056436059279
-0.01881712562282473
-0.2281545273274317
-0.15907913091602865
0.06116518249429137
0.04264699099986819
====================
400
2
18.105506049472247
0.29835729336599637
-2.2510890773012733
-0.03709528153447792
-16.527826842671374
-0.2582409928420239
-0.25298147201777255
-0.003952739045876102
-0.17760659954710367
-1.116345631842841
0.14547582643829457
0.9143877749883186
====================
0
2
0.0
0.0
-5.0508889071210206e-08
-3.2688796478027706e-08
0.0
-0.0
-1.5026024868802779e-10
3.159860602135489e-11
0.0
0.0
-1.10266031381133e-08
-0.015608734109540088
====================
50
2
-0.23795708964899198
-0.02148842695372688
-0.20031279757613518
-0.01808900472333413
-0.15547272267557366
-0.06757392506005667
-0.44196171294069386
-0.19209213780856257
-0.0600814996894552
-0.04740714639590191
-0.08069411335500742
-0.06367147399584208
====================
100
2
-1.5331441646742903
-0.06882129892092362
-0.8926178790708619
-0.04006871845006657
0.01030174332147027
0.0012390664863423562
-1.0818454194357052
-0.13012151058277951
0.15275371563110668
-0.8982336974898114
0.028734045697555888
-0.16896406090105556
====================
150
2
-2.3418913901671736
-0.07204672873880197
-1.3914862780342325
-0.042808148506896015
1.5512920582764043
0.1134419139871042
-1.7376334137107783
-0.12706856791255103
0.05311717437548391
0.04602266792617215
-0.05954034986548895
-0.05158794273763631
====================
200
2
-1.4086695089467227
-0.033960040139436404
-1.6398340185096671
-0.03953292716063737
2.9294223659116483
0.158554983656995
-0.09326253426292652
-0.005047834606556095
0.24764976602341893
-0.9346820683866027
0.3501347767755847
-1.3214819566586518
====================
250
2
-3.0791787162253996
-0.05857296284949953
-4.895105570888248
-0.09311601020011313
5.45306888572798
0.23860720581174386
2.4114235368121726
0.1055154527120213
0.1632738818963384
0.1563932468110779
0.33247293827172597
0.318461971316065
====================
300
2
-3.537787829256011
-0.05621172384624441
-6.2270589411700215
-0.0989414104149224
7.301319291975929
0.26858283638984737
4.783000666014676
0.17594517291478365
0.1927894842820128
-0.9176262352896221
0.3663138912435635
-1.7435558698026192
====================
350
2
-6.991250582351441
-0.09222124427868013
-10.079458680650745
-0.1329576461658614
10.318202553382072
0.33210209762023357
7.688213319158471
0.24745315446511004
0.26580431282655503
0.2823304406912574
0.3918768248930664
0.41624139011222566
====================
400
2
-8.342357462540065
-0.09581327747491865
-14.146546635858911
-0.1624752960083215
12.846264409698236
0.3699916374831089
13.361531692789065
0.3848321062553632
0.41463770262820904
-0.9599337314176379
0.7662689088666722
-1.7740002134279234
====================
0
2
0.0
0.0
-1.7809124863710224e-07
-1.1525869204884259e-07
0.0
-0.0
-2.6992896806632416e-10
5.676404231793246e-11
0.0
0.0
-1.279921056404697e-08
-0.018528072565359054
====================
50
2
0.1395343446143844
0.013066622009795309
-0.23766188813324973
-0.022255725405480535
-0.8659862536855609
-0.28534571297751055
-0.47100969857311803
-0.1551994592138982
-0.13413269592053245
-0.09980541632645819
-0.0638941468227785
-0.04754233768811541
====================
100
2
1.880036235364578
0.09983881671719493
-0.39375941717954177
-0.020910487544318134
-3.1872981128832993
-0.2757074663611008
-2.0136834208210477
-0.1741875200703114
-0.2854604448504164
-1.0545511012992548
-0.10439059339797252
-0.38564087325934143
====================
150
2
3.4065642759632304
0.1275585961702671
1.263791911397039
0.047322612758733965
-6.21820690355108
-0.28899194008812246
-4.982112936460922
-0.23154431905823886
-0.25710846158017464
-0.17527121060019984
-0.313544192708167
-0.21374353023961437
====================
200
2
5.734666834724152
0.1673363179274686
4.014515163308467
0.1171426701939072
-9.266556626069004
-0.3011605290371049
-10.518121807212168
-0.3418360514870649
-0.32931978556038793
-1.046944833776442
-0.5305380559638138
-1.6866404667060582
====================
250
2
8.905762785836245
0.21989048221028648
7.925138245579312
0.19567806961747902
-12.773787317019643
-0.31002632417816145
-19.970815304974774
-0.4847018590635876
-0.574373915286581
-0.3219254012861554
-1.1573859823513213
-0.6486923185317658
====================
300
2
14.309583522577519
0.3180641699403941
13.112982320071644
0.2914668921353337
-16.913919056757614
-0.32812835838375976
-31.483867639920216
-0.610783921194843
-0.4838503710493101
-1.0314797638011164
-1.1188247619285692
-2.3851280689651673
====================
350
2
17.29430003146596
0.336421869828163
15.2057742006156
0.2957942778515748
-21.222069565812113
-0.33803682349207365
-47.34972677073826
-0.7542125512858979
-0.4115063202120077
-0.2538101163632681
-1.5710250750691497
-0.9689816110417973
====================
400
2
21.023825965626415
0.36518977028686467
12.354933949688302
0.21460867771512787
-24.065491453947587
-0.3350431962925843
-65.707447063773
-0.9147884275125028
-0.3333924327823416
-1.0463447889773796
-2.038372231658497
-6.397386241770237
====================
0
2
0.0
0.0
-1.1178686110113745e-07
-7.234721654868314e-08
0.0
-0.0
-3.339719611972214e-10
7.023180459484987e-11
0.0
0.0
-1.2352187355754123e-08
-0.01757515026869829
====================
50
2
-0.6215867635262935
-0.05422072546130436
-0.20659307351124845
-0.01802101810777481
0.09258852137634932
0.04530294872857957
-0.4583572856686089
-0.2242711764195
-0.0017969021719341782
-0.0014873749807980676
-0.08004991245229065
-0.06626083426036072
====================
100
2
-0.5623669359312871
-0.0263786829421071
0.23714016718548692
0.011123422952782831
0.314760964119972
0.03938867989012095
-1.5299767035799414
-0.19145881950495958
0.09140143199185508
-0.8334122145160122
0.019603205951679498
-0.17874502540899517
====================
150
2
-2.180651419081112
-0.06738064463860997
-0.5920184442099483
-0.01829296698214264
0.4869724722954576
0.033101469769339566
-3.130140725050566
-0.21276820452630424
0.10447917467785484
0.09482358142563252
-0.11786694826249178
-0.10697410465215096
====================
200
2
-2.370532612540657
-0.055820240725706904
0.8677652230575887
0.020433746993489453
1.7493501026434082
0.08916752828997043
-6.221742671872484
-0.3171334399379477
0.20103071178285636
-0.9166901331852001
-0.1555185413680174
0.7091568802353186
====================
0
2
0.0
0.0
-1.7809124863710224e-07
-1.1525869204884259e-07
0.0
-0.0
-2.6992896806632416e-10
5.676404231793246e-11
0.0
0.0
-1.279921056404697e-08
-0.018528072565359054
====================
50
2
-0.7711780391533853
-0.06614022339589255
-0.6528030879360909
-0.05598777438867634
-0.212550090026292
-0.09297053691975378
-0.4496971007796764
-0.19669989744803923
-0.017572560964306705
-0.014437439287127863
-0.03115205278441424
-0.025594213140470813
====================
100
2
-0.5888617295812182
-0.027474655010427285
-2.3120852706162083
-0.10787548582932537
-2.212293454938404
-0.21295215879893867
-0.23548668055486743
-0.022667606271045675
-0.08409390162759246
-1.4229679151539287
0.11456775137772274
1.9386213645287738
====================
150
2
0.7278604737822505
0.024599662882874553
-4.076057446986557
-0.13775942326701565
-3.392935014519159
-0.18441532499143973
0.06052083554333976
0.00328947342277942
-0.27542418768534693
-0.18672777862475343
0.009793462787185625
0.006639618570408691
====================
200
2
2.2771075192285437
0.05993261564106331
-4.34805257769726
-0.11443911265751264
-7.688322653699558
-0.26698848143151044
-1.0979673824266207
-0.038128556422427864
-0.3378041394484097
-1.0799096590858435
0.0010645302622201425
0.003403145131489091
====================
0
2
0.0
0.0
-2.1839011021818067e-07
-1.4133966714416313e-07
0.0
-0.0
-2.674580557027184e-10
5.6244427935733044e-11
0.0
0.0
-1.2467201620408028e-08
-0.01805613613577844
====================
50
2
-0.6886289380734549
-0.05948150418483914
-0.5406444666154471
-0.04669909195722263
-0.22291711655646607
-0.09706497842065945
-0.48080922657104197
-0.20935914622666701
-0.10791967687238868
-0.0825389929820926
-0.1532849370746896
-0.11723519484244609
====================
100
2
-0.560207261007573
-0.026172708255002997
-1.8811358437841648
-0.08788607905374199
-2.450409420426924
-0.23058762616634856
-0.056812806546483685
-0.005346180147772713
-0.11487539008359995
-1.2781111569043437
0.042641892200398976
0.4744365014402073
====================
150
2
0.9516450442747768
0.03240807183167648
-1.4830165782196083
-0.05050381766148393
-2.8306904320514885
-0.1587057635709492
0.24619133000960502
0.013802986921959262
-0.3116812317856854
-0.20623919918266648
-0.18572167953975693
-0.12289187334024913
====================
200
2
3.029272608660648
0.08133957402810733
-1.5052494608510827
-0.040417739097373236
-5.896497117704829
-0.21835131651522147
-0.4852444197001091
-0.017968932360714063
-0.33092496926851456
-1.0817065162302135
-0.09403932605301443
-0.30738977478276885
====================
250
2
5.877261032114362
0.13398107070392268
-0.37539321470492126
-0.008557657141026949
-9.526510152293657
-0.25428674499261966
-2.9587797675467797
-0.07897734471613864
-0.5620071219993843
-0.31903459675219664
-0.34935736849760257
-0.19831970595768236
====================
300
2
10.637469468718592
0.2168185303667242
-1.3375162920428423
-0.02726196466509934
-13.82945974896623
-0.2889001740326539
-1.9208080522965858
-0.04012606353861999
-0.5497645617265552
-1.0476331469181466
0.026056216420583866
0.04965281123204493
====================
350
2
15.146845180861554
0.2803709965164147
-1.0582720833282906
-0.01958881833447104
-17.426853235332395
-0.298938725805364
-2.1690325857034622
-0.03720739646133477
-0.56893499345922
-0.321702169129155
-0.08518184938387141
-0.04816575888680787
====================
400
2
19.6952410337513
0.33139465417281355
-0.9586118434898125
-0.016129725948256762
-22.295053446523944
-0.32187273907733466
-2.869598331542349
-0.041428269155788566
-0.5256014864583708
-1.0499322910045317
-0.019542791783035474
-0.03903833736781508
====================
450
2
23.970586380342652
0.37090050165430805
0.2333157338963474
0.0036101295718390883
-25.9250782585195
-0.32517842101134253
-4.206321678718297
-0.05275991949231271
-0.5202792149580531
-0.3025127403355561
-0.2478021097277796
-0.14408281768612763
====================
500
2
28.459795166180925
0.4060212512547498
2.457539952651956
0.035060457770616636
-29.492397534219847
-0.3299082455571708
-5.96656426601939
-0.06674325974084071
-0.43428312001981284
-1.0610729769526808
-0.2760344373352105
-0.674427967984037
====================
0
2
0.0
0.0
-1.2018139639025094e-07
-7.778007287043387e-08
0.0
-0.0
-2.319362479852316e-10
4.87744575575741e-11
0.0
0.0
-1.1581854474475409e-08
-0.01641982758641675
====================
0
2
0.0
0.0
-1.0116748772048823e-08
-6.547448431589728e-09
0.0
-0.0
-8.189893208054855e-11
1.7222732632130755e-11
0.0
0.0
-1.1323614224672954e-08
-0.016000811356583846
====================
50
2
0.1531865955625431
0.01426932411203607
0.15652165835282794
0.0145799850527914
-0.40630719594531284
-0.1638357514116327
-0.7220785301181916
-0.29116461569153246
-0.12010628221378905
-0.09101126002774977
-0.14121021854927163
-0.1070028951198996
====================
100
2
1.8879848995524284
0.09959796010470452
-0.9270879219725252
-0.04890720571338386
-2.4483675473320243
-0.23043974316727736
-0.7653743328973999
-0.07203684140148632
-0.23712113696116993
-1.1178377945134481
0.006692540937003999
0.03155001404171153
====================
150
2
2.2130270280679554
0.07874682887374126
-2.5877523038080987
-0.09208079488008344
-3.9176090715126293
-0.20702884573829242
-0.7773427182125161
-0.04107923040735309
-0.1318655038305545
-0.09903937877761788
0.131264395380577
0.09858790810686346
====================
200
2
1.9527350476940413
0.050960189832559795
-3.6250222414156568
-0.09460158037719485
-5.936439487956189
-0.2195057276484353
-1.4203927386114081
-0.05252042782007582
-0.01885186197747212
3.0681079246946514
0.07567185938853828
-12.315464209519194
====================
250
2
3.4179165200895554
0.07378014273000405
-1.3191427497075168
-0.028475400081486038
-6.197814182734305
-0.18156794470295495
-3.5143681039413757
-0.10295510235525417
-0.3312518380325269
-0.21638686834258045
-0.327720667279632
-0.21408016723764406
====================
300
2
6.090057967052246
0.11360133536351613
-0.28268893350797697
-0.0052731584022242695
-8.7070239280795
-0.20368782858454743
-4.56157723777909
-0.10671129081057432
-0.2577263122421399
-1.1074048099513463
-0.1624445641652676
-0.6979958318654511
====================
350
2
8.236365246972234
0.13516691632840014
0.8031548745494135
0.013180567455635233
-10.774094374857498
-0.2086265019318182
-7.572146634405691
-0.1466248957441255
-0.2924962830246558
-0.1960331044644597
-0.28318995033871475
-0.18979593362338507
====================
400
2
9.240387156852051
0.13222042691404481
1.6354985801530688
0.023402300879222265
-12.336632329296968
-0.2080086917679233
-9.6742622410342
-0.16311831129136187
-0.03634087128735392
-3.2033768515053938
-0.07757010107212117
-6.837652960451616
====================
450
2
8.650839828911643
0.10820607304750234
1.1107347918591017
0.013893246482570593
-11.907500027395265
-0.18121806716915517
-12.052701229374009
-0.1834278577307918
-0.016520228390325187
-0.013584598011679496
-0.1800523538307428
-0.1480572053882589
====================
500
2
8.481136218203645
0.094158468700586
2.0784208735336307
0.023074847724673334
-11.700047377386028
-0.16340069787811776
-12.63229798242427
-0.1764203374186355
0.12915071336492284
-0.8378410541009592
-0.1222537957803119
0.7930985935400924
