====================
0
3
0.0
-0.0
-4.861306535364207e-05
1.2017955338482114e-05
0.0
0.0
8.960224362475344e-07
3.0488059274007655e-07
0.0
0.0
-6.778495947138314e-07
-0.980570840566264
====================
50
3
0.4159791430430646
0.08519961672475816
0.2120888519449986
0.043439410844300815
0.17651174890855437
0.018403208604671265
-0.024818999242368633
-0.0025876420308606008
-0.07833608498198652
-0.061299883587048846
-0.09558469120350188
-0.07479733567009428
====================
100
3
1.3801879175139469
0.09948248555062655
-0.643789876454397
-0.046403693489344734
-0.8882300240295571
-0.05300070485706428
-0.006356213071267547
-0.0003792753722403501
-0.09031782022310714
-1.3826669562874925
-0.08199386659903979
-1.2552363385728846
====================
150
3
3.1014944893100456
0.14342558668441827
-1.0092753937217687
-0.0466729558829215
-2.1942372132404486
-0.08814375517952999
0.5805597362241457
0.023321414361240262
-0.2762752300748934
-0.18719674696176916
-0.16829924515934125
-0.11403509175038776
====================
200
3
5.309157338378757
0.18075429934430995
-2.499419897755722
-0.08509465129621142
-5.566608534256414
-0.16196618955762096
1.2698381543305146
0.03694724461871453
-0.31164304790279773
-1.0872026940698278
0.10205018481813843
0.35601383252807006
====================
250
3
8.254701346977363
0.22994408372553096
-2.8479658484831845
-0.07933332412454462
-7.379984986095565
-0.1715823205858383
2.2281004576226664
0.05180263208360881
-0.33692263985293747
-0.21927897209319527
0.058297602202806775
0.03794176102890942
====================
300
3
10.629288700322867
0.24446596459182487
-6.200084296798124
-0.14259746168352164
-10.961310149147572
-0.20801266804919116
2.717358672512489
0.051567287105719624
-0.31531657895269805
-1.0860992855337688
0.20064404746404213
0.6911129041203722
====================
350
3
11.162549269190748
0.2129509318319639
-10.569628551840644
-0.20163962504914199
-13.170347819006324
-0.21334219490585396
5.160956343236542
0.08360065878369836
-0.21048084224001729
-0.1492707904108916
0.38761247505638874
0.2748906737023156
====================
400
3
13.223873960784026
0.21925570378594214
-15.050811973315454
-0.24954687117749216
-14.155685907633867
-0.2056869287733157
9.002453950414576
0.1308087164808737
-0.11060962714259526
-1.2919683468678285
0.7012391189817011
8.190776596162602
====================
450
3
13.322791454616748
0.19118402891773978
-20.335602585057785
-0.29181890641499886
-15.721628274700379
-0.20360461584517633
11.332105445307931
0.14675763448890755
-0.15080762600625475
-0.11167731668910798
0.660332800254515
0.4889951337816989
====================
500
3
13.34601140572967
0.16762565452409087
-27.703293925941445
-0.347952855398846
-17.39463474080553
-0.20466153145156638
15.28308138397287
0.1798174487679966
-0.07272491503665547
-1.5237192869092426
0.8388467119337366
17.575364826340504
====================
0
3
0.0
-0.0
-3.5729274294737934e-07
8.832869117960855e-08
0.0
0.0
-5.533942193380881e-10
-1.8829791618420984e-10
0.0
0.0
-2.5020860829513068e-08
-0.03556314558728427
====================
50
3
-0.26711683277275355
-0.048290548803830324
-0.0714395961065577
-0.012915162502112235
-0.08383087986740989
-0.008469436891998125
-0.25291511121062626
-0.025552023035175488
-0.05929605646843905
-0.04691718746757384
-0.13220766244247417
-0.10460749083313481
====================
100
3
0.11132795830642728
0.007383451667344104
-0.3377090748416318
-0.022397416333222443
-1.1924276761797863
-0.0694937514998549
-0.9914662834670338
-0.057781878851119815
-0.03505705822260192
-2.332459847376754
-0.09427949830983166
-6.272720969403284
====================
150
3
0.008303565545908498
0.000337282080130833
-1.2418995571825846
-0.05044465099290954
-1.137687761310545
-0.04744313824497705
-0.6499850632071862
-0.027105267595905234
-0.05703044376007238
-0.04520558975130037
-0.1365066121798244
-0.1082029439311726
====================
200
3
0.6479065205122367
0.01910976088034128
-2.414030476804303
-0.07120092746267587
-2.2721934618198567
-0.07267143560289109
-0.12136313062845616
-0.0038815501761752477
-0.037039306179224615
-2.1772038583957882
-0.09597674792974564
-5.641599896547971
====================
250
3
0.48830882729327385
0.011224956032490267
-2.88355686593502
-0.06628550873577845
-2.6884648637849864
-0.06972353604990161
-0.2210561594649576
-0.005732943476824412
-0.09204117747038043
-0.07098709948612461
-0.07052877289104309
-0.05439557766915724
====================
300
3
1.3830388082386023
0.02632736328680614
-2.6357365183502424
-0.05017356883519705
-4.0661733469327785
-0.08822481903045297
-0.9275287311302165
-0.02012483174413514
-0.06944039329206392
-1.4052943542215355
-0.05288987728610137
-1.0703546224603901
====================
350
3
1.4401272059068688
0.02326039486674306
-3.1565954365562945
-0.05098414639186173
-4.5074475647613
-0.0843995908839687
-1.9464837834094268
-0.03644688765020277
-0.08473732350333885
-0.06572420766739258
-0.06367812853552834
-0.049390214025052094
====================
400
3
1.891931320951997
0.026502648393168668
-4.050410112230139
-0.056739160594135474
-5.776556844086592
-0.09496655305093693
-2.0917465442890517
-0.0343882981729319
-0.03746801044590535
-2.1482679382678778
0.04903582986338993
2.8115210780665114
====================
450
3
1.5455733274088885
0.019040989729716688
-3.3341055050255903
-0.04107515803563617
-5.7712747944709974
-0.0852503159877169
-4.429418890175327
-0.06542910768885353
-0.036167125196486793
-0.0291502011021636
-0.22442089006039856
-0.18088012362737185
====================
500
3
1.673038615234816
0.01839142309531001
-2.9347434124946403
-0.03226112492794281
-6.573875691838737
-0.08805942601862125
-7.019888231108382
-0.09403392417561443
0.007059838631753905
-0.26063744156777735
-0.01440670810409908
0.5318715819901533
====================
0
3
0.0
-0.0
-1.600203614060547e-07
3.9559685089507587e-08
0.0
0.0
-3.614624155545698e-10
-1.229912009447636e-10
0.0
0.0
-1.2739934645474806e-08
-0.01842946948924036
====================
50
3
0.03281177344510855
0.006364160831713538
-0.809882573790218
-0.1570845587796604
0.5353682340750936
0.057073483329013235
0.21485909724730412
0.022905275891118345
-0.08009977534090362
-0.06182472036742034
-0.13081157278175537
-0.1009664368424837
====================
100
3
4.501596296796514
0.4269334539650724
-1.4609522648486788
-0.1385573817345212
1.0807420404202954
0.07159433210232813
-0.6568617249943749
-0.04351415483593717
0.11897425897121981
-0.9290842044069847
0.16897858442035255
-1.319573956800011
====================
150
3
10.5034240593676
0.7554050624625194
-0.5798010543175227
-0.04169922581217133
5.913005504334443
0.3429423962727389
-0.05039190242828795
-0.0029226287306567114
0.3571260952670937
0.4160520683430583
0.34727436371475073
0.4045747964678475
====================
200
3
16.50883526990528
0.9297585380706127
-1.9102706540104055
-0.10758423726170588
11.58520336777585
0.649752462794422
0.8549250164848914
0.04794819886465782
0.3461289456497785
-0.9744344223958619
0.3281388694439833
-0.9237881250064809
====================
250
3
18.399943506570537
0.7293720586070075
-5.348229423933862
-0.21200331965390196
16.814661630050175
0.8587844556877076
1.4543695490787627
0.07427981538101608
0.15981404920559728
0.15138482132291786
0.175864196397304
0.16658841998586918
====================
0
3
0.0
-0.0
1.9999317935059935e-07
-4.944162764899753e-08
0.0
0.0
-2.8293234421994384e-10
-9.627055899566228e-11
0.0
0.0
-2.132012898570915e-08
-0.030658044514796746
====================
0
3
0.0
-0.0
8.260422390549138e-08
-2.0421133766511935e-08
0.0
0.0
1.660568571537624e-09
5.650250594870148e-10
0.0
0.0
-5.663653850802781e-08
-0.08037879484713222
====================
50
3
0.6650422040339672
0.14576525720250108
0.5920353748669225
0.12976347691468976
0.13795583824018287
0.014184364004757415
-0.3648569885594597
-0.037513920406882575
-0.22385758961831037
-0.15613427425158535
-0.2620769495802342
-0.18279118608642528
====================
100
3
4.46807867196471
0.4194829442789288
0.350841142528024
0.032938514795023556
-0.03006359746556697
-0.00186741892168708
-1.660072965350924
-0.10311645738432029
0.3794228701793552
-0.9627432296160807
0.3745847517400908
-0.9504670434987792
====================
150
3
7.621350864934325
0.45098789205489387
-0.704572760698305
-0.04169258045953562
5.897099310533768
0.34489638057392047
-0.9550544303352808
-0.05585709158489839
0.48249184564786307
0.6633092618373703
0.4568828401647147
0.62810309063129
====================
200
3
10.236924239988802
0.42343901852315735
-2.2238903080231722
-0.09198875631549308
11.071724325723729
0.6107313094059154
0.09778652601477944
0.005394037217536848
0.33331322822924303
-0.957806694017625
0.35861076802789166
-1.0305015375137796
====================
250
3
14.67256173836234
0.5034997359469869
-2.5017546055077844
-0.08584954732096566
16.44635823854798
0.8356749680877656
-0.4034365984316608
-0.020499484544219713
0.3535765812872692
0.4129041806953053
0.36089743241989913
0.42145341783059775
====================
0
3
0.0
-0.0
-1.4579358165178746e-08
3.604258950752272e-09
0.0
0.0
-1.8128165635289406e-10
-6.168289610004298e-11
0.0
0.0
-1.516307824173683e-08
-0.021463959269191063
====================
50
3
0.12464928761826055
0.02472824680572022
-0.14592199143933815
-0.028948380593597018
-3.7784801244523383
-0.27530594429731026
-3.8124238894208737
-0.2777791398573962
-0.34736553135882997
-0.22179365647222768
-0.3227613865863985
-0.20608385587081893
====================
100
3
-0.06370436305355653
-0.004228501014661673
-0.23035113367328108
-0.015290004573894822
-5.956028683843719
-0.26834821584385543
-6.810449543439876
-0.3068440534939244
0.16688694255123268
-0.9665463173937812
0.1003868429090098
-0.581402785893238
====================
150
3
-1.3817066315983304
-0.053715828609575994
-1.1365672974333911
-0.04418568512011678
-7.345855791789763
-0.2401017299777258
-9.909483846536649
-0.3238947621867327
-0.18424880729634907
-0.1313203325811503
-0.2856906101772907
-0.20362132322219373
====================
200
3
-4.0992066605617765
-0.10709495261513279
-3.807494739290533
-0.0994737524725833
-8.67473577459291
-0.22698876793326728
-13.053275611480629
-0.34156048386181537
0.3556404557780942
-0.9840178414548377
0.24232455698239463
-0.6704852713441025
====================
250
3
-8.602355500194292
-0.1650535485694696
-6.217612984591362
-0.11929745134518524
-9.69188732615875
-0.20958366051176167
-18.557632039277244
-0.4013022770832785
-0.12255082457638866
-0.0913637523474526
-0.3744344821200095
-0.27914736121122974
====================
0
3
0.0
-0.0
-1.6887498244244625e-07
4.174869557405821e-08
0.0
0.0
-5.210250009213269e-10
-1.772839659794468e-10
0.0
0.0
-2.3307134749898168e-08
-0.03325855681132961
====================
50
3
1.5537160508337426
0.4149140779280162
0.7434514562675862
0.1985359392380471
-1.5325977078980646
-0.13562251221448807
-1.0441518808677213
-0.09239900365698704
-0.2935304127581688
-0.19658993645778594
-0.18679050259846441
-0.1251016298164766
====================
100
3
4.529872527391921
0.4224054057760309
-0.4023468649968134
-0.03751838263527115
-4.2508793044510575
-0.21126072793274173
-0.29104066948747587
-0.014464175360042748
-0.207008764255675
-1.1373332023032248
0.11170780147298767
0.6137372590399539
====================
150
3
5.173508069149147
0.26459706154482476
-1.6183811244007167
-0.08277147425933473
-6.335358878989492
-0.21819753668677253
-0.5808393831890193
-0.02000482135950022
-0.17917399570590575
-0.12995359686056165
0.06901125576948353
0.050053362240293935
====================
200
3
5.560464906651163
0.19094396670501074
-2.4611421215620233
-0.08451455898115971
-8.955571100689564
-0.23718392730742857
-0.9595430817829751
-0.025413029945174043
-0.16481354104897367
-1.1787787856245746
0.12036026384120255
0.8608402243237262
====================
250
3
5.611025270631082
0.14558055415361082
-3.626617248998201
-0.09409420263630726
-10.20218615958833
-0.22259215499185092
-1.226403849901999
-0.026757782260562458
-0.10143499763622255
-0.0779660687629019
0.14255335931385615
0.10957091017546229
====================
0
3
0.0
-0.0
-2.4120477970512866e-07
5.962982013134863e-08
0.0
0.0
-4.714717505294175e-10
-1.604229770759613e-10
0.0
0.0
-2.465991262116135e-08
-0.03498048705399859
====================
50
3
0.27985559434276563
0.05576445935564346
0.5593539895426396
0.11145774265660618
0.8280638977310755
0.09262661258957072
0.26380561238939926
0.029509099871038048
-0.03621543190888632
-0.029305369298148243
-0.11164997990086167
-0.09034667600699609
====================
100
3
0.9922848767557859
0.06957748487662369
0.7012909814065651
0.04917344181688734
-0.2477338645724778
-0.015369689711846709
-0.29405827294405995
-0.018243708506107226
-0.07290788270603131
-1.5217181435797877
-0.0964871983165084
-2.01386070822306
====================
150
3
-0.4255318278810343
-0.0169187850149934
-0.2638050265060343
-0.01048866438864362
0.019289492413328446
0.0008504946462327445
-1.670587300025666
-0.0736580063534745
-0.021400154087429124
-0.017527033308021252
-0.09706477719260742
-0.07949744548287362
====================
200
3
-0.42196507334915623
-0.01202064822773195
-1.5441569365356003
-0.04398887138971256
-1.3370743634969422
-0.044362973993302475
-2.147635845863732
-0.07125670477142074
-0.06636477775312619
-1.6042365013108413
0.03678439160438835
0.8891895021450905
====================
250
3
-1.4577177747555652
-0.031959679369430116
-1.3842729864260832
-0.030349441827557857
-1.6857249064812976
-0.045173013951955145
-4.607041921234746
-0.12345666139535583
0.015656016554417285
0.013223839625970856
-0.08400600495617461
-0.07095559290562546
====================
300
3
-1.721852652735599
-0.030840570083796155
-0.3858334290956762
-0.006910767243521975
-2.6212619205878127
-0.059096858975778065
-6.63696113987956
-0.14963157761175816
0.02736592171470273
-0.5226269321445621
-0.10261608914668276
1.959734169326015
====================
350
3
-2.3267218857379177
-0.03530274311332837
0.3047887904322124
0.0046244806645801525
-2.2338337779755832
-0.043975763937495894
-9.069298123208497
-0.17854028230624724
-0.10837434338622143
-0.0828579155516497
-0.35449696910008266
-0.2710316760520724
====================
400
3
-1.6140578058381578
-0.021477673539078007
2.2476184600854623
0.029908232128683255
-3.9370258487046925
-0.06718146607439558
-13.276745226778388
-0.22655457274294086
-0.02637207162748255
-19.169315601984735
-0.32098847627523586
-233.31991104968637
====================
0
3
0.0
-0.0
1.3877229498859833e-07
-3.4306811399319125e-08
0.0
0.0
-1.9404211570872576e-10
-6.60247699818523e-11
0.0
0.0
-9.929664453263036e-09
-0.014215392015142044
====================
50
3
-0.8054020929923951
-0.13195120201843102
-0.6674911993216242
-0.10935688751437611
1.7545327705286002
0.21895159331772324
1.1317265120488145
0.1412303760723392
0.08270628716543493
0.0740516247228858
0.006039901459055752
0.005407865974137577
====================
100
3
-0.8520538605733226
-0.05290315036153036
-0.5703708413972937
-0.035413740586739566
1.924896726501725
0.13802789855303044
0.38389042428801545
0.027527496831170138
-0.0030684527803539682
0.13993374837039743
-0.12200369568193709
5.563857642236652
====================
150
3
-2.609756738521739
-0.09547075544334652
0.6954870230521379
0.025442475350956423
2.9476637530098877
0.14923408515929523
-4.411637161985308
-0.2233520140319134
0.07497115825468659
0.06666422917035555
-0.30523823255445326
-0.2714173284803471
====================
200
3
-3.458811338533245
-0.09068676207253994
-1.3872743539867614
-0.036373021525563834
4.455186875895706
0.18298590140376794
-1.2527111127754615
-0.05145204422511439
0.22834606094271714
-0.9013337346612257
-0.015959219940276825
0.06299466367697987
====================
250
3
-6.06881375883458
-0.12083914984393693
-1.5592518451693351
-0.03104703404163045
6.879571070588717
0.23927460234096934
-3.5838600447502884
-0.12464827796014487
0.18304732349742125
0.18007034172265945
-0.22581520872770067
-0.2221426734073147
====================
300
3
-5.678336341395713
-0.09497570622084778
-1.1920683283170064
-0.01993850391003515
9.062382140314561
0.27737707494700803
-3.936617817502583
-0.1204901226296378
0.2956040542134769
-0.9220326949044562
-0.0710675743112002
0.2216702583353513
====================
350
3
-7.380086391692743
-0.10400194043576867
-2.693241590391324
-0.03795380387122641
11.530409092702222
0.31135763080633017
-1.470737280824146
-0.03971457314431095
0.12918090306980456
0.12068484140012592
-0.16449292219740108
-0.1536744344952398
====================
400
3
-8.069615103594458
-0.09888500586497882
-3.1390919966286788
-0.03846641091457622
13.224539093203141
0.3191150415919138
-0.08242675205949013
-0.001989000616684593
0.3354585031514107
-0.9306533139833632
0.09727397766665496
-0.26986452520762527
====================
0
3
0.0
-0.0
-1.7808421581833045e-07
4.4025369661126746e-08
0.0
0.0
-2.6992719170948476e-10
-9.184542582619119e-11
0.0
0.0
-1.2799118740190526e-08
-0.01852778563533917
====================
50
3
-0.17104024227631243
-0.03153644790411176
-0.11845670027681177
-0.02184107966321571
-0.13903515939886724
-0.013946468892894337
-0.2997386921196288
-0.030066469256533206
-0.02977541108154913
-0.024089379596900173
-0.03820123892929117
-0.03090617768867081
====================
100
3
-0.6919551107871644
-0.043631819150680005
-1.3854263367554296
-0.08735923823604094
-0.9639821752425632
-0.05682755402315572
-0.4389765997003856
-0.02587803703745643
0.048362847355333194
-0.725348513568965
0.10283592807710908
-1.542338626677043
====================
150
3
-0.7586958071368315
-0.029926602098206027
-1.2285799710615528
-0.04846108755831514
-0.6916944041576158
-0.02933000896162499
-1.8464907155037267
-0.07829698911506706
-0.033646048646608806
-0.027135889111472973
-0.11994379843946557
-0.096735924275918
====================
200
3
-0.3241481619232047
-0.009306096812236405
-1.9004930152977408
-0.05456199993979902
-1.1071453801004267
-0.0366996286158727
-1.2585401363782722
-0.04171805838097139
0.06103257130113203
-0.7692045397781474
0.12609641211801548
-1.5892158987100493
====================
250
3
-1.500159147447377
-0.03301842087640385
-5.0913618113213985
-0.11206059530837661
-0.4518136078045458
-0.012410898148852323
1.7396437148267196
0.047786389314209324
0.1536152321427342
0.14593215365984769
0.32758939221764116
0.3112049817951733
====================
300
3
-2.874987375180339
-0.05068441440766011
-7.264923126664023
-0.12807651872507297
0.2161401873475839
0.005157766544223783
3.529020913256147
0.08421324244985247
0.07857251157949934
-0.8109874687073508
0.3165973503558508
-3.2677647513502306
====================
350
3
-3.6960460892679023
-0.0551891251408393
-11.562298390916553
-0.1726475042248224
1.1188000267679001
0.023359298420554085
7.458756765203688
0.15573053356823405
0.05836352870063766
0.050843739861003885
0.49356202890851986
0.4299695368285689
====================
400
3
-4.227963186783839
-0.05461289784230314
-16.63097563479802
-0.21482348195466758
0.3065366128921454
0.005585917784113355
11.725149120060799
0.21366360896723707
0.0797810406125933
-0.8133161356512014
0.5711066089642078
-5.8220626941072045
====================
0
3
0.0
-0.0
-1.7639862992524513e-07
4.360866609017791e-08
0.0
0.0
-2.459916714769861e-10
-8.370112574206642e-11
0.0
0.0
-1.2858420778944584e-08
-0.018248720579955493
====================
50
3
0.4335264907208325
0.09011380389225061
0.7533272270809945
0.15658831342692747
0.45939814367942056
0.048967355890017585
-0.5234356070297235
-0.05579312412898644
-0.045973008232446544
-0.0366781950538465
-0.17973858286747224
-0.14339907381702063
====================
100
3
0.7833996072137932
0.054523178318808665
0.33678243421920584
0.02343944079941952
-1.508987670269807
-0.08607573530429005
-2.5958558543041033
-0.14807291391799152
-0.07644597980237836
-1.2888744605721498
-0.12769899170195798
-2.1529970506094283
====================
150
3
1.3449201753523283
0.05790896346907662
1.3270229461010956
0.05713835268198227
-1.7380883966480063
-0.07047266261313037
-4.6390079174598
-0.18809356328324467
-0.07762110941375111
-0.06040255575279137
-0.2963125617647798
-0.2305820693291816
====================
200
3
1.5615830838438853
0.04744252778167794
2.7188447764081545
0.0826013487039727
-2.1448195374000356
-0.06863235338468807
-9.75096865661256
-0.3120224872134919
-0.03578652902065594
-1.9185659212527715
-0.4209644963452569
-22.568495991303692
====================
250
3
0.7379857165708472
0.017100057208486185
5.434946503220097
0.12593454594483808
-2.9315137598646146
-0.07528126230807416
-20.100366021222555
-0.5161773236915794
-0.06704158426545437
-0.052602931500411655
-0.891940154197824
-0.6998442436556696
====================
300
3
1.4715510601966244
0.02812031144500206
7.361521122257777
0.14067351943546555
-4.170126701450371
-0.08995047897683989
-32.68474578641495
-0.7050165976256161
-0.10964736833611267
-1.1852028448325929
-1.1322917764374265
-12.23919420026972
====================
350
3
3.1211156029875085
0.05193287516975019
8.358329947570027
0.1390759462351373
-4.348803803703774
-0.08137397223105793
-48.07855862176419
-0.8996366520063929
-0.1733353355498397
-0.12553458363093228
-1.6735683853459695
-1.2120477902896483
====================
400
3
4.477886436400681
0.06522829096202468
5.41333177570597
0.07885469744595532
-7.2250614676212095
-0.11560232352893014
-66.63480805863787
-1.0661692878329256
-0.2334557227053773
-1.0792050013697148
-1.9742786806672434
-9.126576130080938
====================
0
3
0.0
-0.0
-1.20175483786511e-07
2.9709371554979e-08
0.0
0.0
-2.3193758025286115e-10
-7.891908068385757e-11
0.0
0.0
-1.1581832531843918e-08
-0.016419663887483813
====================
50
3
-0.5054985779814833
-0.08709660523069183
0.09253931018581518
0.0159443767374351
0.1395901338008585
0.014497931615061466
-0.7450701022607369
-0.0773835162763959
-0.0074923264746666884
-0.006207025334973877
-0.13722545726661406
-0.11368456683478159
====================
100
3
-0.6240572767979113
-0.03930345962082985
-0.0214332442051397
-0.0013498771338466236
-0.16104058746307004
-0.010045168993677684
-1.8780293751714687
-0.11714514176753407
0.03436893795889978
-0.5789401817745063
-0.0007519870160656167
0.012667121116565145
====================
150
3
-0.5254968373931916
-0.020810596914686588
-0.05488313834625913
-0.0021734685887032043
0.2842597680216201
0.012681477054691647
-2.5323994914049024
-0.11297612133814697
-0.13105963976700252
-0.09849373802798703
-0.25150036820844557
-0.18900716821977465
====================
200
3
0.4766943241341579
0.013936517373485387
1.2102698317698568
0.03538314950089256
-0.468119773523231
-0.01599290433068377
-6.013199550860509
-0.20543572516585926
-0.07693745826311
-1.481243440656057
-0.32363887477648023
-6.230878576265957
====================
0
3
0.0
-0.0
-5.030604377509462e-09
1.243648749713305e-09
0.0
0.0
-2.1391244331425696e-10
-7.278584762385869e-11
0.0
0.0
-1.1222290149048642e-08
-0.0161755343877615
====================
50
3
-1.674778391407294
-0.2401748296436821
-1.7582957596017037
-0.2521517991229252
-0.8501117425508422
-0.08006340838398385
-0.8706424443181291
-0.0819969870863222
-0.05364723446907815
-0.04280728018253184
-0.01957209198856158
-0.015617357237595535
====================
100
3
-1.4130497002297933
-0.08478171964429035
-2.6122268033150426
-0.15673127452625407
-2.227610991814002
-0.12308456593156904
-0.0798441070563598
-0.004411711602851682
-0.0241420391507718
28.259152723478756
0.11108274827457101
-130.02647907372375
====================
150
3
-2.041885703871344
-0.07628142972073967
-3.9161066262800333
-0.14629918404596734
-2.042100592145797
-0.08253675555711064
0.2392900987882527
0.009671525715669932
-0.09909708677384543
-0.07630619984281653
-0.06366720044428198
-0.0490246714479225
====================
200
3
-1.0575258698177592
-0.029590317915676893
-4.34110201943928
-0.12146708891550004
-2.8336028302579024
-0.08956907951087945
-0.6174344149042454
-0.01951686087082227
-0.03279664345449243
-4.204538518845865
0.05996236469546373
7.687191294224546
====================
0
3
0.0
-0.0
-6.957729592471651e-08
1.720066060279304e-08
0.0
0.0
-1.166529095542046e-10
-3.969231881792016e-11
0.0
0.0
-1.1918632982949632e-08
-0.016871313912125898
====================
50
3
0.3629122740033317
0.07353140837072407
0.03849880386806959
0.007800428565779088
-0.1848757535939729
-0.018575352960120275
-0.21964996276587456
-0.022069284407159866
-0.1292616176000585
-0.09727393220581601
-0.12331547202717452
-0.0927992476700535
====================
100
3
1.391232723094216
0.10035848189754817
-0.7705877885710404
-0.05558740773274724
-1.9669202121117344
-0.11026867266233949
-0.028696561922213704
-0.0016087748621678116
-0.08495461501020615
-1.4168952789404643
0.07267483790515292
1.2120899460635999
====================
150
3
2.2179645917851154
0.09854140903409093
-1.2124110494562466
-0.05386591543635174
-1.928892494628272
-0.07831951533536667
0.32320054376407015
0.013123027858847643
-0.0714776734752911
-0.05623481401655954
-0.030669813287132586
-0.024129370225245476
====================
200
3
2.635316507570181
0.08223524114481226
-1.84579729427103
-0.057598237313351563
-3.2320181468951326
-0.10089221797614682
0.14147342287586895
0.0044163017563301115
-0.0674240945012674
-1.589150188705069
0.02996725241296696
0.70631226387688
====================
250
3
2.601461263136372
0.06260740756632563
-1.2186432277290322
-0.02932816810210353
-4.277699967958114
-0.1071862043038735
-2.3203489388223346
-0.05814091621100859
-0.07186830541256328
-0.056524770687404184
-0.05535727829022985
-0.04353876779578374
====================
300
3
2.587854430850122
0.05022906145141073
-1.1407195013343099
-0.022140839626949665
-5.006356360200705
-0.10710972722818862
-2.2679073256984523
-0.04852130323072597
0.006955519441521799
-0.21768755751833466
0.06552445289143448
-2.050725072021474
====================
350
3
2.4950518307669043
0.0408449673438289
-0.6629959207449545
-0.01085350067601435
-4.093377181607934
-0.07773739785263802
-2.0667625865989763
-0.03924992453255445
0.08374797584872606
0.07505430798693395
0.0814349093122686
0.07298135510106203
====================
400
3
1.86682701853438
0.02604767916589576
-0.9339178645951876
-0.01303087681009258
-2.937546316198059
-0.05099607773220537
-3.1187008385013684
-0.05414093711705301
0.19224183294254021
-0.8849358366203887
0.08636552826908428
-0.397561497641399
====================
450
3
0.3150488190690339
0.0038098408469824986
-0.32179262095806394
-0.0038913926902070066
-0.38030194421866526
-0.006146280166181663
-4.321682858658704
-0.06984522178363764
0.14630813438374624
0.13890827677356476
-0.17135105698503572
-0.16268459815563371
====================
500
3
1.059829000241706
0.011531897096891924
0.18641460131537713
0.002028359291203389
0.48174390195194405
0.007177798537053694
-8.098650015815387
-0.12066676505939107
0.03313340310139531
-0.5699906564370872
-0.44634126684367437
7.6783646673611194
====================
0
3
0.0
-0.0
-9.590535743342343e-08
2.3709394660606485e-08
0.0
0.0
-2.389750619613551e-10
-8.131365420026913e-11
0.0
0.0
-1.142402826571755e-08
-0.01627589206529722
====================
0
3
0.0
-0.0
9.2882547875206e-08
-2.2962105549413328e-08
0.0
0.0
-1.733639898304773e-10
-5.898883090261409e-11
0.0
0.0
-1.0328886703240524e-08
-0.014763844982693583
====================
50
3
0.8793000629088281
0.19978496391606448
0.9061510152061318
0.20588574425501122
0.5469390785857389
0.0591586730598918
0.08660662224466442
0.00936764815460244
-0.10104897669436164
-0.07753683934769322
-0.15380139927225778
-0.1180147961606115
====================
100
3
0.9030096622459478
0.06307235871416661
0.3111011110169599
0.021729425155467677
-1.2115740083360773
-0.07071788555098461
-1.0266158417159623
-0.05992213525528082
-0.10810525694314103
-1.2611651900125356
-0.08749557876034363
-1.0207309184842255
====================
150
3
-0.18313130635226926
-0.007367282639293714
-2.92550963220647
-0.11769181771128776
-2.8489462324085224
-0.11118458679402175
-1.3127148825177564
-0.05123075336795989
-0.07834963224992308
-0.061184888981136956
0.02505439336897819
0.019565506981331995
====================
200
3
-0.1965852002471209
-0.005647320614063494
-3.0092745477734084
-0.0864476988382357
-3.840326340084747
-0.11728462602198328
-1.3584599447349177
-0.04148774152890427
0.010248447977085573
-0.31403097006261443
0.10068243909000407
-3.085091916980716
====================
250
3
0.5852821332962179
0.013460123300306314
-1.7309067564470269
-0.039806816298830636
-3.3557831394594473
-0.08579755720198769
-2.8028029909687575
-0.07165947260295248
-0.02055950264528361
-0.016814167099263533
-0.11539349840736435
-0.09437220334875758
====================
300
3
0.7946467364826475
0.014933367905057853
-1.3339532812538764
-0.02506826518321484
-4.764146197590364
-0.10212562040648425
-4.475279747250575
-0.09593339535039952
-0.02482931478531014
-10.165066068038687
-0.056390823260419276
-23.086277210210763
====================
350
3
0.5898519856034241
0.009381819144684144
0.24063407797860492
0.0038273761125573935
-4.808006426117345
-0.08978968500920632
-7.863425821964682
-0.14684974708272905
-0.013860926410023344
-0.011398317386913982
-0.23070887872508283
-0.1897198604117769
====================
400
3
0.8464033286228272
0.01166571383373701
0.8358435124921613
0.011520171172275995
-4.769906248800552
-0.07998096318695752
-9.671920660740362
-0.16217709320982393
0.1536200372170518
-0.8728076971561279
0.03337638963073425
-0.18963131568460048
====================
450
3
-1.6241458470074832
-0.019225319895702357
0.29088937581832397
0.003443312258361916
-3.20418913046926
-0.04935139880196932
-13.426263884006232
-0.20679331849023197
0.13833633999648032
0.13003332746958066
-0.27996472409416884
-0.2631611089970582
====================
500
3
-2.183742691152432
-0.022991934851331955
0.6232236232773971
0.006561724053964904
-1.0021549645638856
-0.014555064304095096
-14.672367074211671
-0.21309802756041188
0.35473353088113574
-0.9406377580351459
0.032018028636309814
-0.08490138104045006
