====================
0
0
0.0
0.0
2.234750393448337e-05
4.4694526757151776e-06
0.0
-0.0
5.47615935135198e-07
-0.5876720682648496
0.0
0.0
-3.909481162813075e-07
-0.5545653365239817
====================
50
0
-1.2070448005856527
-0.07774540038008558
-1.2974135186999831
-0.08356602291888848
0.7349680289337082
0.11993754128301594
0.3775097655533033
0.06160484716114758
-0.027238403577759973
-0.02213682444849853
0.0009098626546768518
0.0007394511870465022
====================
100
0
-1.2864856806265443
-0.050374837294955226
-1.8864490997479706
-0.07386756642229976
-0.4903952344814133
-0.03634655854197297
-0.22069910215343747
-0.016357526078049234
0.010085349764584084
-0.32074951899059034
0.06053092592133365
-1.925095889237462
====================
150
0
-0.989625801497283
-0.028528902741212534
-1.3362264016228949
-0.038520694382122606
0.31376129919583207
0.016047960302283663
0.48127919764775484
0.02461600419797312
-0.03337509740861444
-0.02698954890135458
-0.014492927742096429
-0.011720043157631305
====================
200
0
-0.4409828306298209
-0.010005714140727092
-1.7907168412439347
-0.04063060866764945
0.9467136193358172
0.03778173438412393
1.6052494533350057
0.06406278226853092
0.14068092103653512
-0.8681936569415338
0.2179758254982814
-1.3452089143989554
====================
250
0
-1.9547300451900895
-0.03551860223414199
-3.2475425403850124
-0.0590097706914681
3.075391054980887
0.10322809276506102
2.189410849874598
0.07348942045781254
0.15488123673010268
0.14773992567093744
0.1786846140136944
0.17044576961201705
====================
300
0
-3.1997412549622126
-0.04832555437953986
-5.0395603900701005
-0.07611226354681727
3.6174828338170215
0.1022204912558008
3.848904660861514
0.1087598596328007
0.1787942577340066
-0.8932924821853381
0.35079103126607575
-1.7526233505452598
====================
350
0
-4.231813569957893
-0.05517976273992866
-8.758949691222867
-0.11421031617360645
5.237462109570458
0.12889845739833122
7.318278550348843
0.18010914374493223
0.090875855652089
0.08169773419556346
0.29607246241027374
0.2661702513066183
====================
400
0
-5.670047101687032
-0.06438637010494275
-14.92286366557019
-0.1694569737720742
4.223793999966119
0.08839153191759133
10.639540237944459
0.22265414945385795
-0.004918196534422919
0.2991690300721416
0.401719256785169
-24.43618500654778
====================
450
0
-6.381475334994647
-0.06497030902464801
-18.444817023585088
-0.1877881522715964
3.9453063339379355
0.07182822165484812
12.896543006404471
0.23479437874744102
-0.05542970465556851
-0.04403908429306432
0.2726915215974628
0.2166543188396403
====================
500
0
-5.76359315485557
-0.05359650456652422
-23.145243178983492
-0.21523103702950178
4.0135957814488705
0.06579924501708026
17.336829581678558
0.2842215209455976
0.11795529006761145
-0.8466925617265714
0.6499826771739393
-4.665627948512084
====================
0
0
0.0
0.0
-2.0437028069864027e-07
-4.0873617211147135e-08
0.0
-0.0
-3.7338855995680947e-10
0.0004005735541409723
0.0
0.0
-2.440353804536534e-08
-0.03527730265951883
====================
50
0
-0.25129777937106823
-0.01721834093317115
-0.36317750985749164
-0.02488408055032084
0.14676735320053425
0.02196401988956299
-0.5107558154380243
-0.07643560127205384
-0.03534181453292118
-0.028618673910509276
-0.126748390807933
-0.10263680326416463
====================
100
0
-0.06679100962728413
-0.0027411846490909223
-1.1656531280542417
-0.0478398287227243
-0.5396103694172574
-0.040056340787445334
-1.8824535838667185
-0.1397382380797176
6.360227056478179e-05
-0.002538003871236253
-0.04377358478005095
1.7467541118127186
====================
150
0
-0.6414536299460423
-0.018640159722982164
-2.8005852666503763
-0.08138290010547582
-0.18292115110603646
-0.009171921546061952
-0.299002141016004
-0.014992384220858098
-3.879624495262135e-05
-3.234048731180904e-05
0.16142166839806604
0.1345608428097619
====================
200
0
-0.9067739214713129
-0.02031610617264623
-2.9209906803248273
-0.06544426938800836
-0.5878799707924749
-0.022224997021212285
-0.2191945636449688
-0.008286723083129263
0.03185950738004622
-0.5603557066062558
0.18719966569577404
-3.2925305371516433
====================
250
0
-1.5057281950068173
-0.027524883766512503
-4.422802402152833
-0.08084933419272118
-0.028572164685449764
-0.0008732058800302859
-0.5719637771204731
-0.017480024311922977
0.014003166352265506
0.011811272080516223
0.11405071580981363
0.09619853121215
====================
300
0
-1.612230244099635
-0.02489306741806859
-4.60845631715825
-0.0711552299779056
-0.2327813569400803
-0.005964479917456475
0.4793891588843593
0.012283230274098453
0.03800806107550085
-0.6032602628170188
0.20560886497616873
-3.2634039836087063
====================
350
0
-2.3979727045215213
-0.03196273208040308
-4.53448837064964
-0.0604404865157535
0.0918405300853351
0.0020170402819990377
-2.180616432258219
-0.04789161364124334
-0.031463294820647913
-0.02555824319610081
0.03641787713257982
0.02958294627901994
====================
400
0
-2.2001142530829867
-0.025950361085742352
-5.064286973419556
-0.05973329585856816
-0.6388326570538538
-0.012199441073626595
-2.3239962656088267
-0.04438009732998528
0.0027671450313562045
-0.09966844777231099
0.04808220022775304
-1.7318493276909528
====================
450
0
-2.697202574216945
-0.028466284767217718
-4.191197802698852
-0.044233915282392275
-0.31735424202243934
-0.005390464948463838
-5.535532327456863
-0.09402456003765917
-0.04600379981434344
-0.03693353507142294
-0.3131323160794869
-0.25139408971847077
====================
500
0
-2.546716830431933
-0.0243574967108825
-3.7303954162010484
-0.035678522635356154
-1.1395062526524526
-0.017318211967982368
-7.5002425886615285
-0.11398866014063513
-0.004415521359743178
0.21454530306869732
-0.3416854585017502
16.60211881586019
====================
0
0
0.0
0.0
-1.2736128596202434e-07
-2.5471982670431798e-08
0.0
-0.0
-2.7453441890604467e-10
0.0002945132876386135
0.0
0.0
-1.24093060533804e-08
-0.017990823401869385
====================
50
0
-0.611331085590562
-0.040878568150116874
-1.2697792016146874
-0.08490776414332618
0.4613340020615615
0.07245016058995576
0.17024136581576244
0.026735541358946947
-0.06326756764853303
-0.05009914722502512
-0.03860554258524895
-0.03057024054448867
====================
100
0
4.95229581163861
0.2559767864476667
-0.9130813143025307
-0.04719581169834001
0.3772448664358592
0.030048747107287128
-1.2155909038287174
-0.09682566127451384
-0.14504752466223608
-1.2082143297482968
-0.1484008603315701
-1.2361468864574172
====================
150
0
9.75098345936209
0.4059523977826956
-0.9141316049793957
-0.03805707583003188
3.2001549862573313
0.19323994495366245
-1.2243831678467068
-0.07393383663383077
-0.04589799009918227
-0.03685171807180677
-0.04030077777456853
-0.032357689245512196
====================
200
0
15.856542943414759
0.5689479203393903
-2.473171172615775
-0.08873974613031582
5.959005629737689
0.2993811791337152
-0.10004662798650799
-0.005026354951819601
-0.1202505238033049
-1.262417645184102
-0.1239409064660215
-1.301160130817806
====================
250
0
23.52650953247229
0.7928854537702386
-7.634324371864501
-0.25729038706146223
12.327633178973684
0.6053406000876628
-2.6994669787692303
-0.13255561202390026
-0.22501644274033628
-0.15795104811672506
0.1444339209007346
0.1013858761255302
====================
0
0
0.0
0.0
-2.4733891379469242e-08
-4.946725113698073e-09
0.0
-0.0
-3.9386710493850557e-10
0.00042264870070890347
0.0
0.0
-2.273274051827678e-08
-0.032179070969322834
====================
0
0
0.0
0.0
8.584669588529437e-07
1.7169154803047776e-07
0.0
-0.0
4.904799702240489e-09
-0.005261899425368896
0.0
0.0
-5.1146097159961915e-08
-0.07393585085945359
====================
50
0
1.378310544438957
0.10638797445171923
0.8453927243549959
0.0652535235424457
-0.11094871011070762
-0.015956778494327112
-0.4303655644672473
-0.06189569916529533
-0.13615289431915656
-0.1018235922273057
-0.12117591607815137
-0.09062287752465266
====================
100
0
5.611359348258947
0.3005659289401324
0.07066165040158268
0.003784909016740178
0.7518894746693014
0.0615948000277742
-0.8744381660595195
-0.07163399115113157
0.23888714072713357
-0.9101462387757462
0.3175723125697194
-1.209932208761273
====================
150
0
10.246025708269471
0.4360560779730779
-1.6487775832476963
-0.0701695961801711
4.944354127971096
0.33279758765073597
-1.3639654426641066
-0.09180661360594124
0.2162918067303966
0.21965245142039358
0.22612792624780498
0.22964140013335052
====================
200
0
18.91538267054057
0.7635011490206948
-3.029157314079857
-0.12226900878227473
9.984605722383955
0.6266431662456581
-0.9724393822805197
-0.06103120247684062
0.3369442926417855
-0.9345848295286976
0.32008856823911563
-0.8878319844398523
====================
250
0
22.59161815713847
0.7392379370152828
-2.9569030353284127
-0.096755127702073
16.602851935199876
1.0275561744382666
-0.3049441128779886
-0.01887309525311409
-0.04570822142689401
-0.036663362543001565
-0.07624291366939939
-0.061155772373834606
====================
0
0
0.0
0.0
-6.826825416084148e-08
-1.3653504050160006e-08
0.0
-0.0
-2.0464395579581203e-10
0.0002196110034399781
0.0
0.0
-1.5691393744242668e-08
-0.022066067200661323
====================
50
0
0.1733958992394431
0.01227532276107433
-0.030057144674126235
-0.0021278539675364866
-3.7561511054305674
-0.35283671000114286
-4.042763865004447
-0.37975988223087237
-0.40813345247361044
-0.2528390681064898
-0.40766572006827695
-0.2525493074295079
====================
100
0
1.3323083176193258
0.05822434829469621
-0.572864235903598
-0.025035231226677945
-9.114511951309305
-0.41109782157488073
-7.652595204258143
-0.34516002992491357
-0.10729157453939084
-1.2084479058378097
0.04151626035103666
0.46760650213971955
====================
150
0
0.7432512124768778
0.022591971398020695
-2.765268760719959
-0.08405350936708893
-14.190187677727128
-0.41568159140077765
-11.100349396596098
-0.3251691244030675
-0.5347214777889011
-0.3071716407555544
-0.3184109307741949
-0.18291168786570633
====================
200
0
1.448789278638337
0.034405660375229054
-3.909379493281868
-0.09283943849319277
-20.124276145151907
-0.4352281121440627
-15.29517403090821
-0.33078902666473153
-0.07117577625160271
-1.3513837810122695
0.15772015712006185
2.994564632738501
====================
250
0
4.09706447903298
0.08380461351634125
-3.44758518830956
-0.07051964784775346
-26.08873161135425
-0.4414841826445477
-19.950657955524882
-0.3376131907034722
-0.7522396476524129
-0.384127208652767
-0.5265068074786987
-0.26885792436577854
====================
0
0
0.0
0.0
-2.412017687802859e-07
-4.823983448096905e-08
0.0
-0.0
-4.714667880693702e-10
0.0005059528853821766
0.0
0.0
-2.465993268048581e-08
-0.03498045724249527
====================
50
0
0.5491965002192476
0.039813353726499544
0.08205303476807835
0.005948338156288523
0.16968889350923
0.02548168059016531
0.11028318356705391
0.016560900363048088
-0.04596822906509468
-0.0369060306798333
0.0320319776609308
0.02571717845853917
====================
100
0
-0.026640750999927576
-0.0010951736290614356
-1.5766344141482982
-0.06481380472534862
-1.0016623171363648
-0.07188962025229237
-0.05335557059643925
-0.0038293461208446424
0.028304004904185102
-0.5310286743151843
0.16408112294580177
-3.0784258797655997
====================
150
0
0.7201928357540197
0.02179047682719047
-0.647940038937385
-0.019604363863314333
0.2800232179620288
0.014374422793954265
-0.2940495902013076
-0.015094438106613504
0.04259837842035519
0.03681855414741366
-0.013632138619633194
-0.011782505638106134
====================
200
0
0.2921597546550032
0.006726472484833275
-1.1348045559021998
-0.02612691001864131
0.06662897612755003
0.002582840011652014
-0.6782356421793914
-0.026291476408041324
0.1676753403867829
-0.870264643207606
0.14460325972950105
-0.750516467984285
====================
250
0
-0.805223022752287
-0.014910502929413936
-1.6891333285255783
-0.03127807667131164
2.145744383516508
0.07024476771089129
-0.9737153139345835
-0.0318763066883946
0.027375215345184944
0.02335361820215109
-0.17038238358130142
-0.14535210351249522
====================
0
0
0.0
0.0
2.605106645958699e-07
5.210157351253503e-08
0.0
-0.0
-3.4929169792623904e-10
0.00037475554891692916
0.0
0.0
-2.0022519400489958e-08
-0.028792052368422305
====================
50
0
-0.17847317873551916
-0.012289892052715506
-0.2793469491092271
-0.019236189292596264
0.3111185851275611
0.04773352994085811
0.12840654061601064
0.01970083995008944
-0.01785351259120249
-0.014664881064962417
-0.007459596161502935
-0.0061273147198493486
====================
100
0
-0.08944668168588166
-0.003667590947831059
-0.34430513767102866
-0.014117576889532706
-0.6913758058303454
-0.05075044069769725
-0.7839219808770022
-0.05754379263292043
-0.05182986411360205
-1.9315344368307332
-0.06698356775722729
-2.4962648472565636
====================
150
0
0.6788430583861214
0.020513714657374078
-0.5767183983128845
-0.01742764622028312
-1.5916846396470063
-0.07454371433488238
-1.6943712997096476
-0.07935286111122515
-0.19302250018012912
-0.13860563091472577
-0.23256032134979665
-0.16699695650164578
====================
200
0
1.9558556188779406
0.04682371090462814
-0.4111197836516993
-0.009842318477436541
-5.167812143075803
-0.16653585484740407
-2.9171499151120663
-0.09400691073535686
-0.25140542529314364
-1.1104034616628404
-0.1748400727324783
-0.7722308369962668
====================
250
0
4.556729078804153
0.09367929527577666
0.5502855953269687
0.011313019905096111
-6.783506707165039
-0.17183906277906227
-4.021442719479339
-0.10187075472411712
-0.3794879729105778
-0.24032407888441834
-0.28923627745999014
-0.1831690249032202
====================
300
0
7.52822885050869
0.13533705976039753
0.27112930997532914
0.004874166866546177
-9.499891742631526
-0.19670528967752357
-5.4554901720028255
-0.11296168458435896
-0.29609732163485336
-1.0922030842773216
-0.19094153696710586
-0.7043188855632572
====================
350
0
8.507364839577704
0.1326815266757466
0.6284599876909169
0.009801511066450386
-12.207648438593118
-0.2110888079824924
-7.992804706317521
-0.13820774954163595
-0.22490135724988858
-0.1578830152797924
-0.2443756231266292
-0.17155414583488246
====================
400
0
10.956884874699725
0.15297646645193297
3.4846574611008805
0.048651655218672325
-13.849887665297466
-0.2112010700843028
-12.563485048383797
-0.19158433269139494
-0.15139377968196455
-1.1977599179512008
-0.43726606289816056
-3.459453649416603
====================
0
0
0.0
0.0
-5.029075822449158e-09
-1.0058043686970524e-09
0.0
-0.0
-2.1390806880116592e-10
0.00022949303966188588
0.0
0.0
-1.1222323190387675e-08
-0.01617555496405071
====================
50
0
-0.6421522147994629
-0.04288590077892497
-0.6873355252315498
-0.0459034516389792
-0.5114427601165996
-0.06951842451495577
-0.6486755307774095
-0.08817194110005076
0.011907738641885768
0.010011171761602782
0.006410365536203777
0.005389375125505091
====================
100
0
-1.685562769976407
-0.06492533186512846
-2.120962092758454
-0.08169625611013433
-0.9420769949240277
-0.06773657912894296
-0.45552066290469106
-0.03275253678198611
0.13308740972841815
-0.8514290593642201
0.1510343401195106
-0.9662448641991394
====================
150
0
-1.8821346094582765
-0.05284215632255726
0.5301692787820329
0.014884848175062831
0.48215805770628606
0.024944147456756636
-5.294426275974033
-0.2739038529296394
-0.010125179658515338
-0.00835770849250031
-0.3545599933478777
-0.2926673073906644
====================
200
0
-2.718510722229027
-0.05858976720516821
-2.7363306073077
-0.058973824148495696
0.5020861111308754
0.01974388408862869
-1.089163570855547
-0.04282994255326743
0.1953644863188948
-0.8937578990763534
0.08015289066640502
-0.3666852687338925
====================
250
0
-3.6706166733098655
-0.06461090981921923
-1.341246956279896
-0.02360889023569993
2.1964786742368148
0.07182411299654486
-3.9228699369659346
-0.12827652593590003
0.06287582876897035
0.05522802066849625
-0.2036216421327327
-0.1788544259445133
====================
300
0
-4.395527075478114
-0.06513759163400125
-1.5561935268243587
-0.02306132955459848
2.520173183434011
0.06927732520011913
-5.227258493031666
-0.14369269894118827
0.17846093796286777
-0.8848535382336953
0.0316650016703344
-0.15700292224173523
====================
350
0
-6.561877274122736
-0.08294947029352913
-3.2096962326367873
-0.04057415144752944
5.14400728264323
0.1266997024324454
-3.5471731610982076
-0.08736880787551371
0.34588644106547506
0.404325014365161
0.15138597045923918
0.17696309370227395
====================
400
0
-7.439062398697487
-0.08272173657311042
-5.410985005471602
-0.060169689704719254
7.625196140584222
0.17236294667258864
-0.22393168407560182
-0.005061840273877687
0.32633901309806107
-0.9335648567555908
0.23162485922712112
-0.6626140910110081
====================
0
0
0.0
0.0
-5.029075822449158e-09
-1.0058043686970524e-09
0.0
-0.0
-2.1390806880116592e-10
0.00022949303966188588
0.0
0.0
-1.1222323190387675e-08
-0.01617555496405071
====================
50
0
-0.10756400053473136
-0.007443340137387905
-0.4480766315803759
-0.031006533411621167
-0.7813517691443739
-0.10267042018537023
-0.7073531836622928
-0.09294693050429102
-0.15306166569024837
-0.11315761515473922
-0.11905114555059715
-0.08801383188399207
====================
100
0
1.1849171962686036
0.05126396347594996
-0.6123146900292546
-0.02649103076931947
-2.8054918762949743
-0.17827173063342386
-1.5416657479763813
-0.09796336366975267
-0.17036339883373497
-1.1719533253423453
-0.0933468343094408
-0.6421457521277587
====================
150
0
1.1655037176762022
0.03574562148398452
-1.4760714412032954
-0.045270632963550134
-4.1784281434583725
-0.1745440124236746
-1.6631550693887434
-0.06947439303182987
-0.27428617400225863
-0.18609982613700107
-0.10811084944941962
-0.07335189372649463
====================
200
0
3.305502794225312
0.08177691530288131
-1.9959435241609285
-0.04937890381148382
-5.404704883583115
-0.17285032498504424
-0.7553362671733019
-0.024156752693467884
-0.045752718409108564
-2.204273536507159
0.18368258661315623
8.849455920152682
====================
250
0
2.4176224501318657
0.047608891720406325
-5.488528743256737
-0.10808253812657778
-6.5700754175608225
-0.1673371728961638
0.79429949575038
0.02023048802399635
-0.0808067583283687
-0.06311122772392169
0.2304799692668913
0.18000813455597628
====================
300
0
3.463828952405045
0.058030135594904796
-7.632286279546776
-0.12786503426900156
-8.211603347575249
-0.17468983473591135
3.0759653953716466
0.06543665881396021
-0.01368523516352358
1.2098929240848944
0.3621021113899866
-32.01295243611618
====================
350
0
2.9232130209713176
0.04193822241690365
-12.628426280508293
-0.18117521587648422
-8.251683273646663
-0.1531610850798538
6.8598018425311125
0.1273261053281472
-0.013756578541497921
-0.011337812383043162
0.48202532564082845
0.39727267136265076
====================
400
0
3.2289859814763417
0.0406916512166268
-16.734404922139326
-0.21088681472012932
-8.624896095945829
-0.14291034758090268
11.410238576791144
0.1890621223549275
0.07033221069450189
-0.737787414310658
0.6454543901390843
-6.770839717020362
====================
0
0
0.0
0.0
4.48419497089958e-08
8.968293684811845e-09
0.0
-0.0
-2.7721573857996916e-10
0.0002974358759879014
0.0
0.0
-1.0814040425892473e-08
-0.015570385183190365
====================
50
0
-1.0715838898890464
-0.06955452937505663
-0.5555060842918991
-0.03605687302923546
-0.8364156428096541
-0.10894791593215923
-1.2567125552714202
-0.16369398994341644
-0.14421349747884715
-0.1072169741256269
-0.24345383902776008
-0.18099820347018847
====================
100
0
-0.7584691205357821
-0.030289093183018822
-0.3830977082738585
-0.01529881951675373
-2.459786608455458
-0.15956123006670533
-3.3168757855845445
-0.21515881845485016
-0.10153939746112085
-1.3049309445627304
-0.1766422004090889
-2.2701126773746276
====================
150
0
-0.38786243399410836
-0.011363014552738459
0.6325985151123632
0.018532926891733248
-2.4820395280463075
-0.11140605425148555
-5.071215838325703
-0.22762093045722254
-0.055806069117347645
-0.04440843344260922
-0.1360530863474818
-0.1082660815442661
====================
200
0
0.8352559187095991
0.019488746339420434
2.436511392169244
0.05685030349554927
-4.335633889546024
-0.1433353904621137
-10.428077558456895
-0.344750642395023
-0.16581534936040399
-1.1669902201686961
-0.4514240583498721
-3.177072950575485
====================
250
0
2.227840655110967
0.04374391395875408
6.345215974553163
0.12458906385597861
-5.261211405337228
-0.13839912645894445
-19.374853796141004
-0.5096664311826499
-0.09672070472434635
-0.07453990923929733
-0.751560874232677
-0.5792066911916238
====================
300
0
2.597158336003872
0.04292286880809041
8.101699831102565
0.13389564823683708
-5.722607749775776
-0.128333951896921
-32.117253907688934
-0.7202545235102036
0.025442080272082085
-0.5174373489623365
-0.9648435773644695
19.622849134024513
====================
350
0
2.0467325026696557
0.029022872170480517
6.014999341497244
0.08529329395321338
-4.994379202090535
-0.09850005996885584
-49.19480727906551
-0.970228985639689
-0.020296462832760875
-0.016620843826850175
-1.5527919949471432
-1.2715867516551353
====================
400
0
1.7111676125210096
0.021176596940512257
1.8706172574483304
0.023149869949086226
-5.97584411985121
-0.1033862394898166
-65.47480810833447
-1.1327594990557746
0.02167694378600371
-0.4774209630362148
-1.6684995671372524
36.747646625466885
====================
0
0
0.0
0.0
1.2677089511470285e-07
2.5353906713232565e-08
0.0
-0.0
-1.9727189643885911e-10
0.00021167233187386787
0.0
0.0
-1.006070124856571e-08
-0.014447282969065228
====================
50
0
-0.12416485370883379
-0.008592125518450197
0.23433619844894693
0.016215909498120386
-0.22952151996881476
-0.03241297268932145
-0.7169796287801171
-0.10125168711677811
-0.11995161467551618
-0.09073748960606046
-0.19038071587952676
-0.1440136364570248
====================
100
0
0.581112808389193
0.0245336709661967
-0.3194971868002874
-0.013488669914730288
-2.4736353686043984
-0.16008301691909554
-1.8900326556765918
-0.12231476531928051
-0.07750688866024083
-1.4106937451471384
-0.04638021652938992
-0.8441608544421345
====================
150
0
-0.29590206726307144
-0.008698202172555826
-0.6869692445087026
-0.02019383450184621
-2.187126696311484
-0.09933485936793195
-2.771207399223325
-0.1258626204624852
-0.01371889748414401
-0.011284489945688023
-0.10109858694107854
-0.08315872242492016
====================
200
0
-1.01717207553083
-0.022765386688120264
0.055699857581060996
0.0012466217140736353
-3.043925634979626
-0.10495773354775009
-6.277784686306337
-0.2164645695688609
0.07193347967144881
-0.7612171437100166
-0.13823234974016407
1.4628075121367532
====================
0
0
0.0
0.0
-1.7639715732542527e-07
-3.527905137011586e-08
0.0
-0.0
-2.459888586334577e-10
0.00026396802814090443
0.0
0.0
-1.2858406511343744e-08
-0.018248670332143377
====================
50
0
1.7487745206142673
0.13929609588313113
0.3184386647137316
0.025364769585777963
-0.03920809157690286
-0.005663461176491496
0.17306584627566046
0.024998709754499936
-0.1900202858687483
-0.13616817060715025
0.015436216087371335
0.01106156269634215
====================
100
0
4.1755439514071355
0.20828764045848494
-2.189196079197714
-0.10920313404518105
-2.2102116871477957
-0.14488263627548634
0.5926764696269586
0.038850816814208614
-0.20447936925488613
-1.1031145751322775
0.22274092870782958
1.2016310781447455
====================
150
0
5.10792653119524
0.17893458394440337
-4.2513304829831675
-0.14892736740376503
-5.808621936810713
-0.22568093454023386
-0.01402951516990214
-0.0005450852420993224
-0.40453022341365985
-0.2512622037640106
0.011595240954189068
0.0072020472802722
====================
200
0
8.847796865469604
0.25478975963488665
-4.547297350084335
-0.13094839499966873
-9.92714580384974
-0.2756168542143764
-1.0507937208486666
-0.02917419220902508
-0.4068332823216887
-1.0492982383013811
0.037565706103151575
0.0968889000664806
====================
0
0
0.0
0.0
-1.7191166623575782e-07
-3.438196266410695e-08
0.0
-0.0
-2.4676836436556325e-10
0.00026481942036617504
0.0
0.0
-1.2809083863151695e-08
-0.01819237323099617
====================
50
0
-1.7810885234353435
-0.11054127174519744
-1.606450260585099
-0.09970254283485483
0.27251459958924595
0.04145972832546738
-0.05971259164926579
-0.009084532832808372
0.10140673176119974
0.09219233048331615
0.0882896509968274
0.08026714342913614
====================
100
0
-2.611195918438437
-0.09711679507040766
-2.3439300251467827
-0.08717651950363312
0.7117703395474244
0.05808410475510484
0.10489366480213569
0.008559860218940967
0.1182802631356459
-0.8358914531848051
0.10007283811222463
-0.7072188364852035
====================
150
0
-3.0975443573953214
-0.08409600549295408
-1.8780463360016313
-0.0509875490923467
3.0883598337926976
0.18467352823720112
-0.24976563100809912
-0.01493514447570446
0.18687160510944545
0.18420383312894476
0.10573550017843458
0.10422602416919793
====================
200
0
-2.885367029267627
-0.06196310701458242
-1.729720661816181
-0.037145661327063415
4.452350558988332
0.20728128851470198
-0.06319565332736232
-0.0029421035645496225
0.10896910410039219
-0.8243320936355876
0.03235337145552705
-0.24474756077221418
====================
250
0
-2.9342573750348393
-0.052327663334987215
-0.5139075793928498
-0.009164698035204892
6.31492575626854
0.23863243499568926
-1.0339378655398797
-0.03907110233926476
-0.007190222060247997
-0.005949488659807792
-0.1821267299662397
-0.1506992281326908
====================
300
0
-3.4766716470591135
-0.05223228643686404
-1.5336452690881117
-0.023040944650413703
5.464796204776171
0.16345268836084112
-1.8311636284337318
-0.05477031652790518
0.022637996153991223
-0.49363621988560896
-0.05612199025706723
1.2237764744946862
====================
350
0
-3.2949849405945457
-0.04344655460959356
-0.6257210497074226
-0.008250545676721793
5.171711568887922
0.12746872879943266
-2.9367373107281196
-0.07238264679498997
-0.1074465543170291
-0.08209541745772429
-0.26537084659709387
-0.20275876291218897
====================
400
0
-2.528523089095941
-0.02974098636684362
-0.7789840737527811
-0.009162564034862448
4.356311985787201
0.09169602565331403
-3.2540736387642752
-0.0684950069764075
-0.014349653320405205
1.6174045915741473
-0.02301812144846163
2.594460959360788
====================
450
0
-1.6182298456160993
-0.01729473957392151
-0.46074767482183177
-0.004924214608277509
4.048392775716437
0.07406240676245375
-5.650582278232967
-0.10337330054669466
-0.2190083785616328
-0.1541918683603568
-0.23948559733701336
-0.16860876255653548
====================
500
0
0.2683829778700897
0.002640894909568026
0.3930192456288637
0.0038673187598579233
2.6098266082285093
0.04194455230934068
-7.199853938462681
-0.11571444983712828
-0.12170509745922194
-1.2357927661929768
-0.12910235616666263
-1.3109044828848444
====================
0
0
0.0
0.0
-1.3360620521041255e-07
-2.6720954094382218e-08
0.0
-0.0
-2.7266582111751857e-10
0.00029251757758846437
0.0
0.0
-1.2466099100737141e-08
-0.01802076199536074
====================
0
0
0.0
0.0
-1.6001880709382021e-07
-3.2003417573016475e-08
0.0
-0.0
-3.6146119569128286e-10
0.0003877993123437405
0.0
0.0
-1.2739966752691611e-08
-0.01842948424366166
====================
50
0
1.3744406826106523
0.10658934022596442
0.8191231426174195
0.06352387297614805
0.15853574204511833
0.02341419368620132
0.062013896559048654
0.00915885191906054
-0.06753270177280091
-0.05284605801172641
-0.016188066530004264
-0.012667574086112434
====================
100
0
2.5954494462457482
0.1203675361826716
0.5333662013695211
0.024735590837580583
-0.5017980941692759
-0.03678556570298982
0.11693248495191
0.008572028586783185
-0.027550233700577034
-2.062878738796283
0.057524869799638584
4.307289446303803
====================
150
0
2.19225667256827
0.0698980600379782
-1.421730238981926
-0.04533054310914547
-0.9759808491846584
-0.04637310742610786
0.03401126088612827
0.0016160233636627376
-0.1572702545766247
-0.11499295139254677
0.025421275474441174
0.01858754220776498
====================
200
0
3.126173706741625
0.07753658458530749
-1.6707911634012476
-0.041439616770518786
-2.948026209230168
-0.10086231333752335
-1.3196683449316033
-0.0451504812580552
-0.04465583153763858
-1.4660081483455116
0.034435181455768946
1.130474002289356
====================
250
0
2.9796221125128994
0.059756204121651786
-1.7351638186834535
-0.03479864204870857
-2.9624473294709404
-0.08189537393773091
-2.9448603485361247
-0.08140919065076943
-0.0660473694475705
-0.05174389012087791
-0.08340036227360348
-0.06533885024675257
====================
300
0
4.463109764456917
0.07659562309082175
0.35700262455494425
0.006126857710426948
-5.067605547879296
-0.11390788216124367
-5.201412109320472
-0.11691553970069464
-0.2638852183121566
-1.0568504324977297
-0.3172047345527229
-1.2703931013892986
====================
350
0
5.985934766711509
0.09049938381759087
1.1011834692810964
0.01664843158569943
-7.260472807884071
-0.13542521828136578
-7.6920380356320095
-0.14347494406602093
-0.26082224888278627
-0.1772849866672622
-0.23251140475708887
-0.15804166043699577
====================
400
0
7.732988078170237
0.10409848961725318
1.5138515732903528
0.020378883387793444
-9.879074443967596
-0.15821473566249594
-10.154897902429916
-0.1626320862774393
-0.17663043651349553
-1.0873885472077203
-0.13853537449143402
-0.8528642207913473
====================
450
0
7.555029191696548
0.09008990629388776
0.2680751849045322
0.00319666114782313
-11.738255884880829
-0.16479134125033157
-11.795470021164583
-0.16559456059987934
-0.15356681096542024
-0.11258994618469276
-0.17106228244740618
-0.12541702893941756
====================
500
0
8.91631710583195
0.09650875147853444
0.14904161502973068
0.001613201954813335
-14.256253281998184
-0.17829469669755502
-12.89877833010641
-0.1613175442834848
-0.19445774122277557
-1.0787461498755393
-0.11280794858426499
-0.6257973554841475
