====================
0
4
0.0
-0.0
5.150119517516316e-06
-1.2731949327075806e-06
0.0
-0.0
6.972746660061091e-07
-2.3725452627440484e-07
0.0
0.0
-5.435159677333596e-07
-0.7755803913565011
====================
50
4
-1.2780248035276953
-0.19433471366439276
-0.9760840340525956
-0.14842201086114207
-0.5720230219239126
-0.12819786963388566
-0.945656338305144
-0.2119340014825942
-0.04601217596824614
-0.03694001111323766
-0.11189005688623666
-0.0898288302576863
====================
100
4
-0.7082331582876868
-0.04436967728400376
-1.4809977443538056
-0.0927821455496209
-2.4285914228429863
-0.19551773241306344
-0.8724900695008095
-0.07024124286085945
-0.0998008731031925
-1.334155560054339
0.04276158651805197
0.5716443818163223
====================
150
4
0.0689645165867212
0.0027969610805201523
-1.9283174689704765
-0.07820585394541907
-2.4461511485319356
-0.12695472216042317
0.7832082502281565
0.04064834090940831
-0.06846259180189329
-0.0539907815656324
0.046817501029539965
0.03692108938628817
====================
200
4
0.8554113573388022
0.02528859171548855
-2.184809959913668
-0.06458970479895852
-3.5779206905599423
-0.13500361351927406
1.586581204949141
0.0598655516247278
-0.10842187146775827
-1.2996247064679483
0.03268548448395722
0.3917923810313277
====================
250
4
1.643423421560989
0.03865968006315995
-2.2899953346491486
-0.053869554140572734
-4.505492279391106
-0.13151271987492671
1.6445262576902877
0.04800277253694749
-0.18761856413687994
-0.13525000389445838
-0.028361764821260405
-0.020445358486650727
====================
300
4
2.7291589078421694
0.05311739792812779
-5.393340259334252
-0.10497014296003643
-6.826177923350372
-0.1599295493989669
3.289097514839277
0.07705979676828119
-0.018336183603675362
2.753112769126838
0.3890575679594344
-58.41561043596078
====================
350
4
2.2683497107773505
0.03699646361595205
-8.975292002349605
-0.14638574573833216
-5.659585738629779
-0.11706705569839884
6.910807688097833
0.14294825556248975
0.1067810362127748
0.09771337066932592
0.45551810067599674
0.41683627165078957
====================
400
4
0.6762165401957958
0.009281011237263286
-14.554207475645711
-0.19975518950160248
-6.364167428456092
-0.11539294352204821
10.33902464464505
0.18746371780825657
0.1195752172943899
-0.8271005232807429
0.578385055880175
-4.000683362326607
====================
450
4
-0.2912414801363923
-0.003496307834800431
-17.77668379476691
-0.21340627303262721
-4.159861013575053
-0.06958984820985853
14.116520513787194
0.236153687971787
0.16096622651083226
0.15498184652557312
0.48077724571756053
0.4629029761331483
====================
500
4
-2.019445900561152
-0.02126103834152523
-22.477053458624283
-0.23664189035989086
-2.5943533042578224
-0.04033881736044987
18.90950825291803
0.2940182428270284
0.10242018828898596
-0.803821790198941
0.46304068708417234
-3.634070589450116
====================
0
4
0.0
-0.0
1.467184596037896e-08
-3.62712353670141e-09
0.0
-0.0
-4.053926083713577e-10
1.3793880079500305e-10
0.0
0.0
-2.2357667112118208e-08
-0.03195747430499172
====================
50
4
-0.1786717197245382
-0.032621847254208095
0.36923294550859076
0.06741447817356154
0.1935647396863347
0.05236511477130739
0.6729131635126722
0.1820433571505084
-0.03238672582151425
-0.02628864412705445
-0.05650229623834546
-0.04586350489262957
====================
100
4
0.15257082969328373
0.01010316240988657
1.007825957149409
0.06673772009006837
-0.5884152541235661
-0.05560971246058511
-0.8327744298279693
-0.07870351127494055
-0.015824907258321634
1.725455879005914
-0.06791786907143885
7.405369558626849
====================
150
4
-0.12301463401468382
-0.004950501363294755
-0.6803238687942788
-0.0273784031219084
-0.42735126414837765
-0.024775275655269217
0.14847871462917794
0.008607909681064419
-0.04451348770832264
-0.035779867358080815
0.13306660831923733
0.10695871836979932
====================
200
4
0.22303251026411886
0.00647252304537444
-2.0302317233764455
-0.05891841329070298
-1.2340187856575895
-0.051080096988909036
0.5858879907189909
0.02425183128360185
-0.017920969875228378
2.5328657918161683
0.16050772189398507
-22.685408264067906
====================
250
4
0.3250183288806028
0.007415698765300771
-2.815476907769508
-0.06423861909753736
-1.1157036156873943
-0.036142943255185196
0.06588777016413516
0.0021344180522224394
-0.07197347194936943
-0.0566028035287149
-0.11334404947500598
-0.08913827261377395
====================
300
4
1.1207862843251704
0.021151649123605912
-3.8157980641290266
-0.07201232108901824
-2.508188175107236
-0.06537798342058497
-0.43239210830921593
-0.011270655195965543
-0.07936726489551633
-1.4597373327227925
-0.03911929996500112
-0.7194893595497898
====================
350
4
1.3250985164065057
0.02128471949123465
-3.260022132302929
-0.052364904014425645
-3.1546066040291407
-0.06881800892608157
-1.7482587630993933
-0.038138412254133155
-0.12345268288566857
-0.09331040454491246
-0.16282177462166092
-0.12306711610907785
====================
400
4
2.1152872947370156
0.029617098910569423
-4.523533758146385
-0.06333605230535728
-4.3805828774465
-0.08239048541242992
-1.5001194441111352
-0.02821441178827473
-0.05252037929026886
-1.9081641306704455
-0.09177804513184212
-3.334468944630844
====================
450
4
2.13943918860501
0.02645560143991636
-3.091611863510991
-0.03822985561056967
-4.711334350014219
-0.07809491576539387
-4.731733806298017
-0.07843305644949501
-0.09882258866346527
-0.07611091938048037
-0.25321538989307824
-0.19502075777108246
====================
500
4
2.9652476246482706
0.03294766621610054
-3.175694268846314
-0.03528599564656693
-6.126364215362251
-0.09029798888473271
-6.392495314934038
-0.09422056061345159
-0.08602313160071262
-1.409596231367661
-0.1229043334398178
-2.013940692599552
====================
0
4
0.0
-0.0
-1.8296865356148828e-08
4.523288474500489e-09
0.0
-0.0
-1.5891865601247446e-10
5.4073627347410875e-11
0.0
0.0
-1.0662942109107263e-08
-0.015215686943810718
====================
50
4
-0.6001825088876949
-0.10175054574046155
-1.0780050660669884
-0.18275708165267932
-0.024499750334964876
-0.00625870340323547
-0.5558160877047551
-0.14198871384930636
0.045627981573548526
0.039540634796349096
0.09103095170138409
0.0788862775046613
====================
100
4
2.488719712889436
0.1949621092742412
-0.9431504371928927
-0.07388481621522724
2.8889992972344762
0.4066867879215707
-0.11144453964396472
-0.01568813876230018
0.31270842399967774
-0.9259816559937172
0.3017904801470463
-0.8936518082736042
====================
150
4
6.218758012228722
0.3360191806802811
-0.7013113894998568
-0.037894074353447306
9.159071737325268
1.1952832120290342
0.26776666483471967
0.03494426164538504
0.4096560264678255
0.5186020688825985
0.43799335765000325
0.5544755764796921
====================
200
4
7.677891341522045
0.28432950505139787
-1.8985657563644445
-0.07030814032171796
12.973908349234286
1.3038346724966017
1.4939754096232196
0.15013956369123194
0.41515869837658376
-0.9432101297214325
0.3205261058986207
-0.7282118166039505
====================
250
4
10.601814380545022
0.31598517131452314
-5.024201539483091
-0.1497454234895443
19.639974025583484
1.9419526363963213
3.415562281526535
0.3377224516053927
0.6844822882463265
1.3288405967346193
0.7553890168234255
1.4664975399935856
====================
0
4
0.0
-0.0
-3.100063823424648e-07
7.663871776739815e-08
0.0
-0.0
-5.186588936112457e-10
1.7647876239061704e-10
0.0
0.0
-2.5324510466513844e-08
-0.03594064335523338
====================
0
4
0.0
-0.0
-8.675643901057128e-07
2.144763012825822e-07
0.0
-0.0
2.095439377569619e-09
-7.129937470833881e-10
0.0
0.0
-6.510027586569167e-08
-0.09289607008951607
====================
50
4
1.183351417101636
0.28826777684731886
0.8271486761460451
0.20149577424669965
0.16302441657719058
0.043582021295957056
0.00218261524567831
0.0005834879591364332
-0.1926053008557782
-0.13820239339501983
-0.16502529491482654
-0.1184125806850233
====================
100
4
6.785042304153574
0.8029730532690847
1.818113777623802
0.2151639305646591
-0.2725416179127773
-0.02647710856647297
-1.75792776745544
-0.17078068556058504
-0.22086137618663354
-1.1192674978803856
-0.2040314405959351
-1.0339778006805855
====================
150
4
9.886452956544353
0.6675280849160469
0.6817506891974041
0.04603144666246474
3.338269550526464
0.2468127634632055
-2.3647001711591074
-0.17483255176732249
0.1764114879067038
0.17217094360089893
0.18617101877150377
0.18169587680129998
====================
200
4
16.618813090884615
0.9220006082488288
0.054201468084542626
0.003007061110118526
7.2624140289179255
0.4620252942862335
-2.1257232782947444
-0.13523573832536803
0.23052956267392083
-0.907367268183232
0.22934075585175417
-0.9026881095273301
====================
250
4
21.499194635744377
0.9510223886504764
-0.45898155889345915
-0.02030316697350387
12.883536509382598
0.7605226402873217
-1.6877239956881862
-0.09962732735241481
-0.6511574751783349
-0.3515591690297158
-0.6425647341517899
-0.3469199580705659
====================
0
4
0.0
-0.0
-5.213027431949513e-08
1.2887468402307038e-08
0.0
-0.0
-1.2869616483612845e-10
4.379012907182919e-11
0.0
0.0
-1.552082538472739e-08
-0.021634237421451007
====================
50
4
-1.7008499503449466
-0.2459299007569456
-1.6211657962170065
-0.23440818121160237
-2.784903968535539
-0.41030676318666415
-3.223849552995991
-0.4749776976281684
-0.3348197922151155
-0.2165031655301353
-0.3811555071119139
-0.24646504109874998
====================
100
4
-4.000107708839289
-0.20947110529726054
-3.778033258281127
-0.19784187328585595
-6.699499499830029
-0.39584363526398414
-7.4197915439765865
-0.4384024892819497
0.02969888780658249
-0.6970661839269421
-0.01200248373244997
0.2817117458240216
====================
150
4
-4.79573539264242
-0.16378515126361942
-5.132383906173391
-0.17528245526332195
-10.14001269383552
-0.371318284080525
-10.662072655518234
-0.3904356575012722
-0.46830960886177
-0.2787592128175894
-0.48291270186613766
-0.28745163901079435
====================
200
4
-6.603635600967166
-0.16118410025290544
-7.871207666796053
-0.19212349111003
-14.926840951580743
-0.38955557592196144
-14.012174151861892
-0.3656849154723074
0.015434478887783364
-0.5445962501615977
0.0763424994701192
-2.6936989088953704
====================
250
4
-5.535645878334755
-0.11230694284519747
-7.33595811294569
-0.1488315991689113
-17.48911836571833
-0.3657058433759872
-17.414069567165154
-0.36413653704531235
-0.5008508808130134
-0.29246421456650135
-0.503772308259278
-0.2941701374593549
====================
0
4
0.0
-0.0
8.805710471904149e-08
-2.1769175683810642e-08
0.0
-0.0
-2.3243940105999172e-10
7.908978007655183e-11
0.0
0.0
-2.0985289335255523e-08
-0.02951067314017112
====================
50
4
-0.3578392591714117
-0.06326469114043028
-0.13395530427149804
-0.023682814934789406
-0.43615798254764027
-0.10081854725778791
-0.863258079246163
-0.19954335112653868
-0.19015875234793378
-0.13683059921612356
-0.2555799481119161
-0.1839050636164906
====================
100
4
1.7868331012797736
0.1326820385063079
-1.5788278418355652
-0.11723652105796631
-3.8058831820181
-0.2758160268063207
-0.5543572866772468
-0.040174807509823246
-0.1921480259162165
-1.1495422180939492
0.11747300330548593
0.7027924234039675
====================
150
4
2.5981142513287345
0.11741406773816308
-1.3660039438050866
-0.06173249675471441
-4.954205164834153
-0.22750801380375277
-0.09423615292138621
-0.004327531716254427
-0.1949095726603991
-0.13977129058526647
-0.0006856861501804978
-0.0004917112938016473
====================
200
4
4.675032267835533
0.1558014060514824
-0.3623796122661034
-0.012076762229833695
-5.076726649002797
-0.18130378783829262
-0.43549005510374883
-0.01555254044881961
0.0517258012465463
-0.6741973392621033
0.13886607872718376
-1.809989184031832
====================
250
4
4.756094176314988
0.12072121024834806
-0.9618269914379098
-0.024413502792721406
-3.8818029962999745
-0.11540860193075624
0.23911459707631622
0.007109037057294604
0.013269989443461583
0.011185939675016961
-0.019934523369985913
-0.016803809589822135
====================
0
4
0.0
-0.0
-9.91799540273064e-08
2.4518929019852063e-08
0.0
-0.0
-5.166556071856121e-10
1.7579712458499593e-10
0.0
0.0
-2.3439060254227603e-08
-0.033446810405247794
====================
50
4
0.565027187310819
0.12017724623759758
0.3514978969075626
0.07476109160287304
-0.5369733011078908
-0.12012280354306684
-0.3771370584257756
-0.08436687761685782
-0.2119869921192168
-0.1496871576712749
-0.17791662470450054
-0.12562956617407195
====================
100
4
1.6074992709000977
0.11831819792504178
0.1319534066490391
0.009712283897984307
-3.382375298354015
-0.2512086838170359
-1.5019292028131552
-0.11154813553914886
-0.12412140330412195
-1.196250856327718
0.019639760778442886
0.1892830730548437
====================
150
4
3.7778668957982653
0.18113904502291683
-0.058731071551211045
-0.0028160045092618462
-5.18318888077135
-0.2341304245285778
-1.6844739166191864
-0.07608956614883665
-0.3638029086775778
-0.2320147670230168
-0.23594679662489026
-0.15047472063305417
====================
200
4
5.43698987840234
0.18668325493820473
-1.6919627175278862
-0.05809484924680637
-9.251940068725869
-0.28594563278234275
-2.044524088235267
-0.06318920462156508
-0.2815673335496439
-1.0779570051990768
0.07556822633456067
0.28930663909365295
====================
250
4
7.1075866600295114
0.19264965090498773
-0.982262583594526
-0.02662402203137275
-11.067350058114823
-0.26964714575842097
-3.279818451308252
-0.07991015729665277
-0.3310671933713467
-0.2156395531613023
-0.18219166979986778
-0.11866995900523228
====================
300
4
8.972572110541712
0.19958583507514588
-0.19764271620189078
-0.004396363280639365
-14.514542451398619
-0.286623127018009
-5.747660760184367
-0.11350082206442585
-0.3063663762094441
-1.0711974442122247
-0.18558661638514612
-0.6488959774614942
====================
350
4
11.01516673772226
0.21039916513917917
1.1943537344936246
0.022813184275981457
-17.07537899539153
-0.28424157012035073
-8.24593077643192
-0.13726408717658967
-0.3889827349746251
-0.24415246677203034
-0.3634529176347465
-0.22812818775055316
====================
400
4
14.809080284264688
0.2532036158754834
4.064309387654156
0.0694910023605022
-21.910078655051585
-0.3083452224761532
-13.710696712981054
-0.19295356693265384
-0.4792111662026376
-1.0443778970849755
-0.5436037394797326
-1.18471306665109
====================
0
4
0.0
-0.0
-2.8181414535310978e-08
6.9669126632640826e-09
0.0
-0.0
-1.7409096386700185e-10
5.923615352054396e-11
0.0
0.0
-1.154690379711794e-08
-0.016333085457540805
====================
50
4
-0.07399145055729939
-0.013772573223380685
-0.18687934119451555
-0.034785227092492745
0.025292665149139637
0.006544506950637129
-0.10227543454605126
-0.026463889365523574
-0.1674983031153474
-0.1225228600250018
-0.16532168276452852
-0.12093069016052682
====================
100
4
0.6547551061601258
0.04484897458854256
-1.0229439500895303
-0.070068926215978
-2.6140850223029553
-0.20735466895677454
-0.7541658154486175
-0.05982200336509966
-0.09366095022936906
-1.3640350769787308
0.09876775443189886
1.438408228718641
====================
150
4
0.5083666473877102
0.02099166924733182
-0.08164945880045238
-0.003371500554117937
-3.840917212665154
-0.18588679354624488
-4.087002370281855
-0.19779644386045975
-0.1525921469628888
-0.1128496727075324
-0.1461612347467851
-0.1080936852386971
====================
200
4
1.8823880541556974
0.057391627510179
-1.8482334161313752
-0.05635029585759576
-4.079633375741206
-0.1510744783888742
-0.24959957942074595
-0.00924301837790034
-0.032378686612966466
-4.38595550312707
0.14027746396676793
19.00171932246844
====================
250
4
2.693914719379059
0.06497698939381213
-0.36653524444191987
-0.008840798307101043
-3.906993497152797
-0.11607061729637255
-2.5872419025772295
-0.07686287805342512
-0.08838159059605033
-0.0686213113046505
-0.05431632661293473
-0.04217232946696745
====================
300
4
2.6389332838678854
0.051271309590672685
-0.35739341941308567
-0.006943725619898927
-5.637788374297671
-0.13586990960015843
-4.078551342274565
-0.09829251567880708
-0.09251503460114667
-1.370213416563348
-0.07141554724411103
-1.0577150125595016
====================
350
4
3.767407570286224
0.062985854444202
-2.8761309579880248
-0.04808493971055378
-7.4797558912775415
-0.14910310329350362
-1.9308502924362188
-0.0384899955001388
-0.15858714396449347
-0.11676558605359548
-0.02148200331358363
-0.015816910777316704
====================
400
4
4.698292810211768
0.06825129911982514
-4.11231148521874
-0.05973884825601276
-9.182903248293321
-0.1584054644246048
-1.986149714127059
-0.03426116549159609
-0.05687070459387895
-1.784213987730699
0.09069651908599027
2.845436840413706
====================
0
4
0.0
-0.0
-1.9727238154132465e-07
4.876900416081452e-08
0.0
-0.0
-1.9193180378351826e-10
6.530667383190595e-11
0.0
0.0
-1.2280926184038262e-08
-0.017455369293868685
====================
50
4
-0.22036444556948442
-0.03993013821235223
-0.20533181272883194
-0.037206218273854126
-0.004717777399823486
-0.001211324269627323
-0.04236940495569286
-0.010878658351794886
-0.07650310087683465
-0.05995151966152688
-0.08826171927401139
-0.06916614016646111
====================
100
4
0.41571245170150917
0.02801645578940231
-0.021905576128858684
-0.0014763007522233618
-0.49839738889749263
-0.04750649520273348
-0.6118666668510659
-0.058322217413244004
0.008663675075490616
-0.25738775497113575
0.02023663387314737
-0.6012069607177968
====================
150
4
0.11167485373221808
0.004537002844859629
-0.4846519178079909
-0.01968990382681969
-0.6628325885511686
-0.037909543476813155
-1.9508501816841939
-0.11157544311597563
-0.04077002310933131
-0.03286978146821403
-0.10469168786694016
-0.08440497795394157
====================
200
4
0.06442276728970597
0.0018610171043488247
-2.0873395005327566
-0.060298162846772085
-1.7218528831407838
-0.06986241861141135
-1.1746050956321703
-0.04765839967957473
0.0012611294599181345
-0.048029364776571964
0.12424157395433794
-4.73166638756952
====================
250
4
0.04966579549303418
0.0011261122904465517
-4.795466929815227
-0.10873145581353513
-1.463316625674917
-0.046875918427900475
1.557842783682851
0.04990397154664302
-0.1422928941873316
-0.10604054273323785
0.0841289658092006
0.06269519813300621
====================
300
4
2.042217159770736
0.03922309823907304
-6.794620557752111
-0.13049839893807125
-3.139223656449019
-0.08050230182810707
3.303891063377563
0.08472503545416804
-0.02508973864021092
-268.6235440719748
0.4609428696056028
4935.089560866078
====================
350
4
1.4121480230892232
0.022714734531915647
-11.03279547746692
-0.1774651214448123
-3.660054985735897
-0.0789736127949288
7.271687026327186
0.15690239568015846
-0.08687431374300747
-0.06753005964379122
0.4359554253384166
0.33888147838758936
====================
400
4
2.8259483609287486
0.03996505141550099
-15.87360044118794
-0.22448720810054118
-2.4266886196809807
-0.04738269603955392
13.667014173462036
0.26685746704270596
0.2623545340163264
-0.9130110954919154
0.9383867326234162
-3.26564776919109
====================
0
4
0.0
-0.0
7.396254009250924e-08
-1.8284765988425956e-08
0.0
-0.0
-2.215618799539243e-10
7.538859710716433e-11
0.0
0.0
-9.85050490797763e-09
-0.014080058349078151
====================
50
4
0.25630837427611564
0.05083388742089367
0.776607849565238
0.1540253848766284
1.648856860040425
0.7357183234314131
0.3591938854822172
0.16027196151357423
0.0023794681642836935
0.0019875273876014217
-0.17325296523780453
-0.14471511683240104
====================
100
4
-0.770793023187899
-0.04810043447519997
-0.2009883517735247
-0.012542442333970314
1.4043964018297181
0.16352345967410636
-2.216348827599645
-0.25806462310894407
0.11642089430457837
-0.8232440170912557
-0.1236433106286573
0.8743157002565204
====================
150
4
-1.2894659657465475
-0.04956553309411772
1.4571559856013074
0.056011337364610635
3.451746177328827
0.2581708993611915
-4.597626415943537
-0.3438761964964258
0.03247543079081927
0.02782564749068351
-0.3979750433822954
-0.34099357568416916
====================
200
4
-1.214345121001145
-0.03382978871969319
2.1504425960428364
0.05990802566734989
2.225403410307866
0.10751217415410334
-9.892925816206402
-0.47794029537254373
-0.089976754718356
-1.384675042354668
-0.419396222262989
-6.454194571066463
====================
250
4
-1.1852282805315681
-0.02614166845095881
5.5597007267637935
0.12262604214981246
1.2177473301836343
0.04267445299210319
-19.548147605309914
-0.6850407185369854
-0.17699985018287023
-0.12857946033987955
-0.9042383983908643
-0.6568733542066378
====================
300
4
-1.2877550262815305
-0.0232460732717834
6.032031718446625
0.10888798602450687
-0.5898203038643715
-0.016183381428761728
-33.71367644583752
-0.9250296771986152
-0.08846108642809285
-1.3938618716051205
-1.2462669970412743
-19.637154811880993
====================
350
4
-1.116936585703975
-0.017263878279944238
6.130554390058805
0.09475662820360271
-1.464602216812068
-0.03317344572530814
-49.76414886406868
-1.1271649547285696
-0.22809759958819065
-0.15976832193194412
-1.7485080836882778
-1.224722236970786
====================
400
4
0.5858028861602804
0.008030127257107996
3.4834769648401505
0.04775115313654694
-3.1850064096865367
-0.06128197058919298
-67.26590720907636
-1.2942477398805927
-0.03355429028224629
-3.920833831743379
-1.7143989049342094
-200.3282790673841
====================
0
4
0.0
-0.0
-2.0236766129499983e-07
5.002864086220121e-08
0.0
-0.0
-3.724576203012475e-10
1.2673234890813036e-10
0.0
0.0
-1.2328664858496985e-08
-0.017864441275901453
====================
50
4
0.5850151446187715
0.12411821966112575
0.41334982612391524
0.08769729294643981
0.30396207227718763
0.08476243577087432
0.01922527866389867
0.005361134156368796
-0.059675979978576654
-0.04738988602243698
-0.07196584318242194
-0.05714951153123724
====================
100
4
0.6959085937436136
0.047802627525298604
0.13642027378435628
0.009370839206815999
-0.5578122438594839
-0.05287041048804828
-1.7461589132624322
-0.16550396578387952
-0.0014447729738766985
0.061345018964280275
0.012212679061983919
-0.5185500021168102
====================
150
4
0.6853709180412224
0.028508965984341248
-0.4318947234971162
-0.017965267648335177
0.04656445886602256
0.0027757939141623417
-2.7088037187984995
-0.16147682289051066
-0.08583384772778668
-0.06677528204399989
-0.24689062227208103
-0.19207097634165404
====================
200
4
1.0177478336864496
0.030232849480199525
0.8449920209050674
0.02510102771475213
-1.5194646549092283
-0.06216117486228189
-6.034735513984547
-0.2468805367208925
-0.11351132275449065
-1.2823971001683574
-0.27132894243792227
-3.065345734070157
====================
0
4
0.0
-0.0
-9.68403490730907e-09
2.3940540190278425e-09
0.0
-0.0
-2.3587887199028046e-10
8.026009369858114e-11
0.0
0.0
-1.1409682635492589e-08
-0.016569744029215076
====================
50
4
0.6042570453614049
0.1312302808364309
-0.5584487143346912
-0.12128179915726671
-0.9110100086055422
-0.1850925240085798
-0.39083543690099987
-0.0794071599704289
-0.16125142702742679
-0.1173734214566161
-0.010121605935848876
-0.007367423291851629
====================
100
4
1.4515501053392406
0.10647672258942317
-2.4296990191969847
-0.1782276667482786
-2.797648179184364
-0.21454017087098978
0.21853976660366925
0.016758918872682056
-0.057977417929072274
-1.2608571741471728
0.2178833764463705
4.73839346650275
====================
150
4
1.6657523981206275
0.07305670369583178
-3.862681388549408
-0.1694097934321105
-2.9606800602999215
-0.14689691134707883
0.41590275592907844
0.02063540437413241
-0.1303053906530729
-0.09703380682373841
-0.012058430045900792
-0.00897948554397667
====================
200
4
2.2354490743819397
0.0696262444481739
-3.7674072168138757
-0.11734126212927547
-4.186818177665916
-0.1516270635646543
-1.009934832229174
-0.036575138089216204
0.030852099941002194
-0.7200531494530434
0.0677978583281297
-1.582325401145944
====================
0
4
0.0
-0.0
-4.3130346405462205e-08
1.0662536206122796e-08
0.0
-0.0
-2.771294305148331e-10
9.429599977617801e-11
0.0
0.0
-1.1590556438940591e-08
-0.01672542782550154
====================
50
4
-0.2562376928136274
-0.046130528494970575
-0.47904510868831274
-0.08624259684072219
0.12592240000448252
0.03345363915338332
-0.13427166849749073
-0.03567177838317775
-0.0014992055056148867
-0.001248215717956772
-0.013713479275326623
-0.011417634417181906
====================
100
4
0.1249565145610525
0.008259453311662966
-0.5781309385525208
-0.03821365786150668
1.0240103524907127
0.11417557335613213
0.8645891159080605
0.09640035160403272
0.05855977860215321
-0.7008436053104998
0.06778281940713293
-0.8112249852266146
====================
150
4
-0.8646136181035189
-0.03378647657569087
-0.9780561292767409
-0.03821946567763064
0.7999670662786755
0.04992996278755688
0.17005343738869527
0.010613889194478235
-0.06081748301329526
-0.04825263516805939
-0.08498026314399909
-0.06742340246268758
====================
200
4
0.7258862258112728
0.02137757220724604
-1.06619840673806
-0.031399870416083046
0.04661160617531479
0.0020374098242588496
0.2810177445325337
0.012283385201277738
-0.11430375709288168
-1.279891121631147
-0.04277511044134051
-0.47896486933650334
====================
250
4
1.6070877261609127
0.037772637575213784
-0.2459534397816867
-0.0057808357254049555
-0.24604647631342402
-0.008201675256781267
-1.1265243639280875
-0.03755138923436865
-0.14409674027714559
-0.10724065805458766
-0.13044033734951976
-0.09707719680070757
====================
300
4
2.2732205862199777
0.043854348847921096
-0.8863352134501241
-0.017098936144807977
-1.3236726307740057
-0.03560183373862609
-1.4589673431004329
-0.039240754527631275
-0.022622980328036377
9.532007615255399
0.12472382203964212
-52.55136167944584
====================
350
4
2.5202221832005023
0.041274022019944304
-0.6530373894523791
-0.010694882289257308
-2.2076756650550067
-0.049176488559649685
-2.6656726549265386
-0.05937847795930645
-0.02873788226034435
-0.023396134559520634
-0.03409551070044681
-0.02775789631945102
====================
400
4
2.101768894030357
0.02942225257535948
-1.3262982746326202
-0.018566590711919073
-2.9335570087169387
-0.0567182991969956
-3.3151690527156816
-0.06409650457169341
0.06041292181010849
-0.7073344654648569
0.08490403132093413
-0.9940844741622101
====================
450
4
0.21589361042614996
0.0026076441331957466
-0.5577169977464678
-0.00673631542075952
-0.9526808803244009
-0.01684084607138589
-5.2408254026936945
-0.09264375481506437
0.18861622068095985
0.18657076533197992
-0.07905874675128943
-0.07820139134546988
====================
500
4
-1.318247472389487
-0.013981932170210126
-1.0211117767476594
-0.010830375858646235
-1.1815537041750659
-0.01878425988675005
-8.87803191382946
-0.14114234347787571
0.08143982682356833
-0.7651517468030588
-0.22706741672747494
2.133366895873674
====================
0
4
0.0
-0.0
-1.4628287381412974e-07
3.6163552169492724e-08
0.0
-0.0
-3.2273250738512615e-10
1.0981289279666115e-10
0.0
0.0
-1.1930884938066178e-08
-0.01730925115512575
====================
0
4
0.0
-0.0
4.484042559482759e-08
-1.1085296121731335e-08
0.0
-0.0
-2.7721958062443264e-10
9.432667423525793e-11
0.0
0.0
-1.081403865704564e-08
-0.015570408582200618
====================
50
4
-1.850127140849854
-0.259119310793558
-0.9570283100836594
-0.1340364727609422
0.23997142813688743
0.06553751239727615
-0.6232812994044692
-0.1702215393051276
0.15599183311827503
0.14929953150764963
-0.010253323595498465
-0.0098134394513049
====================
100
4
-2.7777577512816247
-0.15418613044552926
-1.1246458422263608
-0.062426174656349656
1.8215680291662117
0.22227699313909352
-1.1643221402240584
-0.1420765078385458
0.32850685797523527
-0.9325524551833705
0.09802929135419913
-0.2782817287154959
====================
150
4
-5.404125547921009
-0.17950582345373473
-2.6571936303575328
-0.08826251841555471
4.476119827349811
0.3615254901874699
-0.760253032648718
-0.0614038186858751
0.19195182534750121
0.19026518656815578
-0.0863873032127509
-0.08562823684087388
====================
200
4
-7.601079960490566
-0.17990529831352067
-3.5784407475282833
-0.08469591867571734
7.505578178676691
0.4852706807738673
-2.127089372708955
-0.13752626158686188
0.3733296373852187
-0.9401658249045219
0.0776938368994014
-0.19565842875515352
====================
250
4
-9.660636553901469
-0.17965389811991345
-3.3381835976616685
-0.06207848650694536
11.632376268590097
0.6398198528275
-3.990387690479924
-0.21948475581395413
0.2614684706425692
0.2783510081029709
-0.3073236072896185
-0.3271669264469229
====================
300
4
-10.401363017493765
-0.16135588187628155
-1.93483980037999
-0.030015083768787327
14.096589847074426
0.6456984952077326
-6.250920753084056
-0.28632528630793835
0.2970830526763202
-0.9259465405636336
-0.2821516603023428
0.8794084732119896
====================
350
4
-12.303473483237248
-0.16225512416476126
-1.5824025036793614
-0.020868327555054633
17.013043813372583
0.6605519830412542
-9.121772338945444
-0.3541638329647507
0.1360909922861233
0.12781791309842855
-0.46112675296644934
-0.43309449250033916
====================
400
4
-13.983480754282255
-0.15989182766773968
-1.348207845362566
-0.015415862492247606
17.044815311924015
0.5353427327136838
-11.790486054671696
-0.37031501421519564
0.16847245466259853
-0.8764019179308274
-0.40075094558364177
2.084725945410399
====================
450
4
-15.335284320999136
-0.15605052595938768
-0.4992492196895597
-0.005080316848816909
20.16288578679896
0.5669829056778315
-12.940084803454301
-0.36387682592457193
0.28554632566637805
0.3119803681986629
-0.21859802149001917
-0.23883442055435802
====================
500
4
-16.856590605297313
-0.15360408973063205
-0.8550122120878427
-0.007791218023949319
25.025858493285448
0.6797957903320913
-14.686492444450916
-0.39893999005710434
0.5822423043455706
-0.9607930193840509
0.07877260005774933
-0.12998740161844616
